[1.         1.         1.         1.         1.         0.
 1.         1.         0.         1.         1.         1.
 1.         1.         0.         0.         1.         1.
 0.68533331 1.         1.         0.90835577 1.         1.
 1.         1.         0.         1.         1.         1.
 1.         1.         0.         1.         1.         1.
 1.         1.         1.         1.         1.         1.
 1.         0.99175823 1.         1.         1.         1.
 1.         1.         1.         0.51212937 1.         1.
 1.         1.         1.         1.         1.         1.
 0.99402988 1.         0.99475068 1.         1.         1.
 1.         0.         1.         1.         1.         0.75555557
 1.         1.         1.         1.         1.         1.
 1.         1.         1.         1.         1.         0.
 1.         1.         0.         1.         1.         1.
 0.         1.         1.         1.         1.         0.
 1.         0.         1.         1.         1.         1.
 1.         1.         1.         1.         1.         1.
 1.         1.         1.         1.         1.         1.
 0.01408451 1.         1.         1.         1.         1.
 1.         1.         1.         1.         1.         1.
 0.         1.         1.         1.         1.         1.
 1.         0.99713469 1.         1.         1.         1.
 1.         1.         1.         0.         1.         1.
 1.         1.         1.         1.         1.         1.
 0.99729729 1.         1.         0.0027027  1.         0.0812325
 0.         1.         1.         1.         1.         0.93557423
 0.         1.         1.         0.         1.         1.
 1.         1.         1.         0.99736148 0.21005917 1.
 1.         1.         1.         1.         0.         1.
 1.         1.         1.         1.         1.         1.
 0.         1.         1.         1.         1.         1.
 1.         1.         0.         1.         1.         1.
 1.         1.         1.         1.         1.         1.
 0.         1.         0.         1.         1.         0.96119404
 1.         1.         1.         1.         0.         1.
 1.         1.         1.         1.         1.         0.0368272
 1.         1.         1.         1.         1.         0.99475068
 1.         0.94878703 1.         1.         1.         1.
 1.         1.         1.         1.         1.         1.
 1.         1.         1.         1.         1.         1.
 0.00920245 1.         1.         1.         1.         1.
 1.         1.         1.         0.76630437 1.         1.
 0.72054797 1.         1.         1.         1.         0.
 0.         1.         1.         1.         1.         1.
 1.         0.99707603 1.         0.         1.         1.
 1.         1.         1.         1.         1.         1.
 1.         1.         1.         1.         1.         1.
 1.         1.         1.         1.         1.         0.81586403
 1.         0.         1.         1.         0.         1.
 1.         1.         1.         1.         1.         1.
 0.         1.         1.         0.         1.         1.
 1.         1.         1.         1.         0.         1.
 0.         1.         0.99734044 1.         0.         1.
 1.         1.         1.         1.         1.         1.
 1.         1.         1.         1.         0.         1.
 1.         1.         0.         0.         1.         1.
 1.         1.         1.         1.         1.         1.
 1.         1.         1.         1.         1.         1.
 0.         0.         0.         1.         1.         1.
 1.         1.         0.         1.         0.40273973 1.
 1.         1.         1.         1.         1.         1.
 1.         1.         1.         1.         1.         1.
 1.         1.         1.         1.         1.         1.
 1.         1.         0.         1.         1.         0.
 1.         1.         1.         0.         1.         0.
 1.         0.91351354 1.         1.         1.         1.
 1.         1.         1.         1.         1.         1.
 1.         1.         1.         1.         1.         0.
 1.         1.         1.         1.         1.         1.
 0.         1.         1.         1.         1.         0.96363634
 1.         1.         1.         1.         1.         1.
 0.         1.         1.         1.         1.         1.
 1.         1.         1.         1.         1.         1.
 1.         1.         1.         1.         1.         1.
 1.         1.         1.         1.         0.44414893 1.
 1.         0.85039371 1.         0.00549451 1.         1.
 1.         1.         1.         1.         1.         1.
 1.         1.         1.         1.         1.         1.
 1.         1.         1.         1.         0.         0.
 1.         1.         1.         1.         1.         1.
 1.         1.         1.         0.         1.         1.
 1.         1.         1.         0.         0.03551913 1.
 1.         1.         1.         1.         1.         1.
 1.         0.         0.         1.         1.         0.
 0.99723756 1.         1.         1.         1.         0.
 1.         0.21883656 1.         1.         1.         0.
 1.         1.         1.         1.         0.99722224 0.
 1.         0.         1.         1.         1.         0.01621622
 1.         1.         1.         1.         1.         0.99463809
 1.         1.         1.         0.         1.         1.
 1.         1.         1.         1.         1.         1.
 1.         1.         1.         1.         1.         1.
 1.         1.         1.         1.         1.         1.
 1.         1.         1.         0.         1.         0.97074467
 0.         0.         1.         0.         1.         1.
 1.         0.97214484 0.         1.         1.         0.
 1.         1.         1.         0.42780748 0.         1.
 1.         1.         0.99425286 1.         1.         1.
 1.         0.         0.99733335 1.         1.         1.
 1.         1.