[0.         1.         1.         0.         1.         1.
 0.99230766 1.         1.         1.         1.         0.
 0.99722224 0.         1.         0.04188482 0.74193549 0.96437657
 0.76693767 0.26760563 1.         1.         1.         1.
 0.         1.         0.94246578 1.         1.         1.
 1.         1.         0.96276593 0.23160763 1.         1.
 1.         0.00284091 0.         0.         1.         1.
 0.99710983 1.         1.         1.         0.98050141 1.
 1.         1.         1.         1.         1.         0.36578947
 1.         0.73107052 0.98195875 0.98082191 1.         0.00268817
 0.24512535 0.70189703 0.86376023 0.         1.         1.
 1.         1.         0.         1.         1.         0.54545456
 1.         1.         1.         0.91501415 0.         1.
 1.         1.         0.         1.         0.94750655 1.
 0.         1.         0.97252744 0.01846966 0.01358696 1.
 0.         0.50128537 1.         0.         1.         0.40270269
 1.         0.         1.         1.         1.         1.
 0.94350284 0.91256833 1.         0.98641306 1.         0.00277778
 1.         1.         1.         1.         1.         0.92877495
 0.99736148 0.31151831 1.         1.         1.         1.
 0.63636363 0.24285714 0.98218828 0.         1.         1.
 1.         1.         0.04278075 1.         1.         1.
 0.         0.99744248 1.         0.99150139 0.91511935 0.98337948
 1.         1.         1.         1.         1.         1.
 1.         1.         1.         0.96314496 0.99197859 0.
 1.         1.         1.         1.         0.99489796 1.
 0.61421317 0.98704666 1.         0.99737531 1.         1.
 1.         1.         0.88471848 1.         1.         1.
 1.         0.87468028 0.17857143 0.69656992 0.99470901 0.08401084
 0.04010695 1.         1.         0.15745856 0.14402173 0.31518623
 0.97520661 0.97855228 1.         1.         0.70777482 1.
 0.94354838 1.         1.         1.         0.04724409 1.
 0.01036269 0.94850951 1.         0.88739944 0.0362117  1.
 1.         1.         1.         1.         0.34097421 1.
 0.         0.40547946 0.63483149 1.         1.         1.
 1.         0.99744898 1.         1.         1.         0.99726027
 1.         1.         1.         1.         1.         0.99733335
 1.         1.         1.         1.         1.         1.
 1.         1.         0.20107238 0.99459457 1.         1.
 0.98453611 1.         0.99720669 0.         0.97790056 1.
 0.91578948 1.         1.         1.         1.         1.
 1.         0.99731183 1.         1.         1.         1.
 1.         1.         0.         1.         0.         1.
 1.         1.         0.         1.         1.         0.98044008
 0.         1.         1.         1.         1.         0.60112357
 1.         0.08963586 1.         0.97126436 0.90178573 1.
 0.64971751 0.57103825 1.         0.96927375 1.         1.
 0.         1.         1.         0.88172042 1.         0.9893617
 1.         0.         1.         0.43466666 1.         1.
 1.         1.         1.         1.         0.00255102 0.49046323
 1.         1.         1.         0.99452055 1.         1.
 0.99722224 1.         1.         1.         0.91735536 0.99734044
 1.         0.87164181 0.99717516 0.99421966 1.         1.
 1.         1.         1.         0.08888889 0.42288557 0.14399999
 1.         0.9970414  0.15384616 0.90724635 0.9948718  0.97759104
 1.         1.         0.         1.         1.         0.37830687
 1.         0.         1.         0.         0.56800002 0.95195198
 1.         1.         1.         1.         1.         1.
 1.         1.         0.         0.45801526 0.9975     0.
 1.         1.         0.95156693 0.97422683 1.         0.03055556
 1.         0.         0.         1.         0.25775656 1.
 1.         0.99130434 1.         0.77805483 0.         1.
 1.         1.         0.         0.11977716 0.96226418 0.00529101
 1.         1.         1.         0.         1.         0.6925
 0.98387098 0.98022598 1.         0.99426931 1.         1.
 0.99736148 0.         0.98378378 0.98898071 0.         0.
 1.         1.         0.65168542 0.3604061  0.         0.63966483
 1.         1.         0.86449862 1.         0.         1.
 1.         1.         1.         1.         0.66042781 0.95685279
 1.         1.         1.         1.         1.         1.
 0.71391755 1.         1.         0.97120416 0.         1.
 1.         0.49435028 1.         0.10928962 1.         1.
 0.99724519 1.         1.         0.99728262 0.98666668 0.96022725
 1.         0.9297753  1.         1.         1.         0.00558659
 1.         1.         0.95652175 1.         1.         1.
 0.         1.         1.         1.         0.         1.
 0.         1.         0.99739581 1.         1.         0.02840909
 1.         0.99731904 0.33240998 1.         1.         1.
 0.         1.         1.         0.14127424 1.         1.
 1.         1.         0.         1.         0.01971831 0.93837535
 1.         1.         1.         0.         1.         1.
 0.12195122 1.         1.         0.07377049 1.         0.18731989
 1.         0.04812834 0.97587132 1.         1.         0.99435025
 1.         0.         1.         0.00294985 1.         1.
 0.         0.98677248 1.         1.         0.05291005 1.
 0.         0.93617022 0.99720669 1.         1.         0.9974227
 0.55647385 0.35597825 0.97720796 1.         0.90029323 1.
 1.         1.         1.         0.79946524 1.         0.61627907
 1.         0.97074467 1.         0.01412429 1.         1.
 1.         0.9893617  1.         0.         0.99453551 1.
 1.         0.         0.71893489 1.         0.9020173  0.96470588
 1.         0.97191012 0.         1.         1.         1.
 1.         0.         1.         1.         0.         1.
 1.         1.         0.43455496 1.         1.         0.72295517
 0.59946239 0.68508285 0.73670214 0.99722224 0.         0.99137932
 1.         1.         0.91620111 1.         1.         0.97759104
 1.         0.99431819 0.97337276 0.98