[1.         0.         0.         0.         0.         0.
 0.         1.         0.         1.         0.         0.
 0.         0.         0.         0.         0.         1.
 1.         0.         0.         0.         0.         0.
 1.         0.         0.         1.         1.         0.71184416
 1.         1.         0.         1.         0.         1.
 1.         1.         1.         0.         0.         1.
 1.         1.         0.         0.         0.         0.
 1.         0.         0.         1.         1.         0.
 1.         0.         1.         0.         0.         0.
 0.         0.         0.         0.         0.         1.
 0.         0.         1.         0.         0.         1.
 0.         0.30071001 1.         0.         0.         1.
 1.         0.         0.         0.         1.         1.
 0.         0.         1.         0.         0.         0.
 0.         0.         0.         0.64262212 1.         0.
 1.         1.         0.         0.         1.         0.
 0.         0.         0.         1.         0.         0.
 1.         0.         0.         0.         0.         0.
 0.         0.         0.         0.         0.         0.
 0.         0.         1.         0.         0.         1.
 0.         0.         0.         1.         1.         0.
 0.         0.         0.         1.         0.         0.
 1.         1.         0.         0.         0.         0.
 0.         0.         0.         1.         1.         0.
 1.         0.         0.         0.         1.         1.
 0.         0.         0.         0.         0.         0.
 0.         1.         0.         0.         0.         0.
 0.         0.         0.         0.         0.         0.
 0.         0.         0.         1.         0.         0.0738911
 0.         0.         0.         0.58502752 0.         0.
 0.         1.         0.         1.         0.         0.
 0.         1.         0.         1.         1.         0.
 0.         0.         0.         0.         1.         0.
 0.         1.         0.         0.         1.         0.
 0.         0.         1.         0.21030659 0.         0.
 0.         0.         0.         0.         0.         0.
 0.         0.         0.         1.         0.         0.
 0.         0.         0.         0.         0.         0.
 1.         1.         0.         1.         0.         0.
 0.         0.         0.         1.         0.         0.
 1.         0.         0.         1.         1.         0.
 0.         0.         1.         0.         1.         1.
 0.         0.         0.         0.         0.         1.
 0.         0.         0.         0.         0.         1.
 0.         0.80270555 0.         0.         0.         0.
 1.         0.         1.         0.         1.         0.
 1.         1.         0.         0.         0.         1.
 1.         0.         1.         0.         0.         1.
 0.         0.         0.         0.         1.         0.
 0.         1.         1.         1.         0.36826003 0.
 0.         0.         0.         0.         0.         0.
 0.         0.         0.         1.         0.         0.
 1.         0.         0.         0.         0.         0.
 0.         0.         0.         1.         0.         0.
 0.         0.         1.         0.         0.         1.
 0.         0.         0.         0.         0.         0.
 0.         0.         0.00954895 0.         1.         0.97076842
 1.         0.         1.         1.         1.         0.
 0.         0.         0.         1.         0.         1.
 0.         1.         1.         0.         0.         0.
 0.         0.         1.         0.         1.         1.
 1.         1.         0.         0.         0.         1.
 1.         1.         0.         0.         0.         1.
 0.         1.         0.         1.         0.         0.
 0.         0.         0.         0.         0.         0.
 1.         0.         0.         1.         1.         0.
 1.         0.         0.         0.         0.         0.
 0.         0.         0.         0.         1.         0.
 1.         0.         0.         0.         0.         0.
 0.         0.         1.         1.         1.         1.
 0.         1.         0.         1.         1.         0.
 0.         1.         0.         0.         1.         1.
 0.         0.         0.         0.         0.         1.
 1.         0.         0.         0.         0.         0.
 0.         0.         0.         0.         0.         0.
 0.         0.         1.         0.         0.         0.
 0.         0.63786544 0.         1.         0.         0.
 0.         1.         1.         0.         1.         0.
 0.         0.         1.         0.         1.         0.
 0.         0.         0.         1.         0.         0.
 0.         1.         0.         1.         1.         1.
 1.         0.         0.         1.         0.         1.
 0.         0.         0.         1.         0.         0.
 1.         0.         0.         0.         1.         0.
 1.         1.         0.         0.         1.         0.
 0.         0.         0.         0.         1.         0.
 0.         0.         0.         1.         0.         0.
 0.         0.         1.         0.         1.         0.
 0.         0.         0.         1.         0.         1.
 0.         1.         1.         0.         0.         0.
 0.         0.         1.         0.         0.         0.
 0.         1.         0.         0.         0.         0.
 0.         1.         0.         0.         0.         1.
 1.         0.         0.         0.         1.         0.
 0.         0.         0.         0.         1.         0.
 0.         0.         0.         0.         0.         0.
 0.         1.         1.         1.         0.         1.
 0.         0.         0.         0.         0.         0.
 1.         0.         0.         1.         1.         1.
 1.         0.         0.         0.         0.89242563 0.
 0.         1.    