[ 9.96483052e-01  9.99934275e-01  9.98897448e-01  9.99930140e-01
  9.99097900e-01  1.00026932e+00  1.00145139e+00  9.99336027e-01
  1.00087919e+00  9.99181783e-01  1.00127238e+00  9.99339589e-01
  9.99458706e-01  1.00020710e+00  9.99992439e-01  1.00035597e+00
  9.99399841e-01  1.00051822e+00  1.00032760e+00  9.99718902e-01
  9.99857272e-01  1.00040494e+00  1.00016044e+00  1.00007063e+00
  1.00094883e+00  1.00063408e+00 -1.88086884e-03  6.92525406e-04
 -8.01065328e-04  9.99309873e-01 -1.93536458e-04  9.77040071e-04
 -8.13444929e-04 -3.92208666e-04  8.72393700e-06 -1.75820535e-04
 -4.39889611e-04 -1.08835628e-04 -9.35718471e-04  4.69306185e-04
  6.01622163e-05 -5.12799767e-04  3.93176841e-04  1.00003448e+00
  1.57281414e-03  7.14921304e-04  1.11432855e-04  9.99756240e-01
 -9.20359301e-05 -1.84812980e-03  3.88139507e-05  1.85232382e-04
  1.91802587e-04  9.99862948e-01  9.99504628e-01  1.91579314e-03
  8.44291476e-05  1.11811180e-03 -2.74819340e-04 -4.98061792e-04
  1.58022050e-04 -2.53368591e-04  9.87746501e-04  1.00013917e+00
 -2.64134613e-04  2.14364780e-03 -4.17934251e-05  9.99746744e-01
  6.27234205e-04 -3.32563114e-03 -2.46984759e-05 -5.31323312e-04
  6.84550302e-05  9.99750795e-01 -5.15100262e-04  1.00098044e+00
  7.38105847e-04 -1.76341259e-04  1.11274413e-03  1.48821185e-03
 -6.14794187e-05 -1.70969389e-03 -1.40851308e-04 -1.32378096e-04
 -1.07466828e-03  1.00013893e+00  1.26740569e-05  9.99924990e-01
 -2.65599909e-05  1.00049151e+00  5.78587610e-04  1.21777590e-03
  8.12372841e-05  1.98719127e-04  4.23709804e-04  4.81034144e-04
  1.21217920e-03  1.10356607e-03 -1.30559203e-03  1.64988699e-04
 -1.62038001e-03  2.95092316e-04  4.04792296e-04  1.10558050e-03
  7.45370327e-04 -4.02077971e-04  1.23164949e-03  3.75604325e-04
  6.30770041e-04  7.23523514e-04  7.89624910e-01  3.57536824e-04
 -2.85646884e-03  1.00050948e+00 -1.48354560e-04 -6.04759771e-04
  1.00047502e+00  1.13781769e-03  7.12317569e-04  9.99628344e-01
  6.81898837e-04 -6.88494699e-05  8.15412439e-04  9.74389831e-04
  1.80445308e-03  3.20610881e-01  1.00046522e+00  3.67051562e-04
  5.87097199e-05 -5.20892249e-04  5.57486661e-04  9.98341156e-01
  5.61349683e-01  4.45767594e-04  7.78335075e-05 -5.16732974e-04
  5.55706449e-04  1.00015376e+00 -6.86468835e-04  3.69885799e-04
  4.34117558e-04 -7.73752696e-04 -5.70967234e-04 -2.60445897e-04
  3.44419356e-04  3.50823721e-04  2.01265154e-04  5.81563230e-04
  2.39276378e-04  2.78972243e-04  9.99669120e-01 -5.54625804e-04
  9.23917768e-04  2.44587485e-04 -8.00272438e-04  3.11612374e-04
 -6.02027041e-04 -6.26540424e-04 -8.07995479e-04 -4.29547240e-04
  1.17352345e-03  1.00066493e+00  9.99015179e-01  1.00084864e+00
  9.99680369e-01 -5.13996277e-04  5.23494437e-04  4.08811657e-04
 -6.44689422e-05 -3.66604780e-04  6.94289381e-04  4.91450595e-04
  9.99713062e-01  1.93629514e-04  7.50175155e-04  9.99690897e-01
 -7.31255560e-04 -9.15064739e-04 -1.57152649e-03  9.97688695e-01
  5.20691577e-01  1.26071446e-03  9.95043717e-05 -1.09851500e-03
 -1.96868755e-04  3.13172529e-04 -5.39889344e-04  4.79161614e-04
  8.37083414e-04 -4.21169179e-04 -2.16538667e-05  1.02335927e-03
 -9.71467391e-05  2.71069926e-04  7.85458698e-04  2.44581070e-04
  1.00006323e+00  7.50620579e-04 -2.30098593e-04 -8.70493098e-05
  3.11859275e-04 -1.52765608e-04 -7.17414294e-04  2.68354253e-03
 -2.83543541e-04  1.00024401e+00  1.00080820e+00 -7.55875654e-04
  3.75604325e-04  9.71165981e-04 -6.86569024e-04  1.58782770e-04
 -1.04203092e-04  3.50616497e-04 -2.87178527e-05  4.35001362e-04
  7.10275342e-04  8.29738856e-04 -6.00954101e-04  6.09607534e-04
  1.00000511e+00  2.22535958e-04  2.64078791e-04 -7.65500841e-05
  4.20072572e-04  1.30541449e-03 -1.49549246e-03  9.99710741e-01
  2.50783357e-04  4.57083294e-04 -1.00420696e-03  2.64537999e-04
  1.00031701e+00 -1.58987277e-03 -3.59401552e-04  1.60804249e-04
  9.99800526e-01 -6.95669485e-04  9.99323633e-01 -1.04103056e-03
  9.99233512e-01 -2.15301767e-04  1.52149926e-04  9.99807357e-01
  6.72309630e-04  2.44447301e-03 -1.31180849e-04  2.01802304e-05
 -5.64276589e-04  9.99661426e-01  9.99421341e-01  9.99246543e-01
  3.86020804e-04 -4.39949281e-04  7.19261193e-04  2.14705259e-04
 -7.27833685e-04  2.81844946e-04 -9.26341031e-04 -9.62856342e-05
  3.57958705e-04  1.00002900e+00  9.99940066e-01  1.27925420e-04
 -2.75018878e-04 -4.42452872e-04  2.67477656e-04  9.39017579e-01
  1.12037387e-03 -5.22670068e-04  2.92558552e-04 -1.52160220e-03
  5.96690800e-04 -3.15715265e-04 -4.92632313e-04  9.99307401e-01
  7.82252133e-04 -1.10090983e-04  4.56453186e-04  1.55160917e-03
  3.85272486e-03 -4.55951533e-04  6.35719098e-05 -1.48559184e-04
 -6.13531534e-04 -1.29006174e-03 -6.05631910e-04 -7.04987545e-04
 -4.60745351e-04  9.60199073e-04  2.15814466e-04  9.04138182e-04
 -3.73017848e-03 -1.41082555e-04  1.37944289e-04 -8.70788723e-04
  2.54886716e-04 -1.57526509e-03 -1.79441444e-04 -2.09121146e-04
  5.03765624e-04  1.00021773e+00  5.78633983e-04  1.00109572e+00
  1.57109077e-04 -1.59004167e-04 -2.43205038e-04 -4.73090575e-04
  1.00066345e+00  7.01896133e-05 -4.03579401e-04  1.78153256e-04
  7.51241774e-06 -3.99092166e-04  9.99756933e-01  2.03408056e-04
  4.32043931e-04  2.95581014e-03  1.75779049e-04 -3.41976408e-04
  1.00018760e+00  4.72478691e-04  1.60884811e-04 -5.00205693e-04
 -2.40247930e-04 -7.57758138e-04  9.99833307e-01 -2.06900080e-03
  1.42564728e-03 -5.27327607e-04  1.08495959e-04 -4.44989797e-04
 -1.35089221e-03  1.00091534e+00  3.59275587e-04 -5.14632464e-04
  1.00012817e+00 -1.19095515e-06 -2.68553263e-05  5.92654804e-04
  1.00059930e+00  4.52671429e-04 -3.70516943e-04  3.38488813e-04
  3.91389466e-04  1.00988235e-03  4.97899105e-04  5.41280226e-04
  6.80150888e-04  3.73908813e-04  9.98992527e-01  5.15405447e-05
  9.99943539e-01  2.73555513e-03  9.99246435e-01  4.61428862e-05
  2.95831696e-04  7.39992535e-04 -2.52805285e-04 -4.02031135e-05
  1.02142636e-03  2.21463015e-04  7.78632433e-04  2.12794671e-04
 -9.43910924e-04 -1.29690686e-03 -6.84320450e-05 -4.53936806e-04
  9.99345607e-01 -5.