[ 8.97839903e-01  7.23204184e-01 -2.43600012e-04  1.64092319e-03
  9.99852466e-01  2.27985346e-04  1.09692651e-03  2.06026735e-04
 -3.66704173e-04 -1.68915357e-04  5.51110025e-01 -2.68020697e-04
  6.62816921e-01  3.06120830e-04 -9.90157099e-04 -9.83798414e-05
 -1.85108684e-03 -1.21117571e-03  1.00124675e+00 -2.49682208e-04
  5.59826696e-04  1.12081376e-03  1.00018341e+00  1.00037084e+00
  1.00169052e+00  1.42028964e-03  9.97013799e-01 -2.14704710e-05
  9.99878406e-01 -4.39459202e-04  2.79799174e-04  5.85777304e-04
 -2.08107448e-04 -5.17856235e-04  9.99578889e-01  1.00117937e+00
  1.77826034e-04  6.57563362e-04  9.99979643e-01 -9.61180799e-04
  9.99851409e-01  1.00013602e+00  1.00203489e+00  1.00235423e-01
  4.82022805e-02  1.00175811e+00 -3.40023250e-04  1.00165699e+00
  1.80814175e-01  9.99290257e-01 -8.71931937e-04  3.74855928e-01
  1.00161404e+00  8.24425998e-01 -6.16353278e-04  1.00123816e+00
 -1.26032151e-03  8.60195383e-04 -4.61251620e-04 -7.84772219e-04
 -3.67562064e-04  1.00054912e+00  3.65661022e-04  3.27064897e-04
  9.40581733e-04  1.00366139e+00  2.45571983e-04  1.00107310e+00
  2.54218472e-04  9.96286602e-01  1.77597841e-04  6.96920038e-02
  9.99413009e-01 -1.02180111e-03 -4.32977058e-04  1.39671201e-04
  6.25461354e-04 -1.61495748e-04  7.78908507e-04  3.57303498e-03
  9.99524687e-01 -2.05500628e-03  1.00062412e+00 -7.31958878e-05
 -1.09757644e-03  5.32389867e-01  6.56874629e-01  5.10341310e-05
  1.00119599e+00 -1.90000000e-04  1.53018813e-03  1.51213918e-03
  1.00084727e+00 -8.98716365e-04  1.00021784e+00  7.85179614e-04
  8.68176358e-01  7.20112261e-01 -3.35205016e-03  1.00043825e+00
  6.96288551e-01  1.00022134e+00  1.00164321e+00  6.91496524e-06
  1.00108131e+00  5.73627541e-02  1.79398188e-04  5.81435642e-04
  7.36523043e-04  1.06622381e-03 -1.27258074e-03  5.18173881e-04
 -4.73322194e-03  1.00024172e+00  1.97369399e-04  8.88928966e-04
  9.03373193e-01  6.06763283e-04  1.08908844e-01 -1.11559735e-03
  9.12955088e-04 -1.01458828e-03  2.71282243e-01  1.00103670e+00
  1.00118143e+00  2.86125878e-03  5.21310839e-01  1.45316744e-03
  4.02183805e-04  1.00071767e+00  1.00104370e+00  9.98171656e-01
 -2.37464184e-03  2.17853160e-03  9.52889770e-04  1.50522531e-03
  1.68684110e-01  1.13030978e-03 -3.25745273e-04  1.00075235e+00
  1.00062878e+00  9.99383700e-01  9.74488067e-04  7.64705308e-04
  1.00123312e+00  3.77918956e-04  5.23649704e-04  1.00020912e+00
 -2.67636300e-04  2.53468819e-03  1.00016920e+00 -1.76802615e-03
  1.07001532e-01  2.95025190e-02 -6.25634953e-04 -3.83690220e-04
 -5.22909790e-04  1.30521203e-03  1.00089047e+00 -6.57934560e-05
  1.22364198e-03  1.00079858e+00 -2.49702488e-03 -2.27382208e-04
  5.60485249e-01  2.13306485e-03 -2.05251049e-05 -1.86854720e-04
 -6.44317595e-04  4.53709769e-04  8.23914170e-04  1.95166079e-01
 -1.03444444e-03  6.51625401e-05 -1.79850499e-05 -1.05064669e-04
  4.98411298e-01 -1.76111111e-03  9.97030895e-01  2.39285337e-01
  1.94308136e-04  1.17986766e-03 -2.06901157e-04 -8.64147964e-04
 -9.18771823e-05 -1.09562115e-04 -8.23638587e-04  3.25232925e-04
  1.48686132e-03 -6.59379509e-04 -7.21819269e-04  1.10644087e-03
  7.48915697e-01  5.81196967e-04  4.85974220e-04 -6.27750365e-05
 -1.52520756e-04 -3.54683261e-05  9.99867722e-01 -2.18198095e-05
  1.00059123e+00  7.75762691e-04  1.00060336e+00  1.00198909e+00
 -4.23333333e-04  3.46720457e-04  6.40648896e-04  4.26680939e-01
  7.75990967e-04  1.69074452e-03  6.05313445e-01 -5.55469464e-04
  5.36926360e-01 -6.90904913e-05  5.38757050e-01 -1.88242075e-04
  9.99105801e-01  1.00051444e+00  3.10146044e-01  9.08891648e-04
  7.14606384e-01  9.99681261e-04  7.97288678e-04  9.98266098e-01
  1.40905135e-04 -8.38315822e-05 -3.67184208e-03  1.84985956e-01
  7.34749931e-02  1.00094353e+00 -1.84141555e-04  7.15362751e-01
  1.00073373e+00 -2.59243516e-03  1.02621189e-04  1.08914222e-03
  1.00087588e+00  1.00019430e+00 -2.72791573e-04  4.28316365e-04
  1.00023000e+00  3.90202340e-01  9.99303594e-01 -1.63881570e-04
 -1.11109902e-04  1.19990035e-03 -2.97932314e-04 -7.16700860e-04
 -4.63385051e-04  5.48655700e-04  1.00012552e+00 -1.29219851e-03
  7.00712723e-01  1.00050945e+00 -5.45598947e-04  6.77257409e-04
 -3.91025163e-04  5.75866765e-01 -1.00574499e-03  1.07372373e-03
  1.32086086e-03  1.33687393e-03  1.00096637e+00  1.00158266e+00
  1.00128830e+00  1.07627234e-03  1.71664707e-03  7.23523325e-01
  4.88892281e-01  1.00069383e+00  1.07438734e-03  1.00039112e+00
  1.00113004e+00 -3.10281367e-04  3.53307710e-06 -1.20021053e-03
  1.22142076e-03  1.00113694e+00  7.63333333e-04  1.00113631e+00
  3.89553642e-03  5.58391282e-01  1.00119517e+00  1.00007055e+00
  5.59705749e-04  1.33723799e-02 -1.10571116e-05 -1.26688938e-03
 -9.17507591e-04  1.00084579e+00  4.35560158e-02  1.00124688e+00
  7.28477808e-02 -9.67749056e-04  8.15199181e-01  9.99768582e-01
  2.70486217e-01 -8.14311701e-04  1.36485489e-03 -6.10832784e-04
 -1.53626861e-05  1.86956993e-03  5.77003013e-04  8.73552871e-01
  4.04682702e-04  2.13802845e-04  4.80483716e-01  1.30390636e-02
  4.64976082e-01 -7.35489514e-04 -8.29587353e-04  1.00028117e+00
 -1.25382396e-04 -6.44615201e-04  2.95727482e-04  1.00009742e+00
  9.40007183e-04  1.00447954e+00 -8.50706191e-04 -1.05864519e-04
  4.96749821e-04 -4.52834786e-04  8.34718042e-04  2.16542839e-04
 -4.49430286e-04  5.38435603e-04  9.99292064e-01 -2.15473293e-03
  1.00231709e+00  5.69400294e-04  8.73573947e-05  1.00084520e+00
 -1.18015260e-03  5.81198272e-01  2.96467664e-04  1.30102558e-03
  2.40123245e-04 -5.55264072e-04  9.99420589e-01  1.22886854e-03
 -4.54366080e-04  6.57104268e-01  6.04378234e-01  7.98489825e-04
  1.47992043e-03  3.72630040e-01  1.77030643e-03  8.61620840e-04
  7.92793239e-04  1.42238770e-03  1.44805230e-03  1.21632179e-03
 -2.87128713e-04  2.14246994e-03  9.99366260e-01 -6.16888628e-05
  7.72898703e-01  3.93897493e-04  1.43642955e-01  5.45258218e-05
  1.74464891e-04  9.36999129e-01  1.00029552e+00 -2.28311113e-04
  9.53368276e-01 -2.45932549e-03  1.18487082e-03  2.68970534e-01
  9.99322436e-01 -2.