[-8.23043462e-04 -3.18177945e-04  1.15718212e-03  5.91341745e-05
  1.00289121e+00 -2.16632910e-03 -2.73750000e-04  5.91506534e-01
 -2.70326813e-03 -8.56511679e-04  9.99879696e-01  1.77372052e-04
  8.30421325e-04  1.00313058e+00  1.00291101e+00  1.00001779e+00
 -1.19147548e-04  5.76737619e-01  2.09747764e-03  9.99442598e-01
  1.00068021e+00 -7.27522366e-03  2.08590420e-04  1.79608794e-01
  3.34617894e-03  4.05626893e-04 -2.19088957e-03  3.72690333e-03
 -2.71291455e-03  7.07761236e-04  1.00276649e+00  1.00462604e+00
 -9.63657781e-04 -1.74376309e-03 -1.62666730e-03  1.00194013e+00
  1.00402392e+00 -1.66710438e-04  1.00240807e+00  5.57333929e-05
 -9.89956218e-04 -2.01052758e-03  1.61856730e-03 -8.08639152e-04
  1.15483861e-04  1.58998406e-03 -1.07689534e-03  2.36911214e-03
  1.00315338e+00  1.00344521e+00  1.82926762e-01  1.00240308e+00
  5.57268627e-04  1.00499079e+00  6.70531334e-01 -2.56676347e-03
  1.00365909e+00  2.59283200e-04  3.62261303e-03  1.00099086e+00
  1.00335112e+00  1.00343175e+00 -1.99236230e-03 -8.57876208e-04
 -1.47726228e-03  1.00314851e+00 -3.95919292e-04  1.00051047e+00
  1.44366837e-04 -3.12095570e-03  1.00316282e+00  1.00368284e+00
  1.00216125e+00  3.04531909e-04  1.00316369e+00  2.21183951e-04
  2.21654927e-03  2.15434016e-03 -1.32989017e-03  1.39827330e-04
  1.79081085e-04  5.68100276e-01  6.86432991e-05  2.11473106e-03
  2.20648406e-02  1.00141610e+00  1.00424256e+00 -3.67031095e-03
  8.39815984e-01  1.37290424e-03  3.23954562e-03  8.52108991e-04
 -1.24817662e-03  9.98605303e-01 -1.66828123e-03  4.46245138e-03
  5.05084696e-04  9.19250030e-04 -1.19567978e-03  1.00139955e+00
  1.00381367e+00  1.67326062e-03  1.00225269e+00  1.00259619e+00
 -2.59037188e-03 -2.97263011e-04  1.00288081e+00  1.10812870e-03
 -5.23388301e-04 -8.12062029e-04  1.00880506e-01 -2.37960832e-03
  4.74761145e-04 -5.01006052e-03  9.82974041e-01  1.00147695e+00
 -2.66455699e-03 -1.31847919e-03  1.00055484e+00 -1.75858286e-03
 -7.32788755e-03 -6.72881307e-04 -1.09082039e-03 -1.40485954e-03
 -1.02966589e-03 -8.51546941e-04  1.00322628e+00 -5.89136884e-04
  1.40627783e-03 -3.46750472e-04 -9.44462107e-05  1.00188349e+00
 -1.21893458e-04 -7.86024686e-04  1.00258869e+00 -3.36548861e-04
  1.00240500e+00 -3.04997228e-03  1.53009281e-03  1.09452037e-02
  1.00062882e+00  7.28460636e-05 -8.20420774e-04 -4.58944152e-04
  9.82772195e-01  7.07141456e-03 -5.85945045e-04  4.46581239e-01
  2.83013406e-04  1.00171212e+00  1.00330372e+00  7.41272233e-04
  2.70780420e-04  1.00345903e+00 -1.36930533e-03  1.00271072e+00
 -8.07557160e-04 -1.28485865e-03 -1.87378567e-03  3.57793977e-04
  1.00387959e+00 -2.73214525e-03  1.00085197e+00 -8.44088040e-04
 -6.09515951e-04  2.46038015e-04 -2.86967230e-03  2.90186582e-03
  4.20619479e-02  1.00154649e+00  8.68959633e-04 -1.62811227e-03
 -1.63893015e-03 -1.97965689e-03  5.75122470e-01 -8.53487871e-04
 -5.90045367e-04 -4.29187531e-03  1.00355210e+00  2.58647985e-01
  1.31001058e-03  4.74731522e-01  6.13094630e-04  1.00578109e+00
 -1.09523209e-03 -1.82695579e-03  3.73775039e-01  4.08268642e-03
  3.78355150e-03  1.00198341e+00  1.00183806e+00  1.00423892e+00
  2.34065913e-04 -2.60846363e-05 -2.11916010e-03  6.66133005e-04
 -3.63168234e-03 -4.21569620e-04 -3.43016191e-03 -1.81009803e-03
 -2.84241410e-03 -3.83806255e-04  6.31589721e-04 -7.36145877e-04
  1.00330546e+00  1.00206982e+00  4.10504538e-03  1.00094909e+00
  5.58639340e-01  2.15171432e-04  7.83152831e-04 -2.78217665e-04
 -2.82617746e-03  9.99899309e-01 -1.14284939e-03  2.10239235e-03
 -3.52168399e-03  8.66178377e-01 -2.34962626e-03 -1.71853114e-04
  8.25944652e-04  8.76734730e-01 -2.28688888e-03  1.00259860e+00
  1.00234566e+00  2.07254845e-03  3.97919326e-01 -8.06511787e-04
  7.04762946e-01 -1.76868221e-03  1.08364701e-03  6.38923765e-04
 -7.17329321e-04  1.00034905e+00  1.00292503e+00  2.15689560e-03
  1.00448912e+00 -9.74168396e-04  9.03586442e-05  1.00440632e+00
  1.00410031e+00 -2.59026551e-04  9.70434012e-04  1.65994150e-01
  2.85417950e-03  1.00115450e+00  7.81029594e-01  1.00389725e+00
  2.35612832e-03  1.00181892e+00 -2.05072200e-03  8.78272086e-01
 -1.30531710e-03  1.00283606e+00  5.05601210e-01  3.24148648e-04
  2.46962134e-03  3.22622348e-01 -1.13190676e-04 -7.69549610e-04
  1.23531223e-03  1.00327094e+00  1.00136497e+00  1.00225972e+00
  4.67419892e-01  7.09062587e-02  1.35631492e-03 -9.54414728e-04
  6.17021845e-01 -1.45191220e-03 -1.07494821e-03 -2.34353227e-03
  1.17356390e-03  2.18872855e-03 -3.41157278e-03 -8.96820175e-04
  1.00175543e+00 -1.83881924e-03 -1.15851364e-03  2.24080476e-03
  7.08091195e-05 -3.84742147e-04 -1.70479713e-03  9.17348721e-02
 -1.36269016e-03  1.00459333e+00  9.99370282e-01  1.00048065e+00
  1.00151449e+00 -1.83147905e-03 -3.64763720e-03  1.00054271e+00
  1.00117847e+00  2.02037623e-03  4.71300037e-01  1.00038389e+00
 -3.11931614e-03 -1.23434874e-03  1.25606378e-01  6.12388014e-04
  1.82922192e-03 -4.39129649e-04  1.72133076e-03 -1.45000470e-03
  4.08559037e-04  3.46291134e-01  1.00254616e+00  7.01464828e-01
  6.01216163e-01  1.00368907e+00  5.14986850e-01  5.41062140e-04
  5.66933120e-01 -5.56860265e-04  1.00234782e+00 -1.97584964e-03
  9.94461981e-01 -6.65710978e-04  1.00194075e+00  3.44349197e-03
  5.29521293e-04  6.29812489e-05  1.00209930e+00  1.00034979e+00
 -3.24073564e-05 -2.41683356e-04  1.30692941e-03 -1.04407651e-03
  8.74868187e-04  1.32429050e-01  1.00307241e+00 -3.20246940e-03
  1.00443282e+00  4.56989147e-04  1.00161180e+00 -1.22525609e-03
 -3.72585373e-03  6.07635653e-04 -5.28456744e-04  2.06900417e-03
  3.02580926e-03  1.00112011e+00  1.00248062e+00  5.81044550e-04
 -3.37899050e-04  3.53165330e-01 -1.70081166e-03 -2.09597417e-04
 -1.98115935e-04  6.02659301e-04 -5.35947223e-04 -4.48936591e-04
 -1.17293492e-03  3.34160061e-01  1.19008202e-01  1.00474340e+00
 -1.56952747e-03  8.59626048e-04  1.48787563e-03 -5.26924322e-05
 -1.98709860e-03 -1.44142929e-03 -2.61870576e-04  1.63155177e-04
 -1.23857610e-03  1.00092887e+00 -7.75108113e-04  2.72429800e-03
  2.76229794e-05 -4.