[ 1.73822197e-03  3.28693878e-03  4.60915777e-03  3.92706652e-03
 -7.79281110e-03 -1.32354259e-02  1.01619481e+00  1.01092152e+00
  6.05325585e-03  9.48006206e-04  9.96474537e-03  1.02613678e+00
 -1.34219647e-03  1.01832027e+00 -7.37183110e-03 -4.14087945e-03
 -7.35229569e-04  1.00858132e+00 -5.04327397e-03  1.00482474e+00
 -2.38317782e-03  5.41259294e-03 -7.83544969e-03 -2.12285698e-03
  1.01466366e+00 -5.01154107e-04 -1.60689175e-02  1.15888578e-02
  2.60712004e-03 -1.68957649e-05  1.01013228e+00  1.00979529e+00
 -1.01473076e-02  1.01281402e+00  6.64682134e-04  1.02085822e+00
  6.46560175e-03  6.50399014e-03  1.00792694e+00  4.89906622e-04
 -7.82186352e-04  1.00893732e+00  1.01257193e+00  1.01090580e+00
  1.00511355e+00 -8.11190445e-03  6.57733849e-03 -6.68285688e-04
  2.50776085e-03  9.92003939e-03  1.11158393e-02  1.00797828e+00
  1.01389844e+00 -1.40528168e-03  1.01096108e+00  1.01130518e+00
  4.36779872e-03  1.01082055e+00  9.98081381e-01 -6.42842530e-04
  9.28266546e-04  6.95449894e-03  5.66360675e-03  8.17035092e-03
 -1.75716733e-03  1.00428514e+00  2.74761145e-03 -8.16330267e-03
  1.00461547e+00  5.11424446e-01 -1.20950034e-03 -7.36192810e-03
  1.26053772e-03 -2.53854839e-04  3.21214213e-03  2.69740921e-01
 -1.04175117e-03  1.00688002e+00  9.26153918e-01  4.92536568e-03
 -2.21134181e-03 -2.95843023e-03  5.63657836e-03  1.00946380e+00
  2.37917590e-03  1.01763063e+00  1.00982440e+00 -1.49703500e-03
  1.01093526e+00  1.44923615e-02 -2.12231427e-02  1.01972759e+00
  2.66425536e-01  1.00790723e+00  4.64722821e-03  6.25833941e-03
  1.01455189e+00  1.27064852e-03  6.62122926e-03  3.81631683e-04
  1.00874873e+00 -6.44551119e-03 -1.34692768e-02  2.23332462e-03
 -2.07261954e-03 -4.24032546e-03  1.21053949e-02  8.60001679e-03
  7.90722678e-03  6.86397540e-03  1.50427168e-03 -4.42664978e-04
  1.01795653e+00 -9.35604033e-03  3.08989759e-05  1.01190939e+00
  1.01413313e+00 -4.72535794e-03  5.07376313e-03  5.60372825e-03
 -1.46306221e-03  9.13486237e-03  1.01414403e-02 -8.12591578e-03
  1.01481316e+00 -4.89561950e-03 -2.55866273e-02  1.01168650e+00
 -1.33786582e-02  1.00605674e+00  1.00405352e+00  4.24775693e-03
  7.20751790e-03 -3.12962342e-03  4.92545491e-03 -3.88419185e-03
  1.00854375e+00  1.00974220e+00  1.01818197e+00  1.00833563e+00
 -1.11495896e-02 -5.47521274e-03  9.76991357e-03  8.13706264e-03
  4.33494441e-03  9.97017035e-01 -1.52479561e-03  6.84568614e-01
  1.01602516e+00  1.14772467e-02  1.01043960e+00  2.80247453e-03
 -5.54754469e-03  1.00943168e+00  4.43517823e-03  1.02410940e+00
 -8.97845605e-03  9.54536572e-01  9.92323680e-03  1.01646574e+00
 -1.21073563e-02  1.00487878e+00  7.21298317e-03  1.01159901e+00
  1.00673107e+00 -5.39754487e-03  1.01105989e+00  1.01822913e+00
 -8.64855191e-03 -1.24156179e-02  3.75727421e-03  3.55862886e-03
 -9.33220393e-03  1.00252574e+00 -3.05011530e-03  3.50799401e-03
  3.79117491e-03  1.26268675e-02 -1.63158620e-02  6.13510814e-03
  4.66164251e-03  4.66673127e-03 -9.76028179e-03  2.37344451e-03
  2.90556761e-03 -7.18057743e-03 -8.14382406e-03 -1.37902598e-03
  1.02219135e+00 -2.13947061e-03  1.00477645e+00  7.74508427e-03
  3.41093458e-03  2.75821337e-03 -6.82530612e-03  1.01457096e+00
  1.13697366e-02  1.15505099e-02  9.56106621e-03 -1.45791960e-02
  1.00970354e+00 -1.03866075e-02  6.36857143e-03  1.00805468e+00
 -5.01485100e-03  1.01284456e+00 -1.82689702e-02 -5.55933932e-03
  1.01407819e+00 -1.63912201e-02  1.55786624e-03  9.31657732e-03
  1.00997263e+00  5.61184933e-03 -1.62455342e-02  1.22538110e-02
  1.25723900e-02  5.90758168e-03 -1.34248912e-02  1.01573529e+00
 -3.50379860e-03  2.67272727e-03  7.85182634e-03  5.30068258e-03
 -6.61680788e-03  1.00358286e+00 -6.28142074e-04 -1.00415742e-03
  1.75115293e-04 -7.76239700e-03  5.99835119e-03 -3.39420083e-03
  1.00856234e+00  4.41941199e-03  1.57947862e-02  4.96322268e-03
  2.19845971e-04  1.00578898e+00  1.01231976e+00  6.59599846e-04
 -1.07164090e-03  1.52438124e-03  9.93949445e-01  1.00433013e+00
  1.01143071e+00  1.00945910e+00  1.00625549e+00  4.47129797e-03
  1.10292991e-02  1.01430519e+00  1.01350680e+00  2.64207718e-03
  6.23951546e-03 -1.97231111e-03  1.01070862e+00  5.54013870e-03
  1.00887878e+00  1.02193976e+00 -3.40419577e-03  6.44652448e-03
 -1.47014832e-03  1.00892229e+00 -7.89628357e-03  1.53651604e-03
 -3.72172308e-03  6.78365679e-03  6.55266235e-03  7.79174796e-03
  2.03243350e-03  3.08779329e-03  1.01386488e+00  5.78774130e-03
  2.56334531e-03 -7.87636300e-03  7.92893405e-03 -5.92727521e-03
  1.56494283e-03  3.78486043e-03  1.01325340e+00  1.01020843e+00
  7.67908946e-04  9.92181011e-03  1.63310680e-02  1.00357416e-03
  1.01472179e+00  2.01087430e-01 -1.18859996e-02 -1.36533274e-02
  1.00089771e+00  1.01368478e+00 -2.61008495e-03  1.01476749e+00
 -5.54427928e-03  6.00117307e-03  4.15621925e-03 -4.93667888e-03
  8.51678370e-01 -4.01557521e-03  3.71541049e-01  1.00597869e+00
  1.00055270e+00  1.00760488e+00  1.00697375e+00  1.01443766e+00
  1.01269770e+00  1.01049946e+00 -4.22308311e-03  1.02314322e-02
 -3.99571625e-03 -1.02079759e-03  1.01600474e+00  7.59337293e-03
 -4.92968565e-03  1.01232948e+00 -5.96988180e-03  2.29754590e-03
 -7.28111538e-03  6.48636562e-03  1.00962653e+00  8.62899623e-03
  1.02030980e+00  2.09322405e-03 -1.39295579e-02  1.00820146e+00
  5.08836795e-03  6.31253142e-04  1.00813605e+00  1.00524609e+00
  2.75853254e-03  5.71965049e-04  1.81506244e-04  4.09306122e-03
 -6.20282812e-03  4.89640547e-03 -1.02510022e-02  1.32292224e-02
 -2.91614188e-03  1.00900528e+00 -7.73774372e-03  6.88263582e-03
 -4.83528133e-03 -2.63433892e-03  7.20483279e-03 -1.57605793e-03
  5.46040816e-03  1.00226863e+00  9.35351475e-03  1.02082434e+00
 -8.14538863e-04  3.68744676e-03 -1.04403328e-03  1.01692185e+00
  1.01118847e+00 -2.02918426e-03 -1.54384547e-02  1.52396369e-03
 -1.62658271e-02  1.00640019e+00  3.62624120e-03  1.00559987e+00
  1.01030949e+00  1.00615361e+00 -4.67390737e-03  2.66194632e-01
  3.45308234e-03  1.29670211e-02  1.01363692e+00  2.51142857e-03
  1.01777971e+00  2.