[ 1.12057045e-03  4.17932388e-03 -2.62506195e-03  1.99112772e-03
  2.07124519e-03 -7.12798774e-03 -3.04205084e-03 -6.66411197e-03
  4.59268190e-03  5.63588713e-03  1.77042782e-03  5.10130100e-03
  2.19887763e-03  2.61104575e-03  3.32994350e-03 -8.21163914e-04
 -5.78629251e-03  1.26115785e-03 -1.07238124e-02 -2.21137306e-03
  3.95067747e-03 -7.86867773e-03  1.01150366e+00  1.00934111e+00
  1.81128845e-03 -1.86970263e-03  4.69478073e-03  3.71793612e-03
 -1.33666667e-03 -1.84457039e-04 -3.54553763e-03  9.12374458e-03
 -4.97140251e-04  1.10941863e-04  4.45054016e-04 -1.66919207e-03
  8.50429718e-04 -3.08269846e-03  3.07731327e-03 -4.95565237e-03
 -8.38947065e-03  1.00687755e+00 -1.23703246e-03 -1.13436775e-02
 -1.36755241e-03 -3.43056661e-04 -7.82390799e-03 -3.31045240e-03
  9.15545964e-03 -1.14038838e-02  3.08711283e-03  6.24639437e-03
 -1.18321887e-02  1.00537643e+00  1.01179667e+00  1.89068151e-03
  1.00940856e+00  1.00703432e+00  6.69339479e-03  5.14302851e-03
  1.00956315e+00 -2.07481744e-03 -2.56330438e-03  7.13403392e-04
 -3.54189810e-03  1.00840891e+00  3.37333617e-03 -8.36993881e-03
  1.00893670e+00 -2.93725942e-03  1.13454081e-03  1.01033860e+00
  3.23717755e-03 -8.95427729e-03  3.54661745e-03 -8.53204550e-04
  3.94281885e-04 -2.42172782e-04 -5.74316045e-04 -2.96426993e-03
  1.01239914e+00  2.02343705e-03  1.73607538e-03  4.15473779e-03
  4.22453744e-03  7.85050294e-05 -1.78102297e-03 -1.00814729e-02
  1.00757010e+00  2.34862148e-03  6.94382099e-03  1.03244059e-02
 -2.02477449e-03  8.76641436e-03 -7.12475032e-03  3.31047290e-03
  4.12283770e-03  7.40368036e-03 -2.04046010e-03  1.67992122e-04
  2.48040958e-03  3.38685434e-03  6.25628408e-03  8.02699956e-03
 -7.03221940e-03 -3.25583312e-03  2.63367121e-03  1.01351801e-02
 -9.60563711e-04  4.63727403e-03 -1.97105660e-03 -6.69735984e-03
  4.82366071e-03 -2.40537286e-03  6.90551859e-03  6.55075913e-03
  5.00631411e-03 -7.89805176e-03  4.45879121e-03  1.89040628e-03
 -7.36031938e-03 -6.32570993e-03 -6.56241415e-03 -1.06415696e-02
 -1.62638017e-03 -9.65804013e-04 -3.00140764e-03  4.88467920e-03
  5.30298719e-03  5.23905701e-03  5.58120794e-04 -2.18918790e-03
  4.87310265e-03  3.01840409e-03 -1.43367861e-03  1.17938814e-03
  6.51469856e-05 -3.04356876e-03  7.03308792e-04 -2.27934802e-03
  6.58547213e-03  3.09129007e-03 -3.48520746e-03  3.32278008e-04
  1.69566325e-03  5.19342983e-03  5.43888119e-03  5.99141674e-03
 -1.92003046e-03 -9.29801833e-03  5.49187672e-04  7.23655788e-03
  8.03533806e-04  1.00995690e+00  3.62531422e-03  1.12879090e-02
 -3.93666667e-03  5.52667579e-05 -5.65630378e-03  4.40078155e-03
  1.05224142e-02 -6.35328156e-03 -2.73110415e-03  1.01029799e+00
  1.00736232e+00 -5.25657344e-03 -7.21146819e-03 -9.60612392e-04
  1.01119672e+00  1.00722885e-02 -5.38427985e-03  9.88037480e-03
 -1.64177352e-04  2.62547903e-03 -2.32463220e-03 -6.05276405e-03
 -4.77816021e-03 -1.57000737e-02  1.01201806e+00  6.09536631e-03
  6.89666667e-03  4.65979712e-03  4.45295831e-03  2.49092398e-03
  4.95231851e-03 -8.24531760e-03 -5.50307874e-04 -2.40597345e-05
  1.74418071e-03 -3.73943861e-03  1.01086058e+00  2.91624708e-03
  4.36645778e-04 -1.69838154e-03  5.60314028e-03 -3.21686322e-03
  4.80699127e-04 -5.06133893e-03 -7.16331040e-03  3.09429825e-03
 -1.43105254e-02 -9.67941875e-03 -6.17562431e-03 -2.71511360e-03
  6.26742257e-03  1.01106758e+00  2.10197294e-03  2.72083437e-04
 -8.49954183e-04 -8.36020218e-04  1.67780884e-03 -7.68327987e-03
 -6.45690745e-03 -3.02703474e-03  5.74850487e-03  4.53725053e-03
 -1.02127465e-02 -9.29076572e-03  8.23634554e-04 -1.25123230e-02
  4.30499527e-03  3.42889014e-03  5.39651061e-03  1.01198930e+00
 -2.73661179e-03 -1.42545660e-04 -1.83815063e-03  6.43404065e-03
  4.87382974e-03 -1.03720810e-02  1.01001868e+00 -3.37338794e-03
  7.43255651e-03  5.83631301e-04  1.01180992e+00  1.59159981e-03
  8.24935472e-03 -2.24919317e-03  6.97610413e-04  5.55249795e-03
  1.01843133e+00 -2.84512363e-04  7.21931365e-03  4.67081209e-03
 -1.30448271e-03  6.02557458e-03  1.00709468e+00  1.00929421e+00
  6.39383359e-04  2.08764599e-03 -4.82772938e-03  3.35606401e-03
 -7.60640561e-03  4.39264265e-03 -1.18840103e-03  8.32485964e-03
  4.00229268e-03  1.01177739e+00  1.99254112e-03  1.32037365e-03
 -2.02127777e-04 -3.94066191e-03  2.48788171e-03  1.77444444e-03
  5.03771826e-03  1.00519034e+00  1.91291995e-04 -1.01232917e-03
  5.46026490e-03  6.77446100e-03  3.61522172e-03  6.56333333e-03
  5.46981538e-03  8.03198142e-03 -4.22256470e-03 -5.21661827e-03
  1.00580778e+00 -2.26267372e-04 -6.87399123e-03  5.51038145e-03
 -1.90030132e-04 -9.20786152e-03  1.00799585e+00 -5.03862429e-03
  1.37319412e-03  7.63309016e-04  4.39633819e-03  1.00601922e+00
  1.00920659e+00  6.40125145e-03 -1.38229587e-04 -7.14127427e-03
  3.37726241e-03  1.00919424e+00 -1.01976069e-03  1.01860786e-03
 -8.42713292e-03  1.17496566e-03  7.71431281e-04 -4.13856098e-03
  1.00765128e+00  5.47024186e-03  5.66779148e-03 -3.29068023e-04
  3.96158105e-03 -6.26399516e-03  4.84963912e-03 -1.35203813e-03
  4.86477575e-03  5.99198007e-03  4.43730829e-03 -3.49178099e-03
  5.94993298e-03 -2.47968234e-03  8.48872297e-03  1.11888889e-03
 -2.79732180e-03 -1.86253154e-03  1.01316719e+00 -1.51247456e-03
  6.91063010e-03  2.15874755e-03 -1.73296800e-03 -2.73449180e-03
  1.87072873e-03  1.00715099e+00  2.12369327e-03  6.23165975e-03
  3.77332071e-03  2.50867225e-03  1.09690989e-02 -2.89914406e-03
 -5.65628224e-03  1.00907225e+00  5.13415371e-03 -3.74063264e-04
 -5.01432245e-03  3.13062086e-03 -4.68066154e-03 -5.57029690e-03
 -3.11531015e-03 -6.51143068e-03 -7.93363330e-03  1.64170263e-03
  7.47494298e-03  3.54898334e-03 -6.57871950e-03 -2.64346661e-03
  5.20346841e-04  1.33950233e-03  2.28490035e-03  8.64692254e-04
 -5.11408162e-03 -1.24702875e-02  8.68016926e-03  7.59471040e-03
  4.14611833e-03  3.36900262e-04  1.01216430e+00  4.68968156e-04
 -5.26744903e-03  1.31131052e-03  1.00880468e+00  1.95364932e-03
 -3.59306769e-03 -6.99677309e-05  1.00725941e+00  5.95481640e-03
 -1.20624195e-02 -6.