[ 7.85249646e-04 -3.22324029e-03  8.17949333e-03  2.03730977e-03
  6.93470293e-04 -1.05263158e-03 -3.27850333e-03 -2.05884673e-03
  1.44985368e-03  4.38165619e-03 -5.40037244e-04  1.01227762e+00
 -3.22595900e-03  1.68403457e-03  5.42272588e-03  1.39704182e-03
  1.99902176e-03  7.04066933e-03  5.81149229e-03  3.45170611e-03
  7.97266857e-04  2.20948898e-04 -5.82539182e-03 -1.28631305e-03
  1.01530117e+00  5.76190583e-04  1.01960328e+00  8.38805748e-03
  7.70035885e-04  5.01162598e-03 -2.60667987e-03 -6.39589335e-04
 -2.39159351e-03 -6.44999465e-03 -6.14422797e-03  5.45612924e-03
  1.01116273e+00  1.27442847e-03  1.01055608e+00 -1.55356129e-03
  4.68598372e-03 -2.23210390e-03  5.91377228e-03  6.18157117e-03
 -1.58371041e-03  1.68082071e-03 -9.80081716e-03  5.91603213e-03
 -7.94291416e-04  1.03725130e-02  1.82257263e-03 -5.98493257e-03
 -8.04363462e-03  2.40214260e-04  5.64461782e-03 -2.51430193e-03
  4.92344614e-03  3.84141073e-03  8.26850906e-03  2.16912469e-03
 -1.81343290e-03  8.76475752e-03  4.34620255e-03 -1.26660039e-03
 -8.93154112e-03  1.01381558e+00  6.01807188e-03 -7.47896910e-03
 -1.49584488e-03 -1.00993285e-02 -3.01237336e-03 -3.49031627e-03
  1.68617099e-03 -1.02364667e-02  5.29590708e-03  8.43127930e-03
  6.98392943e-03  6.04914314e-03 -1.80664219e-03  9.02432898e-03
 -8.19415983e-04  4.33017336e-03  3.37805483e-03 -1.96178706e-03
 -2.45210171e-03 -4.57659347e-03  4.08885342e-03 -6.64057197e-04
 -3.40821918e-03  2.67499112e-03  1.01356736e+00  1.25386843e-03
  1.15039383e-03 -1.64724459e-03 -7.65629543e-03  9.80503427e-03
  1.01149872e+00  6.30715484e-03 -2.70000000e-03  1.01061950e+00
  1.00567439e+00  2.59400878e-03  6.81210546e-03  4.82243942e-03
  4.00350468e-04 -1.07611796e-03 -1.47857369e-03  4.66168286e-03
 -7.68291515e-03 -9.84291112e-04 -4.50610690e-03  4.50422297e-03
 -3.33607962e-03  6.02968460e-04  2.73237998e-03  4.17760615e-03
 -6.57980175e-03 -1.02222222e-03  6.45164940e-03 -4.95659557e-03
 -1.00890634e-02  4.21631977e-03  3.68280886e-03 -1.48760331e-03
  6.90634446e-04 -2.41234074e-03  4.52731018e-03 -1.06113270e-03
 -2.71086732e-03  1.58790604e-03 -2.16273823e-03  2.08395483e-03
 -7.87866039e-03  4.42449511e-03 -3.43940855e-04  1.04397124e-03
  3.38918661e-03 -2.30646449e-03  3.13378919e-03 -1.10169128e-02
  1.47832417e-03 -1.89008433e-04 -4.67425863e-03 -8.96968124e-04
  2.87740457e-03 -5.10214505e-03  4.91141646e-03  7.83180234e-03
 -4.48961358e-03 -5.31504378e-03 -4.45549627e-03  3.51592343e-03
  1.20020429e-03  1.01243155e+00  6.17451450e-03 -6.25166268e-04
 -1.58747049e-03 -6.36490676e-04  5.43626350e-03 -2.31342424e-03
  6.77350010e-03 -6.37503334e-03  2.31237768e-03  2.37502076e-03
  1.85204303e-03  5.54151870e-03  2.23405544e-03  7.48606999e-04
  9.47945205e-03  4.35805131e-03  6.04660643e-04 -6.76131071e-03
  4.15027319e-04 -8.51144902e-03  4.14055482e-03  7.08878804e-03
 -1.56282113e-03 -7.46863856e-03  5.69178628e-03  6.95555556e-03
  1.51158109e-03  4.97285992e-03  4.57458550e-03  1.40304264e-03
 -4.43240102e-03 -2.47264344e-03  5.53312234e-03  9.85555556e-03
  6.87453909e-03  6.20643788e-03  1.01156190e+00  9.50434632e-03
 -1.16336601e-02  5.53843486e-03  5.88739784e-03  1.00891827e+00
 -1.13222222e-02 -4.71533150e-03 -7.53477461e-03 -4.87267552e-03
  4.25455260e-03 -4.57531482e-03 -9.80004594e-03  1.00679233e+00
 -2.55413339e-03  3.67680261e-03  6.41912579e-03  1.00844952e+00
  4.82566893e-03  3.84444444e-03  2.95254354e-03  6.20049339e-03
 -2.76513350e-03  2.31255293e-03  5.02518363e-03  9.55771075e-03
 -6.26538988e-03 -5.24932449e-03 -3.55498919e-03 -3.09074383e-03
 -1.38703111e-03  8.52795500e-03  1.00613270e+00  1.00658235e+00
  2.39925550e-03  1.34572459e-03 -6.82614307e-03 -3.27405381e-03
 -6.13182722e-03  6.44543300e-04  1.33488865e-03  3.06225406e-03
  3.70575221e-03 -9.38620248e-03  3.60279151e-03  8.68624084e-03
  1.00755621e+00 -7.84006729e-03  4.24412666e-03  6.56503339e-03
  1.01481147e+00 -3.86945476e-04 -1.17994100e-03  1.01216812e+00
  4.83320301e-03 -8.23117749e-04 -9.81727036e-03 -1.38601772e-03
  1.92065531e-03  1.74191334e-03  2.18330660e-03  1.00875488e+00
  2.86343612e-03  1.01040886e+00 -5.40293040e-03 -1.02282690e-04
  2.14901884e-03  6.56335537e-03 -6.68519237e-03  1.00819091e+00
  2.87562820e-03  3.97945214e-03  3.16079769e-04  8.47241222e-03
 -8.91682648e-03 -9.31508112e-03  7.34420531e-03  1.81379316e-03
  8.79435805e-03  4.41877151e-03 -3.15555556e-03 -1.76028169e-03
 -4.95629074e-03  8.05117803e-03  2.12700331e-03 -3.20000000e-03
  4.04314273e-03  3.07524306e-03  1.17827854e-03  8.84284793e-03
  5.81025345e-03  1.00995898e+00  3.15188436e-03  1.01229316e+00
 -4.48366079e-03  1.05630830e-03 -1.50000000e-03 -2.37484737e-03
 -2.44879689e-03 -8.02514286e-03 -3.79623767e-04 -3.71676926e-03
  1.27219989e-06  1.01443009e+00  5.10263568e-03  1.01225889e+00
 -1.61019764e-02 -2.28202740e-03  1.00668591e+00 -4.54879394e-03
  6.10754645e-03 -5.57378162e-03  1.22222222e-03 -6.06928193e-03
 -1.42844560e-03  1.35663044e-03  9.15347636e-03 -5.22222222e-04
  1.01645939e+00  4.99854609e-03  1.21242319e-03  1.00906369e+00
 -3.29133426e-03  1.48163932e-03  4.63580516e-03 -2.56561172e-03
  4.73071325e-04 -9.74987609e-04  1.01328276e+00  8.59432686e-03
  2.31124370e-03  4.88735711e-03  1.01041322e+00 -8.25924982e-03
 -4.04693025e-03 -2.40899257e-03  6.93966034e-03 -1.49868301e-03
 -7.19932936e-03  2.53964448e-03 -1.38735251e-03  8.66666667e-04
 -7.06117782e-03  1.30234934e-03 -2.29436019e-03 -6.73187102e-03
 -4.27095606e-03 -4.73857727e-03  4.66004584e-03 -7.63500931e-04
  1.00712398e+00  1.00765164e+00 -2.79508822e-03  1.29464156e-03
 -1.52818507e-03  5.36222173e-03 -1.01282051e-02 -7.50915751e-04
  5.76246063e-03  1.08944594e-02  4.19727734e-03 -3.71166220e-03
 -8.83842720e-03 -5.32490158e-03  1.05731941e-02  1.12128658e-03
  1.84365782e-05  5.06555604e-03  1.01231124e+00  1.00987711e+00
 -2.28202740e-03 -4.05563804e-03  4.61018629e-03  1.01390408e+00
  4.65555556e-03 -1.89840024e-03  3.95908800e-03 -1.22030516e-03
 -6.01862074e-04 -4.