[ 8.32982235e-04 -2.75359341e-03  3.46516520e-04 -4.61887480e-03
  4.06912451e-03 -3.47368421e-03  9.66107064e-05  1.00828577e+00
 -5.23623133e-03  9.01082676e-04  1.01142910e+00  3.27660624e-03
  1.01164702e+00 -3.88152316e-03  1.01363773e+00  6.16155989e-03
  3.09590140e-03 -5.99257728e-04  6.70679435e-03 -5.29256380e-03
  7.51982634e-04 -1.18204101e-02  5.09402655e-03  1.00895131e+00
 -9.19822922e-04  7.37777778e-03 -6.49556664e-03  7.35107323e-03
 -5.53644554e-04  1.00816445e+00  1.00883113e+00  1.01215591e+00
 -1.27512420e-03  2.25586763e-03 -7.63461782e-03  5.19210507e-03
  1.01620758e+00 -5.03612357e-03  6.78561419e-03  2.16246499e-03
 -3.68693525e-03 -1.07497488e-02  6.14984143e-03  1.11359404e-03
  2.73473600e-03 -3.92942918e-03 -2.61917808e-03  5.76279351e-03
  2.11111111e-03  5.28814420e-03  3.79959128e-03  7.62788573e-03
 -2.05145431e-03  1.00725383e+00 -3.60000000e-03  2.25219473e-03
  6.60969226e-03 -1.58037842e-03  3.33168587e-03 -8.12677240e-03
  1.83819874e-04  5.53340349e-03  8.41797659e-04  2.08519601e-03
  1.93763163e-04  5.22836155e-03 -4.33727866e-03  1.00885719e+00
 -1.51476457e-03 -2.95489370e-03  6.84242025e-03  1.01080954e+00
  4.93755969e-03  3.86606921e-03 -1.77531792e-03 -2.52298264e-04
  1.85967436e-03  1.06724435e-02 -1.68477875e-04  1.01120860e+00
  1.00807306e+00 -2.85518514e-03  9.74644735e-04  4.50303507e-03
  5.86647842e-03  4.25229826e-03  5.82222222e-03 -1.73222222e-02
  1.00844460e+00 -2.08667612e-03 -4.78996419e-04  7.89749313e-03
  4.34715539e-03  6.32088817e-04  1.94058555e-03  7.31231917e-03
  4.49663319e-03  4.81887210e-03  4.87886405e-03  7.93496760e-04
  2.07704214e-04 -6.22226341e-04  1.01143776e+00  2.70287594e-03
 -1.53862787e-03  6.26599792e-03  2.11480902e-03 -2.95421740e-03
  8.99853881e-04 -2.22513040e-03  3.29204995e-03 -8.88409044e-03
  3.15795051e-03 -1.77086441e-03 -2.90294150e-03  3.59838765e-03
  4.64098932e-03 -2.86696039e-03  3.56064929e-03 -5.56903432e-03
 -1.83686524e-02  2.85347985e-03  3.06974746e-03 -3.05754549e-03
  6.14829956e-03  5.84297761e-03  1.84896879e-03  1.00659828e+00
  9.22092668e-04  3.82868294e-03 -1.01561004e-03 -4.28270948e-03
  6.00839133e-03 -3.21263260e-03 -1.29743607e-03 -5.17304161e-03
  1.00853669e+00 -3.32918510e-03  1.01196667e+00  1.54165249e-03
 -1.16025539e-02  2.16245998e-03 -1.21516674e-03  2.27711550e-03
  2.26999117e-03  2.10250687e-03 -8.21111111e-03  1.60989563e-03
 -3.20670619e-03 -2.00097083e-03  2.14660234e-03 -9.94088303e-03
  1.16000724e-03  7.97068250e-03 -2.07401094e-05  5.17992052e-03
  7.76578213e-04 -3.55213655e-03  1.67344925e-03  5.57666778e-04
  1.01242222e+00 -1.80408265e-02  6.99312201e-03  1.24556175e-03
  3.31853835e-03  1.25404108e-03 -7.72133175e-03  5.89037885e-03
  2.58003068e-03 -1.79459077e-03 -2.29914530e-03 -2.68681006e-03
 -1.11522025e-02  7.24122207e-04  5.07830849e-03  4.13185080e-03
  1.00836374e+00 -1.24039549e-02  3.86374949e-03  5.47743422e-03
  1.01347759e+00  1.01034121e+00  4.31416884e-03  2.86331174e-03
  3.53568035e-03 -4.60878224e-03  1.00899809e+00  7.68052097e-04
  3.49739126e-03  8.04948587e-03 -2.77542649e-03  1.01141130e+00
 -1.14306785e-04 -1.85848886e-03  1.60307367e-03 -9.22072344e-03
 -2.31284916e-03  1.23083422e-03 -2.80648243e-04  1.10769029e-03
  2.10554301e-03  2.07854712e-03  6.16284778e-03  4.52487008e-03
  6.03726410e-03  1.01291805e+00  2.95722596e-03  4.84992750e-03
  4.10243408e-03  1.00817803e+00  9.44694503e-03  1.00878270e+00
 -2.83426443e-03  1.00862452e+00  1.01086558e+00 -2.34835132e-04
 -5.58848880e-03  3.83848134e-03 -6.54279801e-03 -3.44240489e-04
  5.04041873e-03 -6.17596589e-03 -6.76002496e-04 -6.46666667e-03
  4.19544522e-03 -2.83996389e-03  1.15223833e-03 -3.75572537e-03
  9.66911180e-04 -9.72103306e-03  3.62892725e-04 -9.52929212e-04
  3.59688196e-03 -3.38970811e-03 -4.49280622e-03  3.38192952e-03
  2.00846192e-03 -6.75890312e-03  3.32982187e-03 -1.17206675e-03
  1.02138693e+00 -9.95922952e-04  1.01047400e+00  1.00960654e+00
  5.69777624e-03  6.35555556e-03  1.00996617e+00  8.38877117e-03
  1.01975588e-02 -1.22050147e-03  1.01485532e+00  5.37777778e-03
  1.00000000e-04 -4.03555426e-04  5.78109926e-03 -8.88533238e-04
  1.01007754e+00  1.00608437e+00  4.81747788e-03  2.99825610e-03
  6.12446384e-04  6.59336601e-03 -1.05641901e-03 -2.83717914e-03
  7.73813479e-04  6.95095949e-03 -2.89749623e-03  3.34179572e-03
  2.81082143e-03 -6.65527283e-03  3.19539740e-03 -4.94561209e-04
  2.59594419e-03  7.30767390e-03 -1.18231993e-02 -9.16721552e-04
 -4.02705669e-03  2.94537964e-03 -1.08359670e-02 -4.28233192e-03
 -1.10611064e-03 -2.20080701e-03  1.13634636e-03 -1.09561553e-02
  1.24923391e-03  9.19000292e-05  3.44112802e-04  3.05882353e-03
  6.79160868e-03  1.63690752e-03  1.29141868e-03 -1.51727301e-03
 -6.83344236e-03  3.83772280e-03  4.06849189e-03 -8.17564140e-03
 -6.73802103e-03 -5.34612300e-03  4.75413774e-03 -1.27674600e-03
 -7.29853853e-04 -3.52593775e-03  5.38888889e-03 -4.06664823e-03
  1.00673527e+00  2.46737637e-03  2.97912209e-03  2.65117994e-03
  8.41401313e-03  5.03280186e-03  1.01639581e+00 -2.96285660e-03
  3.38211807e-03 -2.91436209e-03  8.06034425e-03 -3.79515895e-03
  1.80483280e-03 -6.16480515e-03  1.01089165e+00 -1.98140824e-03
  4.16781946e-03 -7.95836769e-03  2.03108738e-03  1.85847300e-03
  5.42482739e-05 -3.46674527e-03  5.47981221e-03 -4.64430761e-04
  1.00820871e+00  2.12078102e-03 -1.48937464e-03 -6.89547113e-03
  2.86572770e-03  9.31755539e-03 -5.44285189e-03 -5.68408791e-03
  2.09209913e-03  7.13880340e-03 -4.05799415e-03  7.24516038e-03
 -7.59313445e-04  4.45376376e-03  5.44510330e-03 -6.71639536e-03
 -1.22353406e-02 -1.24960405e-03 -1.98654203e-03  3.53677621e-03
  1.00875934e+00 -6.84518073e-03 -4.50924920e-03 -4.48147124e-03
  1.67564965e-03  5.91312935e-03  1.47888554e-03 -2.03735468e-03
  7.37776021e-03 -8.79360176e-04  9.05311542e-03  6.23958637e-03
 -4.85883205e-03  2.72799404e-03  8.17675273e-03  2.45706145e-03
 -1.10605340e-04 -1.03289330e-03 -3.53602406e-03  8.36689261e-03
  4.50313422e-04  3.