[-6.00666667e-03  6.36295191e-04  1.00864037e+00  3.19609280e-03
 -3.69802548e-03 -7.51344521e-03  8.00508688e-03  2.24371184e-03
  8.05642513e-04  3.29371871e-03 -3.10165906e-03  5.94149981e-03
  6.13777778e-03  3.85405060e-03  2.74302005e-03 -6.51840651e-03
 -7.66114141e-04 -4.12603835e-04 -6.76022323e-04  1.00816063e+00
  3.98941690e-03 -8.92549913e-03 -1.16742350e-02  7.35923048e-03
 -8.77776371e-03 -2.25240719e-03  3.30801000e-03  9.10708213e-03
 -4.35574645e-03  4.97412052e-03  5.29513370e-03  3.34023008e-03
 -2.21969598e-03 -8.42978515e-03  6.50066476e-03  9.43718200e-04
  2.70189622e-03  1.63392857e-03  1.01576788e+00 -5.86061689e-03
 -4.71206842e-03 -2.76734160e-03  7.36922708e-03  3.19194660e-03
 -7.48977536e-03  1.33960601e-03  1.01030769e+00  1.01211004e+00
  5.56286937e-03  1.01773593e+00 -1.26077936e-03  5.36802475e-03
  1.01025875e+00  5.34474202e-03 -8.84050270e-03 -5.76332631e-03
  1.01008120e+00  6.48750594e-03 -2.47309336e-03  9.25730861e-03
  4.53323118e-03 -8.50024913e-04  5.97846056e-03 -5.25418660e-04
  5.45352113e-04 -3.32279000e-03  2.95464166e-03 -2.19344463e-03
  1.22609860e-03 -1.43203353e-03  1.00789016e+00  1.00848884e+00
  1.01295534e+00 -2.56623025e-03 -1.35046487e-02 -3.78847646e-03
  3.96173317e-03  1.11574968e-03 -4.13705773e-03 -4.63516316e-03
  1.15940859e-04  1.00715166e+00  4.03489025e-03  7.88681014e-03
  3.83054500e-03 -6.48750114e-03  5.98894808e-03 -1.50123154e-03
  4.15006108e-03  1.00866156e+00  9.21555556e-03  6.29419612e-03
  3.13344054e-03  4.39056016e-03  1.00943843e+00  1.09087877e-02
  6.62065393e-03  1.27586452e-03  1.32021643e-03  2.07957952e-03
  3.72946315e-03  4.98238893e-03  7.34633112e-03  4.12722768e-03
 -6.84407548e-03  6.74140511e-03 -9.05575957e-04  1.04908847e-04
 -3.24000000e-03  1.96331550e-03  6.31465104e-03 -1.99840383e-04
  7.82559487e-03 -2.51165566e-03  1.01059122e+00  1.01518212e+00
 -5.95930448e-03  5.92943277e-03 -1.50391868e-03 -3.43816391e-04
 -1.38071787e-03 -4.67005235e-03 -4.26516442e-03 -4.46460177e-03
  8.21726568e-03  2.34390118e-03  1.00922924e+00 -7.69677200e-03
  1.01352059e+00  2.56117216e-03  4.42945291e-03  1.01084293e+00
 -6.31309348e-03 -7.89089852e-03  1.78904872e-03  2.76564550e-03
  2.04931959e-03  2.48283829e-03 -2.37388853e-03  7.04481852e-04
  5.36876999e-03 -1.35559631e-02 -1.83637235e-03  7.06729831e-03
  1.67229658e-03  9.21923866e-03 -1.79366487e-02  8.84652515e-03
  5.37851738e-03 -3.53860469e-04  1.01245136e+00  5.26666667e-04
  2.24759959e-03  8.68126324e-04  5.81537706e-03  2.47123380e-03
  5.48553129e-03  6.36741674e-03 -2.84844547e-03 -8.19953838e-04
  9.31452161e-03 -2.18935399e-03 -3.10719976e-03  2.55585305e-03
 -5.90938292e-03 -5.70472486e-03 -1.68192300e-03  2.60901216e-03
  8.30729455e-03  1.28572032e-04  1.02213871e-04  2.64226552e-03
 -5.17935081e-03 -2.60364050e-03  8.92502117e-04  4.94658945e-03
  5.13915028e-03 -5.93217987e-03  1.01342432e+00 -4.49397344e-03
  4.90052096e-03  9.41191734e-03  6.83394520e-03 -6.81341214e-04
 -1.29581490e-03  7.69333333e-03  2.42051282e-03  9.87704059e-03
  4.95021571e-04  3.44259575e-03  6.95803310e-03  6.87898938e-03
  6.18208969e-03 -2.13532419e-03  4.81403479e-03 -7.26875185e-03
 -5.64973286e-03  1.36438675e-03  4.10268834e-03  1.00866385e+00
  3.92296607e-03  6.64933363e-03 -3.42726403e-03 -5.02099327e-04
  5.00384112e-03 -5.01456779e-03  9.59019720e-03  4.54440154e-03
  4.44631073e-03  8.61123596e-03  3.63758677e-03 -3.44371512e-03
 -9.87133470e-03  5.34015200e-04 -4.27214772e-03 -8.09399355e-03
 -1.27746722e-02 -6.94586262e-03 -1.43591255e-03  3.90357274e-03
 -3.11659496e-03  1.58033825e-03  4.76977502e-03  1.00974309e+00
  1.08521941e-02  3.46312684e-03  6.51674107e-03  1.03523717e-04
  2.72942592e-04 -2.48447658e-03 -6.93915712e-03 -9.63036653e-04
  2.91716146e-03 -1.84462985e-04  1.00778453e+00 -4.62156659e-03
 -1.02048740e-03  1.01198573e+00  5.37123970e-03 -5.84189319e-03
  4.96010045e-03  4.24139466e-03  3.10933759e-04  1.47230322e-03
  1.24908831e-03  3.72602157e-04 -3.65309451e-03  1.00621278e+00
  5.39732508e-03 -1.08991949e-02  6.15981629e-03 -2.61614226e-03
 -6.52760674e-03  6.61108938e-03 -5.33317847e-03  4.84492216e-03
  3.00285411e-03  1.00872657e+00  4.26516399e-03 -9.36602871e-04
 -2.16830474e-03  6.82702301e-03 -5.12404302e-03  2.51555556e-03
 -4.06528125e-03  5.97153653e-03  2.63944663e-03  7.34469708e-03
  9.31306560e-03  5.31503878e-04 -9.52543538e-04  1.01360057e+00
 -9.78055616e-03  1.01241065e+00 -5.90649489e-03 -2.86666720e-03
  1.01381423e+00 -2.75921829e-03  1.17266823e-03  8.95098270e-03
  8.23327892e-03 -6.34932781e-03  1.00677095e+00  5.71291323e-04
  3.29911512e-03  5.82303804e-03 -5.43669671e-03  5.42149624e-03
 -3.48645941e-03 -4.16246757e-03 -7.84041089e-03  1.18306565e-03
  2.49954532e-03  4.79576898e-03  6.86531790e-03  1.75378648e-03
 -6.39829533e-03 -2.19570991e-03  6.93619809e-03  4.84888889e-03
  9.52789774e-03 -8.86540237e-04 -7.51734882e-03 -5.77325094e-03
  7.19744623e-04  4.61103767e-03  2.90387592e-03 -9.24182349e-03
  6.24857102e-03  8.98976126e-03  3.99568997e-03 -2.52326188e-03
  3.89877418e-03 -1.37604193e-03  7.32390314e-03 -9.45864301e-03
  6.24996606e-03  7.26811168e-03  1.00549419e+00  5.00900173e-03
  1.00739672e+00  4.53789704e-03 -3.57839527e-03 -6.51985077e-03
  1.55681511e-03  6.55694446e-03  1.01014334e+00  1.01007949e+00
  6.77867643e-03  2.12647493e-03  1.00923566e+00 -1.26021887e-02
 -1.71037792e-03  4.74059309e-03 -2.46222222e-03 -5.64414873e-03
 -5.51750375e-03 -4.62901369e-03  1.19393456e-04  1.71123705e-03
  3.23168894e-03  4.71364216e-04  1.01136793e+00  6.70899898e-03
 -3.21782497e-03 -2.81022700e-04 -6.71675973e-03 -2.06438523e-03
 -4.71809379e-03  9.54706899e-03 -2.60531870e-03  4.88192276e-04
  1.01228222e+00 -3.28465427e-03  8.83634357e-03  7.10138006e-03
 -2.18551446e-03 -3.78442463e-03  5.91348457e-03 -9.29622843e-03
  2.89111338e-03  8.24077723e-04  3.30180678e-03  3.22264871e-04
  5.34860086e-03  6.52942613e-03 -3.68863347e-04  2.43361195e-03
  4.71346091e-03 -1.