[-9.21073546e-03  2.67358292e-03 -3.01117318e-03  5.44578288e-04
  5.14944899e-03 -5.79132815e-03  2.80358142e-03  4.25211684e-03
  3.43255064e-03  1.00902793e+00 -4.55862051e-03 -1.27178043e-03
  1.00995921e+00  2.25469496e-04  3.52758845e-03 -2.86881389e-04
 -6.05176211e-03  1.03708805e-03 -1.72469636e-03 -5.26885563e-03
  1.02013475e-03 -7.50002753e-03 -2.25290749e-03  3.84652510e-03
  2.74925077e-03  5.24831263e-03  1.01273702e-04  1.89560919e-03
 -1.40702106e-04  4.03735212e-03  3.44313341e-03  1.00853025e+00
 -4.38985750e-04 -7.09736632e-03  6.08267633e-03  3.86219602e-03
  2.16312882e-03  1.47598068e-03  4.74557672e-03 -5.00841241e-03
  1.74407624e-03 -7.73972412e-03 -2.96327332e-03 -1.46801286e-03
  2.78254056e-03  5.14875958e-03  5.27872396e-03  7.62116720e-03
  4.20964126e-03 -4.15503771e-03  2.86879454e-03  8.74512950e-03
  8.67803726e-03 -3.63655551e-03  4.31728323e-03 -6.42008688e-03
  1.21071985e-03  6.74324339e-03  5.10404384e-03 -5.81819417e-03
  4.31962569e-03  7.30758656e-03  3.68580828e-03  4.10337274e-03
  1.00621763e+00  1.00429762e+00  3.02921399e-03 -3.64939129e-03
  5.44578288e-04 -1.17824776e-02 -3.00733100e-03  4.32379917e-03
 -2.48666985e-03 -9.89066445e-03  5.31453280e-03  1.00744098e+00
  8.66111111e-03  1.12103275e-03  1.20858132e-03  6.78727182e-03
  2.76186781e-03 -2.56111111e-03  1.00645848e+00 -3.18719335e-03
  1.43644681e-05 -3.34762944e-03  2.38664930e-03 -1.14610998e-02
  3.80978763e-03  1.00826308e+00  1.01543176e-02  8.64117924e-03
 -8.65642793e-03  4.72600041e-03 -3.52589040e-03  7.04865402e-03
  3.62867113e-03  1.91613171e-03 -1.11356617e-02 -1.13529673e-03
  1.00700454e+00  1.00808442e+00  1.01111922e+00  1.01306025e+00
 -7.43092049e-03 -3.47222222e-03  3.20275792e-03  7.01898091e-04
  2.43612324e-03 -3.21318064e-03  1.01537613e+00 -1.34427767e-03
  2.81248680e-03 -4.06348613e-03  1.83184896e-03 -1.03522784e-03
 -6.27799947e-03 -8.33252157e-04 -8.53503787e-04  1.92738907e-03
 -9.79366888e-03  1.01063135e+00  1.07927495e-03 -2.78770950e-03
  5.82932708e-03 -7.83858861e-04  5.04822955e-03  1.00345824e+00
  3.21356211e-03  8.03281879e-04 -1.86504175e-03  1.01094284e+00
 -1.46042692e-03  4.06157817e-03 -6.18944041e-03  1.66114790e-03
 -1.04610234e-03  3.07005363e-03 -3.61800534e-04  3.82227629e-04
 -2.20711344e-04  1.00844027e+00  1.01335644e+00  2.69905533e-06
 -8.89946498e-03  1.01009334e+00 -1.99876129e-03  2.74567704e-03
 -2.53002905e-03  4.60104406e-04 -3.80358871e-03  2.55100566e-03
 -4.39717773e-03 -2.54024727e-03  8.54876057e-03 -1.88348524e-03
 -4.85648621e-03  2.24022240e-03 -3.61301719e-04 -4.75184628e-04
  1.02070556e+00 -1.06595010e-02 -6.31666667e-03  5.31684982e-03
 -1.51450663e-04 -6.90531998e-04 -5.84392697e-03  1.22982881e-02
  4.07090635e-03  1.88886031e-03  3.49607560e-03  1.24425705e-03
 -2.24778305e-05 -6.34362713e-03  1.01346078e+00  1.17993095e-03
 -3.96412799e-03 -8.79433426e-03  2.44017206e-03 -4.37269467e-03
  3.85670985e-03  1.01129000e+00 -4.65915493e-03  3.92368847e-03
  5.25947338e-03  2.66608670e-03  1.53583560e-03  1.01005913e+00
 -4.21855922e-04 -2.22949205e-03  1.01103059e+00  4.11980569e-03
 -4.86128276e-03 -5.97320109e-03 -3.32308719e-03 -4.47135982e-03
  7.22493747e-04  1.01200970e+00 -1.00854111e-02 -2.13558538e-03
  2.84110443e-04 -5.93176133e-04 -8.50746794e-03 -6.81686925e-03
  3.38114957e-03 -2.57089214e-03  1.01150556e+00  1.00560938e+00
  1.61189553e-03 -2.25493262e-03  8.07360583e-03 -1.09526987e-03
  7.65115463e-03  2.58112981e-03 -2.14403152e-03  3.86568953e-03
 -1.53888889e-03  8.03281879e-04  1.32751756e-03 -4.77302984e-03
 -4.79646907e-03  6.75738228e-03  6.16167491e-04  4.49550877e-03
 -2.21834413e-03 -5.44719218e-03  1.00977674e+00  3.66293288e-03
  8.07005495e-05 -2.66922136e-03  3.60470661e-03  1.04665498e-02
  4.06592690e-03  1.00492637e+00  4.51793182e-03 -2.28333333e-03
  5.15820743e-03 -3.93291515e-03 -6.56389388e-03 -5.64255186e-05
  9.61888586e-03  9.99022462e-04  6.08492882e-03  1.00674521e+00
  1.01001655e+00 -2.92779089e-03 -2.20043893e-03  3.63268531e-03
  2.23490290e-03  8.30555556e-03  1.34228442e-03  3.83333333e-04
  4.75200789e-04 -2.45744918e-03 -4.16574484e-03  5.06884269e-03
  3.25427024e-03  5.20402841e-03 -8.09640349e-03  5.34277191e-05
  6.70405498e-03 -5.85937102e-03  6.16114433e-03 -3.44213447e-05
  3.85648942e-03  4.16045967e-04  2.59186126e-03 -1.47467860e-03
  2.34119134e-03  7.53816047e-04  4.70295056e-03 -8.70246466e-03
  1.00790899e+00 -2.08056120e-03  6.51331549e-04  1.75800025e-03
  3.48021877e-03 -3.55116930e-03  2.14824377e-04 -6.23543496e-03
  1.15876980e-03  1.44983966e-03 -2.66794517e-03 -7.82994171e-04
 -1.90675983e-03  4.30355826e-03 -1.04097548e-02  1.00886433e+00
 -4.40457928e-03  1.66552198e-04 -3.99601557e-03  3.27773344e-03
  4.07066008e-03  4.94697251e-03 -2.75618153e-03  7.02287116e-03
 -2.46656164e-04  6.18488253e-04 -7.58192071e-03  2.78860134e-04
 -1.43099981e-03  5.64127510e-03 -1.33353023e-03 -3.05987089e-03
 -9.16406929e-03  4.02130008e-03  1.00988925e+00  1.13715888e-03
  1.01062929e+00  9.51932994e-03 -1.33223305e-03 -7.35405248e-03
  1.65720168e-03  2.60391298e-03  3.39540328e-03 -4.01043337e-03
 -4.59345850e-03  3.22589850e-03  2.31720879e-03  7.48622092e-03
  1.00833906e+00 -8.09979806e-04 -1.84835152e-03  3.41541321e-03
  1.00670883e+00 -1.57084229e-03 -4.05955848e-04  4.44751597e-04
  1.00828938e+00  1.55104462e-03  7.55858694e-03 -1.56848763e-02
  6.70772072e-03  4.79268857e-03  4.92624054e-03  1.65000000e-03
 -1.00773553e-02 -1.40854790e-03  6.76719239e-03  7.43841447e-03
  1.01076046e+00 -6.17374121e-03  1.82777778e-03  1.62808267e-03
 -1.67749023e-03 -5.58504260e-03 -1.02429602e-02 -1.73717803e-03
 -5.69957084e-03 -3.22503586e-03 -1.78245951e-03  5.61681678e-03
 -9.66506189e-04 -2.80218210e-03  1.02406162e-02  3.42777778e-03
  1.51740894e-03  4.76256966e-03  7.05827765e-03  1.00566539e+00
 -4.34097655e-03 -3.93672210e-03 -1.11018443e-02  1.01313411e+00
 -1.21955536e-03 -2.53467822e-03  5.44613619e-03  8.43146718e-03
 -4.07792697e-04 -2.