[-3.81480314e-03 -7.97435244e-03  2.13698658e-03  1.51094283e-03
  4.61462572e-04 -2.66827489e-03  7.14222222e-03  2.93240736e-04
  2.67713004e-03  2.70309144e-03 -1.54187945e-03  7.84446082e-03
  1.01144476e+00 -3.01168345e-03  3.83706901e-03 -1.67990424e-03
  1.08288856e-03 -9.67395577e-03  4.96076220e-03 -4.68694690e-03
 -5.95215121e-03 -6.76846919e-03  1.01015917e+00  1.01018491e+00
 -4.52438188e-04  7.27008547e-03  8.70671948e-04  1.04110324e-02
 -2.48964351e-03  6.47787167e-03  2.85480503e-03  1.00784477e+00
  1.87398600e-03  5.13059414e-03  3.86682318e-03  2.19377726e-03
  1.00671835e+00 -6.79978718e-03 -3.20496109e-03 -9.54617853e-03
  3.47329841e-03 -3.10173161e-03  5.84177789e-03  2.52687805e-03
 -5.44745575e-03  4.37696297e-03  5.34568574e-03  2.26385397e-03
  1.33276562e-03  1.00986398e+00 -4.05434951e-03  3.49219590e-03
  1.20401048e-03 -6.60370459e-03  3.21690749e-03 -9.39851892e-03
 -3.91438299e-03  1.00846976e+00  1.01226475e+00  3.94484186e-03
 -1.02691805e-04  1.29683067e-04 -1.84739475e-03 -5.76673403e-03
 -5.42792622e-03  1.01149486e+00 -4.28159645e-03  2.66120639e-04
 -1.42472613e-04 -8.55879135e-03  4.62339892e-03  6.79957435e-03
  5.92200539e-04  1.31170608e-04  8.09284059e-04 -1.20453414e-03
 -5.10742568e-03  9.60201751e-04 -3.05842894e-03  2.90198652e-03
  3.48289451e-03  3.85377152e-03 -1.80864124e-04  1.79959142e-03
 -9.33242957e-03 -8.11965435e-03  1.00912068e+00 -7.94186110e-03
  1.00543111e+00  5.26552076e-03  7.76367699e-03  6.43661274e-03
 -6.61516284e-03 -1.79980734e-03 -2.43231867e-03  8.05098733e-03
  3.23055191e-03  1.04388401e-02  6.43352089e-05  7.51162463e-04
  1.01146249e+00  3.21108887e-04  3.68190010e-03  1.01136762e-02
 -6.61629379e-03  1.80224833e-03 -8.81800081e-03  9.77535289e-03
 -9.53140840e-03 -7.75928935e-03  7.17007743e-03 -7.51697410e-03
  2.76153943e-03 -5.61762537e-04 -5.23861588e-03  5.43062766e-03
  6.62732070e-04  5.95825419e-03  7.25368528e-03 -7.06005996e-03
 -5.50696595e-03  5.31882016e-03 -1.35555556e-04  6.54821659e-03
 -2.24666667e-03 -3.74793664e-03  7.09358348e-03 -1.42600308e-04
 -2.16183962e-03 -7.98620461e-03  4.76391550e-03 -1.09092100e-03
  1.23606870e-03  4.93495834e-03 -2.68621514e-03  4.16774443e-03
  5.19780220e-03 -1.08345343e-04  3.34605509e-03  1.01293107e+00
 -2.35180916e-03 -2.01064036e-03 -1.01333333e-03 -1.15989359e-02
  8.49966928e-03 -2.58299183e-04  7.03537021e-04  8.63930677e-03
 -6.21351994e-03  5.51096163e-03  1.00720827e+00 -2.59958172e-03
 -2.30326722e-04 -8.42119331e-03 -2.00065950e-03  6.74643069e-03
  1.00511576e+00 -1.06973112e-03  1.01018031e+00  5.56839971e-03
 -2.09239863e-03  2.50757672e-03  5.04340482e-03 -2.21709402e-03
 -2.65516430e-03 -8.49616484e-04 -3.49333144e-03  8.62207765e-03
 -1.54945631e-03  3.33109118e-03 -2.98541755e-03  6.16483422e-03
  1.81093948e-03  3.52156899e-03  4.90300114e-03  5.33357465e-03
 -4.89313607e-03 -4.53929315e-03  1.01064982e+00  6.32149349e-03
  1.53073008e-03 -5.67540044e-03  1.67290291e-03  6.17174781e-03
  5.82273917e-03  1.12963808e-03  1.01599499e+00  1.01397623e+00
  7.30675967e-03  5.37594497e-03  5.93678768e-03 -3.27853794e-03
 -6.35574590e-03 -4.31901070e-03  3.28800213e-03 -4.01863818e-03
 -1.13207837e-03  7.36986293e-03 -4.69572650e-03 -2.52498620e-03
 -9.86424480e-03 -5.77815072e-03 -6.83352985e-03 -1.46103385e-03
  3.65333333e-03  1.61251566e-03  1.16117395e-02  1.01468900e+00
  5.95690323e-03  4.64492585e-03  3.13415433e-03 -5.77083784e-03
 -2.07389264e-03  1.01098126e+00 -1.73260154e-04  1.73040168e-04
 -1.27326580e-03  1.00987043e+00 -1.00437118e-02 -3.56440628e-03
  5.49926254e-03  1.00893396e+00 -3.08345844e-03  1.00661917e+00
 -3.88919617e-04  1.80876418e-03  5.93456922e-03  9.76353171e-04
 -1.36082997e-03 -3.23966119e-03 -2.57885921e-03  2.54941003e-03
 -2.24585909e-03 -8.04508661e-03  2.06421703e-03  6.85161520e-03
  1.01502008e+00 -2.96823890e-03  1.00956822e+00  1.74763090e-03
  1.11685103e-02  2.00603477e-03  9.00617643e-04  6.02160473e-04
  1.00662369e+00  7.55679304e-03  8.27659488e-03  4.92696502e-03
  1.57577286e-03 -1.54658539e-02  2.41050061e-03  5.54627227e-03
 -6.89654876e-03  2.85834478e-03  4.39914537e-03 -1.50133333e-02
  8.09179971e-03  1.01357820e+00  1.02099615e-03 -5.97906699e-03
  1.01173531e+00  1.01187082e+00  2.59094522e-03 -2.57525938e-03
  4.96171016e-03 -1.45570055e-03  1.01553042e+00  1.01038851e+00
  6.51415583e-03  2.28514001e-03  5.35666615e-03  9.86666667e-04
  2.25154462e-03  3.65031607e-03 -1.30228501e-02 -2.71128091e-03
  2.81233738e-03  4.89891093e-03  3.26026558e-03  2.64452099e-03
 -3.68464410e-03  3.17300945e-03 -1.01240414e-03  3.69019466e-03
 -7.21665468e-03  1.88221223e-03  1.70096836e-03  4.17883318e-03
  8.80795725e-04 -3.92036382e-03  2.11418952e-03  4.54640184e-03
  1.14866527e-03  1.00897047e+00  4.87655446e-03  1.01153111e+00
  9.50010191e-04  6.63315369e-03  1.01020620e+00  1.25054945e-03
  1.41245985e-03  7.62828093e-03 -4.68703893e-03 -1.53201777e-05
  1.38239273e-03 -4.14526161e-03  2.32172143e-03 -2.77415192e-03
  6.62057593e-03  8.61581978e-03  2.80531013e-03  4.92854134e-03
 -1.19029628e-03 -4.85478337e-03  4.41294261e-03  1.03008028e-03
 -5.12803004e-04  2.72606195e-03  1.00474056e+00 -6.34358825e-03
  1.59648574e-03 -8.08716390e-03  2.18090767e-04 -4.75414073e-03
  5.03666694e-03 -1.03504699e-02  7.27970467e-03  4.07851034e-03
  3.88337900e-04  7.08495280e-04  9.64825237e-03 -7.85268765e-03
 -6.29667947e-03  2.58370703e-03  6.67866024e-03 -7.62839632e-03
 -8.19505495e-03  1.57555556e-03 -8.97126212e-04  5.98432527e-03
  2.12420581e-03 -9.96611858e-03  4.58784221e-03  1.28917654e-04
  1.62018252e-03  1.00864072e+00 -1.12890251e-03  2.11882615e-03
  1.00998606e+00  2.46451064e-03  2.57182083e-03  1.45697848e-03
 -8.31559351e-03  4.27996027e-03  1.01393675e+00  6.12678712e-03
  1.64308186e-03 -1.04579063e-03  3.86804499e-03 -1.46888889e-03
  3.75268154e-03  6.63583944e-03  2.79744922e-03  1.69777778e-03
  4.35640189e-03 -2.52824939e-03 -8.53572113e-04  1.06143851e-02
 -1.20062572e-03 -4.