[-3.87287530e-03 -3.89686646e-03  1.00937416e+00 -5.26283437e-03
 -2.24136839e-03 -9.75589971e-03  9.60133943e-04  3.20932516e-03
  7.49212781e-03  1.00990634e+00 -3.49815282e-03  5.42692643e-03
  9.85384343e-03  1.54367339e-03  1.91878950e-03  3.03845650e-03
 -3.19501009e-03  1.01057595e+00  8.71782473e-03  3.08172077e-03
 -4.58168498e-03 -1.71535767e-02  2.34421091e-04 -9.30051134e-03
  7.54069024e-03 -4.93518398e-03  3.65246313e-04  5.38835637e-03
 -4.46329145e-03  1.24129823e-03  1.43889332e-03  3.74085865e-04
 -6.54572892e-03  9.33333333e-05 -4.96333895e-03  6.16464094e-03
  3.50856074e-03 -4.12642831e-03  5.40208932e-03  1.00580187e-03
  4.26535582e-03 -5.95335546e-03 -1.22898230e-03 -3.28593927e-04
  1.01102407e+00  3.82970381e-03 -8.09049927e-03 -2.98476972e-03
  2.28702611e-03  1.03903251e-02 -3.51798594e-03  6.21853951e-03
 -5.52876747e-03  6.17123401e-03  8.43616719e-03 -1.89177973e-03
  1.00936079e+00 -9.74806256e-03  9.07692807e-04  3.04528078e-03
  8.04444444e-04  1.01142622e+00 -3.35972168e-03 -2.26421921e-03
  2.46650306e-03 -1.13620682e-03  2.81850781e-03 -3.45882193e-03
  8.02448954e-03 -8.44030302e-03  4.29564600e-03 -6.76024186e-04
  1.01318327e+00  3.59154493e-03  1.00857001e+00  3.92555147e-04
  8.51296197e-03  6.10585320e-03  7.31600936e-04 -1.83840244e-03
  5.50821029e-03  2.00623355e-03  1.00858071e+00 -3.15902158e-03
  5.57087055e-03  2.98419909e-03  1.00878688e+00 -6.38932586e-03
  1.00789484e+00 -5.36789559e-04  9.20367722e-03 -1.12968506e-03
 -5.12041216e-04 -2.02179325e-03 -2.19471431e-04  5.99876549e-03
 -6.49026131e-03  2.83513940e-03  1.00827183e+00  1.34585230e-03
  1.01232462e+00  8.19153419e-03  1.01132352e+00  4.58811156e-03
 -2.94625687e-03  1.00926018e+00  8.44330481e-03  1.12507632e-03
  2.32047448e-03 -7.16398026e-04  7.35772027e-03 -4.22428931e-03
 -5.07108516e-03  4.58277816e-03  4.29738902e-03  5.45060516e-03
 -1.05130917e-02  1.63178009e-03  3.43801872e-03  1.96655518e-03
 -1.06054620e-02 -1.05821228e-03 -7.80685882e-03 -8.35361706e-03
  1.85612097e-03 -5.50976323e-03 -6.15855177e-04  1.14417730e-03
 -2.67027434e-03 -2.00480877e-03 -2.30494001e-03 -3.76826969e-03
  1.00592589e-03  1.01159151e+00 -2.91951091e-03  3.02407002e-03
  1.01386019e+00 -2.81149595e-03 -3.29779938e-03  3.29958877e-03
  1.00699629e+00  9.91910436e-05 -1.31727021e-03 -1.58860619e-02
  1.00678804e+00  3.58112331e-03 -5.44454433e-03  6.06508314e-03
 -5.59692651e-03 -5.69226416e-03  4.70607896e-03  8.98023584e-04
 -2.09224555e-03 -3.16354163e-04  2.44324171e-03 -2.72918896e-03
 -3.55190577e-03  4.14765840e-03 -3.87728059e-03  3.31128611e-03
  1.38449449e-03 -7.43689952e-03  9.14893864e-03  1.00910336e+00
 -5.45953972e-03  1.29638225e-03 -6.54414782e-03  7.93278530e-03
  4.41552198e-03 -1.86635472e-03  4.32666667e-03  1.96858366e-03
  5.54108408e-04 -2.01016043e-03  2.64057737e-03  1.91641888e-03
 -7.47142704e-04 -9.52203191e-03  5.92097634e-03  7.37632557e-03
  1.01879841e+00 -1.62368757e-03  1.01030779e+00  8.45490782e-03
  4.34521663e-03 -7.80724972e-03  2.19425677e-03  5.51309217e-03
  3.78080033e-03  2.39016668e-03  2.24347640e-05  1.01736158e+00
 -6.87560196e-03  2.63971719e-03 -1.99310110e-03  1.00701917e+00
  5.91345884e-04 -4.31977763e-03 -4.92925174e-03 -8.36051807e-04
 -3.14312941e-03 -1.64548670e-04 -2.61206419e-04  1.52956395e-03
  2.32579966e-03  3.78271594e-03  6.78934588e-03 -6.02926256e-04
  2.69118001e-03 -1.50130946e-03  3.23291230e-03  2.62170242e-03
 -1.98770968e-03  3.72006951e-03 -2.86253031e-03 -4.91764805e-03
 -6.14456654e-03 -1.03536708e-02  8.12144491e-03 -1.07071915e-02
  8.70685954e-03 -4.26421821e-03 -7.10206845e-03  8.78967321e-03
 -1.05971596e-03  1.01325971e+00 -4.06242222e-03  3.70227849e-03
  5.80659812e-04  4.58395081e-03 -5.38081768e-03  2.96371035e-03
 -1.34746216e-03 -5.44758689e-03  7.90051253e-03  1.01582494e+00
  3.73619773e-03 -1.15482845e-02  1.01065788e+00  8.92727196e-03
  1.01361715e+00  3.08826787e-04  2.61926703e-03  5.10997182e-03
  5.59224721e-03 -4.00021996e-03  1.01331406e+00 -2.70968959e-03
  7.50892701e-03  4.73368048e-04 -1.11805398e-02  1.01437822e+00
 -7.40665216e-03  5.25047353e-03  6.50863623e-03 -5.61995911e-03
  1.01053706e+00 -3.84578959e-03  6.15795016e-03  1.00740906e+00
  8.83549154e-03  4.73138262e-03  4.71950970e-03  1.01097724e+00
 -8.59459729e-03 -7.06336792e-03  3.70006108e-05  1.55953220e-03
 -1.10644320e-02  1.00867206e+00  5.67085731e-05 -5.07227258e-03
  1.01120570e+00  5.55421089e-03 -6.04764766e-03  2.45778037e-03
  1.42144574e-03 -9.12102842e-04 -8.68020438e-03  1.42109816e-03
 -4.52285003e-03  1.35607946e-03  4.89846487e-04  4.39920358e-03
 -9.12260550e-03  9.78865949e-03  1.97180797e-03 -8.33009467e-03
  1.00984956e+00  1.11415324e-03  1.00619587e+00  6.03064351e-04
  1.67583343e-03  9.83404569e-03  1.00960544e+00  7.18385778e-03
 -9.65341690e-03 -1.31372460e-03 -4.48804339e-03  1.88078803e-03
  1.70234508e-03  2.95013857e-03 -1.42719271e-03 -7.30777706e-03
  7.58855901e-04 -5.91772980e-03  7.85778919e-03  2.61740287e-04
  2.01465357e-03 -3.99082214e-03  1.08184637e-02  1.13186110e-03
  7.21650741e-04  3.67518892e-03 -5.59911680e-03  1.46437157e-03
 -4.97791966e-04  5.39482852e-03  5.31226390e-03  9.29204430e-03
 -2.66536104e-03 -3.64069368e-03  2.73108195e-03 -1.33933953e-03
 -3.43754205e-03 -8.35619233e-03 -1.02417301e-02  4.64774008e-03
  7.73197652e-03  6.88800398e-03  7.47531360e-03 -9.26434196e-03
 -6.14425992e-03 -4.86409546e-03 -5.16476702e-03  8.37997957e-04
 -9.71022351e-03  3.37272370e-03  5.49472849e-03  9.62568442e-03
 -7.07380247e-03  2.61376647e-03  4.26170529e-03 -3.72888889e-03
 -1.26618999e-03  2.73083492e-03  3.72613842e-04  6.05346608e-03
  3.03319368e-03  3.32299562e-03 -3.34034308e-03  3.50238256e-03
  4.41852519e-03  4.09797297e-03 -8.82208434e-03 -3.74631195e-03
 -1.55211122e-03  3.71873021e-03  1.01003272e+00  3.04949139e-03
 -1.94099588e-04 -9.42569832e-03 -3.94085008e-03  7.36707227e-03
 -1.02299318e-02 -3.91226340e-03 -2.83879954e-03  6.68217913e-03
  1.45034231e-03 -1.