[-4.73918215e-03 -7.68646046e-03 -1.15585955e-03  2.65222222e-03
  7.73719196e-03  7.63606557e-03  2.77566964e-03  6.31852964e-03
 -7.23133050e-04  3.59050090e-03 -5.22841298e-03 -8.21690879e-03
 -2.87567681e-03 -2.66803807e-03  5.53189129e-03  4.56767723e-03
  5.95785071e-03  5.45234080e-03  1.01077937e+00 -5.20157678e-03
  6.35607005e-03 -7.00574621e-03  2.20681780e-03 -3.65466184e-03
 -4.79616167e-04 -1.15936714e-03 -1.01771978e-02  1.01448694e+00
  8.45979365e-03 -1.13071107e-03  1.64332465e-03  1.78766108e-03
 -2.59100834e-03  1.00915360e+00 -4.31514909e-03  5.45916805e-03
  1.01029345e+00 -6.72978142e-03  4.57855426e-03 -3.63116293e-05
  4.32937147e-03 -3.55641388e-03  8.49553571e-03 -4.98073378e-03
  7.77208737e-03  3.33415539e-03 -3.53305974e-04 -4.20619718e-03
  3.81019739e-03  2.97840452e-03  2.95645691e-03  5.67097872e-03
  3.86638196e-03  2.41694322e-03  5.38646621e-03 -8.29340152e-03
  1.00728286e+00 -3.54681235e-03 -8.43648540e-03 -1.12157451e-02
  3.12161815e-03  1.01241645e+00 -4.50469819e-03 -4.24089967e-03
  1.84350606e-03  7.64414174e-03  7.73355710e-04  1.02727265e-03
 -3.51172973e-03 -3.60148776e-03  2.55588157e-03  2.34449243e-04
  4.02870030e-03  3.04395604e-03  1.21113381e-03  5.40410548e-03
  3.42608303e-03  1.53799796e-03 -5.49343874e-04  4.25544862e-03
  1.00751348e+00  3.56407839e-03  5.48021978e-03  8.08881408e-03
  3.87258081e-04  1.00086710e-02 -1.13323287e-03 -1.13298304e-02
  1.01091328e+00  7.91484724e-03  1.01314169e+00 -1.41252937e-03
 -6.82166887e-03  2.17760957e-03  2.97987413e-03  3.16438230e-03
  6.25215778e-03 -3.04834791e-03 -2.04513298e-03 -1.61948241e-03
  8.21913488e-03  6.45887135e-03  4.21022255e-03  9.87956440e-03
 -3.41288341e-03 -2.70975644e-03 -3.55240705e-03  4.88647452e-03
 -3.98208142e-03 -1.13883828e-02  1.12665007e-02  5.67076568e-04
  7.26301000e-03 -4.38936553e-03  7.58988572e-03  2.03754435e-03
 -2.01136250e-03 -3.07788383e-03 -9.50390003e-03  1.16006129e-03
 -2.98459343e-03  1.01091368e+00 -1.64118520e-03 -6.32531063e-03
  5.40060701e-03  4.39901752e-03  7.65416940e-04 -8.70648811e-04
  1.35416667e-04 -1.15332770e-03 -3.05367017e-03 -1.05131206e-02
 -1.30545788e-02  1.14712562e-03 -6.47107769e-03 -7.77498891e-03
  1.01014866e+00 -1.05950033e-02 -2.82710420e-03  3.14636725e-03
 -1.98613538e-03  4.75385317e-03 -5.85974586e-03  2.81453640e-03
  3.24767333e-03  5.18742363e-03  7.40634218e-03  1.04641214e-02
 -1.87306704e-03 -7.43510324e-03  1.01057744e+00  4.45049701e-03
  2.58250343e-03 -4.72050772e-03  4.29798072e-03 -2.65966850e-03
  4.24907817e-03  1.87436157e-03 -6.24937767e-03  4.15222222e-03
  5.14596003e-03  1.01073573e+00 -2.45048023e-03 -1.62664343e-03
 -4.65421366e-03  1.16931507e-03 -1.46023807e-03  1.01270273e+00
  6.16528297e-03  1.62110084e-03  2.28090786e-03  3.97003117e-03
 -4.28769423e-03  1.87971868e-03  7.92627217e-03  5.22567604e-03
  5.85162225e-04 -7.71444444e-03  6.72375741e-03  9.60451350e-03
 -4.37431490e-03  6.67467798e-03  1.01013626e+00  7.02970625e-03
 -3.69539906e-03 -5.41864274e-03  1.00744840e+00  5.47890671e-03
  7.52970467e-03  2.31563279e-03  2.54422352e-03  1.01416737e+00
 -8.28203708e-03  4.28703743e-03  3.46552360e-03 -1.31877001e-03
 -4.04904590e-03  1.03995235e-03 -7.76548764e-04 -1.34338118e-02
  3.10499192e-03 -1.20570055e-03 -8.81399552e-03 -7.69651812e-03
 -2.63896556e-03 -5.54120879e-03  1.00947537e+00  1.00556236e+00
 -4.51616770e-03 -5.60258981e-04  6.81035940e-03 -8.32071753e-03
 -1.55026391e-03  2.35754544e-03  6.85613960e-03  5.41489704e-03
 -1.74925788e-02  4.03747430e-03  8.58071625e-03 -8.84700941e-03
  4.64619665e-03  7.02532624e-03  2.64740136e-03  1.00564097e-04
 -1.39886676e-03  5.81406931e-03 -2.90661873e-03 -6.37975718e-03
  6.97951747e-03  8.96192391e-03 -2.68187880e-03 -1.21365259e-02
 -3.90110922e-03  8.00835176e-04 -3.48906634e-04  7.10741306e-03
  1.01421678e+00 -7.06013011e-03  7.24773575e-03  4.31000113e-03
  4.30577281e-03  3.41093672e-03 -3.01777936e-03 -6.57027184e-03
 -1.07672613e-04  1.16428859e-03 -2.90929204e-04  1.01298152e+00
  4.68811136e-03 -1.23062625e-02  2.30000000e-04 -4.25536237e-03
 -1.29893147e-02  2.68057495e-03 -1.98901546e-03  1.75612877e-03
  6.02975732e-03  5.67384986e-03 -1.05313359e-02 -4.10157436e-03
  3.09701297e-03  5.45990921e-03  1.01251934e+00  5.14423844e-03
 -3.22723509e-03 -8.96683261e-03 -7.44755842e-03 -1.02224034e-02
  8.61542964e-03 -6.65458899e-03 -3.77317564e-03 -3.08838523e-03
  8.06003267e-03 -1.37152178e-03  1.40625998e-03  3.88100962e-03
 -5.53451094e-03  7.33849428e-03 -7.92929737e-03  3.37663118e-03
  7.49457331e-03  1.00941716e+00 -6.81662088e-05  3.14680714e-03
  2.95299712e-03  1.96087914e-03 -9.77619905e-03  5.17152180e-03
  1.85504652e-03 -7.08152888e-03 -1.32555556e-03 -2.31895280e-03
  6.50801481e-03  1.00923063e+00  7.15597549e-03  1.00701450e+00
 -1.70502899e-02  2.65417488e-03 -2.75891754e-03  3.89033312e-04
  8.29954955e-04 -5.95973558e-03 -2.03750614e-03 -3.05954105e-03
 -3.95233477e-03  1.76507708e-03  4.00777778e-03  1.65599390e-03
  7.87877950e-03  5.00958702e-03  5.92107836e-03  8.88868232e-03
  2.50521927e-03 -4.08056764e-03  1.01143508e+00 -2.66256021e-03
  3.66399410e-03 -4.30288923e-03 -1.73254111e-03 -7.44431048e-04
  8.42737026e-03 -9.57519413e-04  9.55283281e-03 -5.25200964e-03
 -3.87324040e-03  1.01459016e+00  5.07193665e-03  1.97907448e-03
  1.14362871e-03  7.27595288e-03 -2.53232384e-03 -1.69455508e-03
  6.58090864e-03  2.86753321e-04 -1.40064478e-03 -2.93521356e-03
 -4.73532567e-03 -9.78992903e-03  3.61611353e-03  1.00815561e-02
  1.10721849e-03 -3.21692559e-03  2.93761781e-03  5.12647561e-03
  7.99699203e-03  1.00971147e+00 -3.25211506e-03 -3.59141487e-03
  2.21642949e-03  1.03537088e-04 -9.38289248e-03 -6.17371905e-03
 -3.34064002e-04  3.83624682e-03  1.01145087e+00  1.01134522e+00
  1.43041949e-03  1.00800769e+00 -6.41584547e-03 -2.39347354e-03
 -1.49746431e-03 -1.04738557e-02  7.55428855e-03  2.68557106e-03
  2.49845005e-03  2.20777778e-03  5.18041100e-03  5.64791228e-03
  3.42406862e-03 -8.