[-5.54508198e-03  6.57144502e-03 -3.97504753e-03 -1.39683330e-03
  1.00739854e+00 -1.31875000e-02 -6.19497679e-05 -1.04750246e-02
  9.55435167e-04 -2.03461376e-04  1.39786891e-03  1.71914873e-03
  3.28014381e-03 -2.50464184e-03  2.28310859e-04 -3.49890351e-03
 -3.29309753e-03 -4.78472096e-03  6.16516634e-04 -8.39358535e-03
  2.65790929e-03 -1.17642652e-02 -3.69849360e-03  4.26823736e-03
  6.39281123e-04 -6.16900883e-03 -2.58332767e-04 -3.76638417e-04
 -7.21920278e-03  6.30787165e-03  6.51038092e-03  9.96635613e-04
  8.80291862e-04  2.43752521e-03 -2.33808708e-03  1.58228684e-03
  3.38290598e-03  5.35208861e-04  1.01058565e+00 -1.35702763e-03
 -1.98845595e-03 -7.24586326e-03  9.82144854e-04  2.91925778e-03
  8.15834960e-03  3.02733138e-04 -6.93149320e-03  1.38222706e-03
 -6.19239159e-03  6.28049260e-03  1.01104677e+00 -2.44063728e-03
 -3.97113431e-03  5.68326521e-03 -2.41490565e-03 -1.05643933e-02
 -8.87383835e-04  5.90271825e-03  3.48745624e-05 -7.97076190e-03
  9.36000000e-03  1.33562600e-03 -6.32680083e-04 -9.10497169e-03
  3.79226643e-03  3.34667054e-03  1.01143133e+00  1.00608021e+00
 -6.39127395e-04  2.12196118e-03  8.50131719e-03  4.69260538e-03
 -3.21440173e-03 -3.33295397e-03  3.22016441e-03 -8.34458863e-04
 -2.94453558e-04  8.56400864e-03  6.51661911e-03 -4.56823623e-04
  6.58789215e-04 -4.30321513e-03  4.46973007e-03  1.30855599e-03
  1.09886908e-05 -4.90132706e-04 -1.54537088e-03 -1.29447868e-02
  3.91337618e-03  1.31697392e-03  3.78187144e-03  4.25934550e-03
  3.07408296e-03  1.08885362e-03 -2.38649952e-03  5.43463174e-03
 -1.04208566e-03  6.48792524e-03 -3.31093289e-03  2.84431338e-03
  2.43017383e-03 -8.47639080e-03  2.29944577e-03  1.01209773e+00
 -8.42536351e-03  2.24517591e-03  4.91559322e-03  9.40276969e-03
  6.29940714e-03 -1.37459328e-03  1.01239470e+00  1.60111317e-03
  2.25116299e-03 -4.10508371e-03  2.08488340e-03  6.59663708e-03
 -5.75717110e-03 -1.33458342e-03 -4.60035305e-03  1.98587083e-03
 -3.52501057e-03  3.11555556e-03  1.01109824e+00 -8.79544702e-03
  3.12185114e-03  6.34987140e-03  1.71242665e-03 -3.80657168e-03
  3.94630757e-03 -3.16951339e-03  3.82328381e-03  3.03015358e-03
 -2.18954421e-03 -4.65349874e-03  6.11291528e-04 -2.77351719e-03
  1.00783694e+00 -2.71174410e-03 -9.84054744e-03 -2.26364564e-03
  1.00612655e+00 -2.36694949e-03 -1.18066667e-02  2.55262515e-03
  2.65761740e-03  4.39083924e-03 -1.87333333e-03  6.37867324e-03
  2.25348789e-03 -4.02754870e-03  2.07264954e-03  5.62941978e-03
  1.27274330e-03 -7.39872064e-03  7.07061753e-04  9.37400639e-04
  4.97028407e-03 -2.51012639e-03  4.84610510e-03 -1.89452011e-03
  8.41734288e-03  4.28471557e-03 -1.10530436e-03  8.13242181e-04
  2.53538192e-03 -2.20510759e-03  2.06648254e-03  1.01420525e+00
  6.80116313e-03 -6.64583606e-03  1.37887168e-03 -2.18357110e-05
 -1.19036828e-02 -2.23672804e-03  8.77207135e-03  7.53906684e-04
  2.88762812e-03 -1.10841346e-02  3.56608881e-03  1.62856940e-03
 -8.62297198e-03  5.92887077e-03  5.54083533e-04 -5.50631956e-04
 -4.13865390e-03  1.06600959e-03  4.07477662e-03  1.00981396e+00
  1.01516208e+00 -4.87951959e-03  7.49012350e-04  1.12042423e-02
 -5.37043760e-03  3.53408938e-03 -1.63540904e-03 -2.42305633e-03
 -9.62421093e-03  2.19158042e-03 -3.91339871e-03 -3.24816164e-03
 -4.60551957e-03 -7.90940433e-04 -1.72881684e-03 -1.50228918e-03
  9.44210839e-03 -3.51346492e-03  8.77213870e-03  1.00606691e+00
  1.49050279e-03  1.27220225e-03  4.64311386e-03  6.51661911e-03
 -4.05394252e-03  1.00809462e+00  5.40434613e-03  5.45225581e-03
 -2.58974560e-03 -2.30483849e-03 -1.44766088e-02 -4.08887193e-03
 -1.26639676e-03  6.99333333e-03 -3.26326769e-03  1.01335865e+00
  1.01452667e+00  3.33060700e-03  3.14663476e-03 -5.71777778e-03
 -4.66073905e-03  6.23883929e-04  6.25176103e-03 -7.25552270e-04
  2.10980894e-04  8.04636379e-03  5.41122700e-03  5.08886395e-05
  3.09258046e-03  4.57600823e-04  5.38712972e-04  1.00927114e+00
  3.13934280e-03  1.01074416e+00  1.13005507e-03 -2.68538885e-03
 -3.10743661e-03 -1.56977711e-03  1.00754663e+00 -4.84444444e-04
  4.53547116e-03 -7.83099738e-03  4.94855671e-03  2.28966799e-03
 -7.41070165e-03  7.27321672e-03  3.29725250e-03  5.32666667e-03
  1.01438463e+00  2.93753652e-03  9.32894280e-04  2.65124666e-03
  1.05277600e-02  6.88095550e-03  2.30842491e-03  1.01156849e+00
 -2.99576441e-03  2.46948657e-03  1.00977587e+00  7.37620041e-04
  4.31806509e-03  5.30614679e-03 -6.77755161e-04  2.85780181e-03
  7.34052749e-03  6.99889503e-03 -1.50413992e-02 -4.83002442e-03
 -2.93895948e-03  3.35583110e-03 -4.03032815e-03 -5.28677557e-03
 -2.69956502e-03 -5.71736936e-03 -1.62134840e-03 -3.78351657e-03
  6.71474266e-04 -7.32888889e-03 -2.18796245e-03 -5.31554802e-03
  8.39602518e-03  5.54612720e-03 -6.11623862e-04  1.70955215e-03
 -9.24583991e-04  7.03777778e-03  1.60475913e-03  1.00841438e+00
 -3.92254785e-03  3.18886491e-03  1.00979593e+00 -1.32939612e-03
  4.18886744e-03 -2.30789355e-03 -3.83444644e-03 -5.23826469e-03
 -1.22093899e-03  4.11433556e-03  6.35561905e-03 -1.41574760e-02
  7.66821566e-03  1.01547580e+00  6.90000619e-03  4.88393235e-03
  1.00790006e+00  1.59325042e-03  9.47736351e-04 -9.23342197e-03
 -9.32784069e-03 -7.04490367e-03  1.00511751e+00 -4.37962973e-03
 -1.88271092e-03 -5.56011493e-03 -1.23192155e-03  3.49544640e-03
  1.01154802e+00 -1.73267072e-03  1.00931636e+00 -6.48373111e-03
 -1.04027065e-03 -4.99562363e-03 -5.15054773e-04 -4.86651917e-03
 -2.53052787e-03 -1.26214579e-03  7.79301526e-03  2.21843559e-03
 -1.84766769e-03 -8.52213545e-03 -3.47585330e-04 -1.05393413e-04
  4.23420030e-03 -3.21241246e-03  2.22932754e-03 -6.82744502e-03
 -7.47138291e-03 -4.09738648e-03  1.00985957e+00  1.00820099e+00
 -3.37251544e-03  5.45525031e-03 -7.08666783e-03 -5.19238176e-03
  9.15410267e-05  3.80339905e-04  1.01076291e+00  6.44792327e-04
 -1.00925894e-03 -4.05991888e-03  1.52462817e-03  3.57707848e-03
 -4.43942005e-03  6.22606704e-03  1.70611305e-03  4.13663068e-03
 -6.72888889e-03 -1.62066102e-03 -4.50842196e-03  3.99873357e-03
  3.04888889e-03 -5.