[-2.33777778e-03  3.64206654e-03  1.62465937e-03 -7.33585025e-03
  3.69797631e-03 -2.61668504e-04  2.44161279e-03 -2.03604247e-03
 -7.27940757e-03  1.00681733e+00 -2.88449277e-03  9.60978984e-03
  1.98151690e-03  1.52088506e-03  7.54013103e-03 -2.53955937e-04
  2.41881067e-03  1.36263677e-03 -2.22018028e-03 -1.11524842e-03
  1.01161183e+00 -1.93918022e-03 -1.03071843e-02 -2.05567847e-05
 -6.24793291e-04  1.29275669e-03  5.69385475e-03 -7.26391099e-04
 -8.94383004e-04  5.84283054e-03 -4.28951474e-03 -2.13932584e-03
  1.00817174e+00 -1.18063187e-03 -9.45633920e-03  2.37617661e-03
  4.88922016e-03 -3.97264501e-03  1.48956208e-03  1.00943953e+00
  8.50311253e-03 -6.22489546e-03 -5.64642789e-04  2.10710572e-04
  7.07202938e-03  5.88986051e-03 -1.06600720e-02  4.49836077e-03
  2.85111111e-03  6.43832599e-03  9.93780103e-03 -9.23995536e-03
  3.09444001e-04 -6.04708488e-03  5.24975843e-04 -2.68118114e-03
 -6.54245777e-03  5.84795914e-03  1.01726938e+00 -2.27903761e-03
  6.76370297e-03  7.40083262e-03 -5.40433483e-03 -5.18692133e-03
  3.72295116e-03  7.45705147e-03 -4.86269309e-04  1.01284402e+00
 -3.62666190e-03 -1.13017365e-02  3.56557181e-03  4.26199039e-03
  2.69555556e-03 -4.77270810e-03  4.93557557e-03 -6.19000166e-04
  1.01132910e+00  7.28041836e-03 -4.08632384e-03  5.63330536e-03
  6.65280925e-03  6.28270446e-03 -1.13895073e-02 -2.28222222e-03
  7.70012210e-03 -1.84571307e-03  1.00725224e+00  1.47159265e-03
 -5.29936868e-03 -2.80073569e-03  3.51584990e-03  4.88512902e-03
 -1.14344782e-02 -5.18970457e-03 -1.42352525e-03  1.13398819e-02
  3.17160731e-03  3.46563467e-04 -1.12774256e-03  1.01364336e+00
  3.84637385e-03  2.46363947e-03  7.15061111e-03  5.73707484e-03
  3.44857675e-03  1.42838578e-03  4.94968408e-03 -1.52266308e-03
 -3.88206727e-03  8.31285485e-04  9.78042528e-03 -7.08587582e-03
  6.03025081e-03 -2.31167878e-03  1.01469824e+00  6.30555394e-03
 -6.49715180e-03  6.23483852e-03  1.00606398e+00  3.62234159e-03
 -7.59988728e-03  1.49020064e-03  5.15729284e-03 -4.59091499e-03
  1.01084139e+00  2.71737271e-03  1.01265840e+00  3.61965688e-04
 -8.22222222e-05 -7.91011236e-04 -4.37777778e-04  3.15489985e-03
 -2.47172089e-03  7.57064082e-04  4.35679945e-03  1.01260700e+00
  8.71377060e-03 -1.47222740e-02  2.09555556e-03  5.66878232e-03
 -6.76253434e-04 -4.56578890e-03  1.44596828e-03  1.21238938e-03
 -1.20678243e-02  4.80325862e-03 -6.29486878e-03  6.44954300e-03
 -2.24455223e-03 -8.80524778e-03  1.00751697e+00  1.06383157e-02
 -1.47569975e-02  4.52179724e-03  8.50092621e-03  4.34488789e-03
  4.39417349e-03  8.20966064e-03 -4.76699075e-03 -3.29597795e-04
 -2.18868018e-03 -3.41651387e-03  3.59976310e-03 -1.05205956e-02
  6.94781090e-03  3.61632898e-03  3.94189304e-04  1.01759062e+00
  1.60466157e-03  4.62800015e-03  2.54729367e-04 -3.52259998e-03
  6.19129224e-04 -6.77272727e-03  2.73932197e-03  7.18144897e-03
  2.29843941e-03 -7.93988586e-03  1.01244974e+00  3.98261933e-03
  2.06187635e-04  1.84150546e-03  1.00680194e+00  2.86011960e-03
  4.62309162e-04 -2.85519397e-03  5.79848820e-03  8.14181145e-03
  8.78963665e-03  2.42882744e-03  1.01204245e+00  2.82492339e-03
 -2.53653316e-03  2.95908486e-03  2.07440357e-03  9.01329926e-05
  3.74000000e-03  4.77302205e-04 -6.21360925e-03 -2.37139073e-03
 -1.27987153e-02 -7.97259715e-03  3.19881636e-03 -1.38422422e-03
 -1.22464841e-03  1.76120272e-03  6.59025230e-04 -6.61737712e-03
  5.06720046e-03 -2.85863342e-03 -1.00202989e-02  3.71723795e-03
 -5.53353655e-03  5.06666667e-04  6.37336600e-03  1.01117966e+00
 -6.79334678e-03  3.25680781e-03 -5.55153024e-03  4.27395184e-03
 -6.65772493e-03  1.01068499e+00  7.08301731e-03  2.78595052e-03
  1.22888889e-03 -1.26369148e-03  2.26741155e-03 -4.41470014e-03
  4.02132862e-03  6.23792932e-03 -5.72114992e-03  7.75786753e-03
  3.38660229e-03 -4.79713255e-03  1.15205180e-03  1.01406068e+00
  3.15581095e-04  1.02802360e-03 -1.96162913e-03  1.00772216e+00
  7.81019560e-03 -1.34444936e-02 -1.29672909e-03  2.71264150e-03
  3.41218533e-03  4.57515673e-03  1.00714699e+00  1.01626404e+00
 -9.20192810e-03  6.82567233e-03  1.42943307e-03  5.41940756e-03
  4.85825891e-04  8.36281212e-03 -1.14847057e-03  7.59662693e-03
 -2.18495989e-03 -1.81817040e-03  1.53019392e-03  1.00969392e+00
  1.02624967e-02  2.93401317e-03  8.18080830e-03  1.01204877e+00
  7.44839133e-03  2.08947906e-03 -9.43422963e-03  1.01064680e+00
  8.62158923e-03  2.45966888e-03  1.00481778e+00 -2.68882508e-03
  1.01407477e+00  4.72214878e-03  1.00981550e+00 -1.03268933e-02
  5.75939648e-03 -8.57883853e-03  1.78118429e-04  5.59932160e-03
 -2.07886568e-03  2.92508371e-03 -1.03268933e-02  1.01345996e+00
 -6.59500234e-03 -6.22390283e-03 -1.48332168e-02  4.89408159e-03
  1.64544301e-04  1.40719782e-03  4.02325083e-04  4.95102151e-03
 -5.12579508e-04  1.00272776e-02  1.01212408e+00  1.09328957e-02
 -3.45502665e-03  5.62057746e-03  6.61394166e-03  2.16484681e-03
  1.73813608e-04  1.00968428e+00  5.11362768e-03  2.46058702e-05
 -1.83732603e-04 -6.38458641e-03  1.01041778e+00 -1.86421460e-03
  3.78641304e-03 -4.31945244e-03  1.01047078e+00 -1.40865324e-02
 -5.42687548e-04  9.53373917e-05 -3.32692308e-03 -7.70584801e-03
 -7.54985675e-03 -5.84200501e-03  1.00830171e+00 -5.67606862e-05
  3.81233059e-03 -4.82095985e-03  4.07354234e-03 -2.92666667e-03
 -8.98656899e-05 -3.53737594e-03  1.01260151e+00  1.73953931e-03
  1.18855901e-03  2.41777778e-03  5.70188186e-03 -9.16690501e-03
  6.19292101e-03  8.78578693e-03 -4.00445102e-03  2.77927541e-03
 -6.82944023e-03 -6.15062518e-04 -5.67319577e-05 -8.51355920e-03
  1.00992588e+00  5.65129024e-03  8.88436243e-04  1.97628349e-03
  2.90178610e-03  2.65670508e-04  5.72037017e-03 -1.06376433e-02
 -2.90190579e-04  8.96528816e-04 -5.43676510e-03 -1.09031593e-05
  1.01174343e+00 -2.91174675e-03  1.11120092e-02 -5.06833696e-03
  6.07333333e-03 -8.63965708e-03  1.84761458e-03  2.64081926e-03
 -7.71021158e-03 -1.81508003e-03  4.01652001e-03  7.20549026e-03
 -8.83526183e-03 -1.91451247e-02  1.08571097e-03  8.58326403e-03
  2.84901381e-03 -1.