[ 1.01003631e+00  1.83090452e-03 -1.47123444e-03 -9.26529583e-04
 -8.83185119e-03 -1.77713827e-02  2.60641513e-03  1.00663942e+00
 -1.53119724e-03  1.00715637e+00  4.20089416e-03  1.21103896e-02
 -1.79097865e-03  1.07907556e-02 -9.15587728e-03 -1.16781719e-02
 -4.39314878e-03  1.00749833e+00  1.00229215e+00 -1.52480341e-03
 -2.19687578e-03  3.70704126e-03 -5.66076930e-03 -1.76361234e-03
  1.01846586e+00  3.55556210e-03 -2.16950046e-02  1.01039127e+00
  1.01431349e+00  3.60255647e-01  1.00552483e+00  1.01186934e+00
 -2.01238186e-03  1.01119028e+00 -3.95417285e-03  1.01597652e+00
  1.00806702e+00  1.00661737e+00  1.00390419e+00  3.98564084e-03
  5.92203879e-04  1.01248132e+00  1.00394081e+00  1.01148586e+00
  1.66643661e-03 -9.16713453e-03  5.25363004e-03 -7.70041322e-04
  1.00155856e+00  8.08206186e-03  3.52912286e-03  1.01265296e+00
  1.00413045e+00 -1.16850115e-03  9.99724674e-01  5.78435388e-03
  9.98288084e-01  1.26249224e-02 -4.24441717e-03  4.99195668e-03
  6.11749181e-04 -1.24123711e-04 -1.14992956e-02  2.15123087e-01
  2.68642432e-03  1.01055430e+00  5.28502050e-03  5.86272772e-03
  1.00531465e+00 -7.95917526e-03 -9.30438862e-04  9.96577567e-01
  2.39648181e-03  1.00736507e+00  1.01015284e+00  6.21601240e-03
 -2.46167355e-03  1.01574786e+00  1.00496993e+00 -1.37380958e-03
 -7.95465021e-03  1.70405498e-03  1.01043746e+00  1.01169918e+00
  6.25388316e-03 -2.83962947e-03  1.01068562e+00  2.41464363e-03
 -8.51149488e-05  9.85505167e-03 -2.29872072e-02  3.27221138e-03
  5.32177445e-03  7.21115743e-03  1.01197816e+00 -2.47230356e-03
  1.01633995e+00  1.01195590e+00  7.76282581e-03 -8.17916122e-04
  1.00632353e+00 -4.94101240e-03 -1.20139330e-02 -7.91130130e-04
 -9.21676888e-04  3.11442110e-03  4.46175155e-03  4.96247038e-03
  1.00704940e+00  4.92436850e-01 -6.04919833e-03  6.95256936e-03
  1.01532605e+00 -7.92746075e-03  1.89987152e-03  5.62703454e-03
  4.97969096e-03  2.23128810e-01  3.30249588e-03 -5.09370043e-03
  1.47407223e-03  8.08900889e-03  1.00563695e+00 -7.26401612e-03
  5.33474934e-03  1.00585957e+00 -1.55435775e-02 -6.07512577e-04
 -3.59905272e-03  1.00626890e+00  1.00727280e+00 -8.76412115e-03
  3.65820783e-03 -1.24337146e-02  8.04969008e-03  9.96093949e-01
 -1.26036256e-03  6.40508591e-03  1.00612939e+00  1.01475748e+00
 -2.62710858e-03 -6.34625822e-03  5.01388429e-03  1.86937406e-03
  5.03023105e-03 -1.31015677e-04  3.89130006e-03  9.77350500e-01
  1.02173780e+00  2.77989838e-03  1.01428389e+00  4.33576819e-03
 -1.16543174e-03  1.03176177e-03  1.00994518e+00  1.01560672e+00
 -8.89285262e-03 -7.66687227e-03  6.07564189e-04  1.12942375e-02
 -1.21450097e-02 -9.02735035e-04  9.07416973e-03  1.00482027e+00
  4.93342613e-04 -7.41725105e-03  2.02601956e-03  5.36966088e-03
 -9.15684831e-03 -6.00544236e-03  6.88471304e-04  1.62072122e-03
 -1.07603397e-02  2.74501718e-04  6.68818395e-03 -4.77017182e-03
  7.67424566e-04  4.36858048e-03 -1.01692327e-02  6.85130471e-03
 -9.70661113e-04  5.71720941e-03 -1.21721384e-02  8.65896912e-03
  6.46146702e-03 -7.87670103e-03 -1.20191939e-02  1.00317084e+00
  4.45379461e-03  1.00760080e+00  1.67055785e-03  1.81952635e-03
  2.61322314e-03  1.00371742e+00 -1.09915730e-02  1.01267902e+00
  1.01390670e+00  1.33514909e-02  7.49329338e-03 -1.32085386e-02
  8.50376021e-03 -1.34570347e-02  5.97548501e-03  8.98247473e-01
 -8.06597933e-03  1.00985611e+00 -1.83090963e-02  5.73558720e-03
  1.01068255e+00 -9.31450954e-03 -3.49792009e-04  4.67617431e-03
  1.01304966e+00  1.00865158e+00 -1.71214105e-02  1.07302993e-02
  7.71008914e-03  1.10481685e-02 -7.22040792e-03  5.66456195e-03
  6.12172301e-02  4.80933453e-03  1.56348458e-03  5.28637347e-03
 -7.23728578e-03  1.00667055e+00 -1.04316972e-03  2.62753967e-03
  2.27574386e-03 -7.15395127e-03  5.01338817e-03 -8.36875691e-03
  5.61396326e-03  7.73760471e-04  1.01684702e+00  1.01316916e+00
  1.28673224e-03  1.00362945e+00  1.08099490e-02 -2.37841924e-03
 -1.02968354e-02  3.65753856e-03 -7.94095441e-03  1.00645736e+00
 -1.03079736e-03  4.98704804e-03  1.00473404e+00  2.34646037e-03
  7.25499639e-03  1.00510105e+00  1.01107286e+00  7.57105731e-03
 -3.75711957e-04 -4.39872103e-03  1.01632890e+00  6.63808735e-04
  1.00569356e+00  1.01587588e+00 -2.22104368e-03  6.73154320e-03
  9.11514219e-03  4.66294921e-03 -5.71556379e-03  1.00574174e+00
 -6.64560044e-03  2.45640413e-03  8.01211758e-04  5.72952837e-03
 -5.48679651e-04  1.00494322e+00  1.32486989e-02  1.00803215e+00
 -1.18198343e-03 -6.80808655e-03  2.44724123e-01 -3.55749522e-03
  1.00569842e+00  5.76682266e-03  1.01098241e+00  4.01628871e-03
  1.00261219e+00  8.72012786e-04  1.01813809e+00  1.00369867e+00
  6.52064954e-04 -1.11726558e-03 -9.43047913e-03  9.99761624e-01
  1.00667151e+00  8.05057941e-03  1.00821592e+00  6.48523180e-03
 -7.34844537e-04  1.00715123e+00  9.03464657e-03 -4.87181951e-03
  9.01229607e-03 -5.70323368e-03  1.00953325e+00  5.99489932e-04
 -9.56550451e-04  1.00569167e+00  1.01043762e+00  1.00636249e+00
  8.74848731e-01  5.67656357e-03 -6.73418610e-03  6.59141256e-03
 -9.00384880e-03  4.63878824e-04  2.88842975e-04  3.76108527e-03
 -5.21763041e-03  9.09973568e-03 -1.44006192e-03  1.00440288e+00
 -5.47120275e-03  1.27750320e-03  1.00330595e+00  5.28316295e-03
  3.92135160e-03 -1.09235876e-02 -1.41290427e-02 -8.45772724e-05
  1.46701288e-03 -7.51719208e-03  6.52092777e-03  1.01044865e+00
  2.22072562e-03  4.08578854e-03 -1.99679752e-03  4.59133167e-03
  1.00377513e+00  4.72105910e-03 -2.07484548e-03  1.01205150e+00
  1.74264780e-04  8.03640161e-03 -1.54700424e-03  2.27014088e-03
  1.26419244e-03 -2.39263240e-04 -6.28201058e-03 -4.81489109e-04
  1.05013066e-02 -3.79361093e-03  1.01135072e+00  5.32212670e-01
  1.00779026e+00 -2.59814604e-03  1.00836576e+00  1.01160306e+00
  2.28218152e-03  3.38891359e-04 -1.38531766e-02  1.68810558e-03
 -5.27224053e-03  1.00437422e+00  4.29037900e-03  1.01063876e+00
 -1.61124840e-03  1.00745506e+00  1.00854942e+00  9.19417989e-03
  4.89695850e-03  9.07539544e-03  5.99675087e-03  7.85186256e-04
  1.01598942e+00  2.