[ 9.88758267e-01  2.18697932e-03  4.34659483e-01 -1.14122890e-02
  4.96639424e-03  2.86652126e-03  9.94317012e-01  1.00544904e+00
 -2.20973343e-03  1.59978553e-01  4.68297972e-03  9.97237900e-01
  1.00772417e+00 -1.60142073e-02  7.12334761e-03  1.00269998e+00
 -7.68024135e-03  1.00655509e+00 -1.69675604e-03 -1.29662919e-03
  1.12937313e-02  1.00714714e+00 -6.21818350e-03  6.50108538e-03
 -3.46451215e-03  1.00837045e+00 -6.30523109e-03  9.13706950e-03
  1.00072262e+00  6.77237336e-03  7.83308287e-03  1.01354638e+00
  4.40158649e-01  1.00375464e+00 -5.36504526e-03  3.32215273e-03
  1.00481307e+00  9.99811817e-01 -2.97094345e-03 -1.57913562e-02
  8.24937839e-03  9.99889935e-01  6.75468104e-01  1.18146033e-02
  8.04000049e-03  5.43100550e-03  5.33232676e-03 -8.91978207e-03
  4.22873096e-02  5.02530615e-03  7.79533184e-01  8.69963554e-01
  2.12139463e-01  5.61911250e-01  5.67147787e-01 -3.64028194e-03
  1.00547751e+00  7.69045545e-01  3.46483778e-03 -7.85893883e-03
  1.66523824e-01  9.92370404e-01 -1.60847814e-03 -9.56325665e-03
  7.51275543e-01  4.36469227e-03  1.01139587e+00  1.35617362e-01
 -9.58862348e-03  6.84085064e-03  6.26484002e-03  9.97541425e-01
  1.04941919e-02  4.43319399e-01  4.07737859e-03  4.27877492e-01
 -3.48757282e-03  7.13055256e-03  8.53896599e-05  2.33169863e-01
 -1.11096666e-02  6.33705528e-02  4.08977302e-03 -5.23376892e-03
 -9.66751376e-03  1.01552464e+00  5.37416399e-01  7.70944414e-01
 -1.86702664e-04  5.39803817e-03  9.95698097e-01 -1.73592526e-03
  1.00687708e+00  1.91856016e-01  1.00892280e+00  9.98631638e-01
  5.81982111e-03 -1.05903080e-02  8.14039522e-03  4.91818820e-02
  4.00599174e-03  1.27412964e-02  9.15015798e-01  6.59174762e-04
  5.24107993e-03  2.03464718e-03 -5.37377336e-03  7.98386294e-04
  1.05896196e-01  1.22319215e-03  1.39216956e-02  1.11889301e-02
 -4.23444282e-03  1.00563111e+00  1.00502893e+00  5.31609919e-03
  4.90928667e-03  3.67778434e-03  7.66170596e-03 -1.22737683e-03
  1.00134970e+00 -1.02318896e-02  2.85450566e-03  9.96826430e-01
  1.00198545e+00  5.98739342e-03  1.67143772e-03 -2.39458270e-03
 -1.48159578e-03  8.02131384e-03  8.28400735e-03  1.00715763e+00
  2.82315031e-01  1.00475668e+00  8.45399337e-01 -2.91452087e-03
 -7.12316155e-03 -2.88561140e-03  2.65138202e-03  4.22100697e-01
  1.02855416e-02  7.61475922e-03  2.53412409e-03  1.03232946e-02
  1.00962832e+00  1.23434701e-01  4.88462239e-03  9.99337342e-01
  1.00270935e+00 -1.75374488e-03  8.13951572e-03  8.32031922e-02
  1.37977627e-02  1.02116397e-02  6.64674587e-03 -7.81154425e-03
 -6.88981657e-03  1.00573774e+00  1.51126322e-02  1.00892153e+00
  3.29185807e-01 -3.85866578e-03  1.03378402e-02  1.07832989e-02
 -2.71333641e-04  9.73853309e-03  8.17249928e-03  4.75848635e-03
  1.00632492e+00 -3.11280206e-03 -3.03222065e-03  9.49592715e-04
  1.00053867e+00 -6.71432934e-03  3.21256443e-01  1.00541823e+00
  8.67199471e-01  9.95770813e-01  3.85276527e-03  2.54741747e-03
  1.81558850e-01 -5.10924445e-03  4.33661635e-03  1.00609193e+00
  9.95515043e-01  6.78275111e-02  1.54318249e-03  7.58052777e-03
  1.00845970e+00  3.20710929e-04  8.31972613e-01  8.72665359e-01
  9.97087428e-01  9.93056296e-01  4.74382005e-01 -6.08132948e-04
 -6.72217100e-03  4.59456808e-01  3.85991758e-01 -9.25044075e-04
  2.16332353e-03  1.00148596e+00 -8.69943308e-03  9.63112453e-03
 -8.44488899e-03 -4.81110170e-03  1.16032094e-03  1.00313658e+00
  2.92777668e-03  2.64063225e-03  6.57692987e-03 -6.80175231e-03
  1.05629057e-02  1.20816361e-02 -4.11972198e-04  6.02964188e-03
  3.09209898e-01 -4.03173790e-03  1.16063524e-02  4.91065516e-03
  2.91608526e-03  6.17992297e-01 -1.28502243e-03 -6.81154639e-03
  4.37411048e-03  1.44372350e-02 -3.69632105e-04  4.43909161e-03
  1.91593110e-03 -7.18338977e-04 -1.89557306e-03  9.52085620e-02
  3.24119782e-03  6.86842655e-03 -1.83848380e-03  7.46941298e-03
  1.08110613e-02  8.05919220e-04 -2.87620278e-03  4.16151920e-03
  2.47428048e-03 -2.90089347e-03  6.76536243e-01 -1.69656780e-03
  5.41967806e-01  6.43016302e-01  8.95758438e-03  7.95780823e-03
  4.75875116e-01  9.99958789e-01  1.57758894e-02  6.79273668e-03
  5.52518580e-03  9.53364453e-03 -7.55536306e-03  1.32009476e-02
 -6.46370385e-03 -5.87368884e-04  5.52403975e-03  1.24210360e-02
 -9.50877999e-03  8.18177970e-03  9.63749617e-01  5.93900049e-01
  3.54284946e-03  6.76920962e-03 -1.24693184e-03  5.88800705e-03
  1.00350618e+00  5.65107211e-01  6.21151887e-02 -1.23095494e-02
  1.05009088e-02  1.99841756e-03 -7.14466931e-03  1.54307386e-03
  1.70776014e-03 -5.41622375e-03  4.70558869e-03  3.89164104e-03
  1.00848252e+00  1.34290149e-02 -2.07699282e-02  9.98531337e-01
  3.84861823e-03  6.07063251e-01  1.00923585e+00  8.03078664e-03
  1.27834638e-02 -9.48076472e-03 -3.06633263e-03  4.49575314e-03
  9.46808632e-03  3.00920955e-01  1.91997227e-03  1.00989382e+00
  1.00502145e+00 -4.08089109e-03  5.52290549e-03  8.68026293e-01
  5.81099634e-03  3.38776632e-03  1.02871787e-02 -6.32164761e-03
  1.00830007e+00  6.45681797e-03 -3.67366221e-03  8.16786807e-01
  1.00488380e+00  2.41625958e-01  8.56315588e-01  6.31897691e-05
  9.29408063e-03 -6.46597938e-04  1.01081013e+00  3.39460028e-03
  6.64145030e-01  6.34141893e-03  1.37622501e-02  8.54759526e-03
  8.98990707e-03  1.00368862e+00  9.95979786e-01  6.41241924e-01
  7.85445755e-03  7.94873264e-03  2.35263786e-01 -5.07084909e-03
  2.97907223e-01 -4.98125770e-04 -4.93678135e-03  1.01188948e+00
  1.70218276e-03 -3.71456954e-03  1.01507995e+00 -7.69451861e-03
 -2.87150609e-03 -3.34784343e-03  1.02515527e-01 -9.34175367e-03
  9.56551976e-03  6.78363363e-03  1.38923932e-02  9.06087846e-03
  6.84570336e-03 -3.40289384e-04  7.82089620e-03  2.07309959e-03
  8.35644420e-01  1.50264995e-02  2.05802187e-01  4.04474927e-03
  6.76326519e-01 -1.23110888e-02  1.22092307e-02  7.07575589e-03
  1.00621988e+00  4.19496503e-03  1.30310545e-03  9.98611420e-01
  4.30964877e-03 -4.26241857e-03  9.94654971e-01  8.56653844e-03
  3.65525590e-04  4.21731420e-03  1.22526417e-02  9.03008442e-03
  7.71581413e-03  9.