[0.         1.         0.00832511 0.         0.         1.
 0.         1.         1.         0.75745783 0.         0.
 1.         0.         1.         0.         0.         0.
 1.         0.         0.         0.         0.42618625 0.
 0.         0.         1.         0.         0.         1.
 0.         0.         0.         1.         0.         1.
 0.         0.         0.         0.         0.         1.
 0.         1.         0.         0.         0.33472572 0.
 0.         0.41052718 1.         0.         0.         0.
 1.         0.         0.         0.         1.         0.37440809
 0.         0.         1.         0.         1.         0.
 1.         0.         0.68400298 0.         1.         0.
 1.         0.         1.         1.         0.         0.
 0.         0.         1.         0.         1.         1.
 0.         1.         0.         0.         1.         0.
 1.         0.         0.         0.6918438  0.         0.
 0.         0.         0.         0.         0.         0.
 1.         1.         0.         0.         0.68625197 1.
 0.         1.         0.         0.         1.         1.
 0.         0.         0.         0.         0.         0.
 0.         1.         0.         0.54168505 1.         0.
 0.         0.         1.         0.         0.         0.
 0.         1.         0.         0.         0.         1.
 0.         0.         0.         1.         0.20520646 0.
 0.6793241  0.         0.         0.         1.         1.
 0.         1.         0.         1.         0.         0.
 0.         1.         1.         1.         0.         0.
 0.         0.         1.         1.         0.         0.
 0.         1.         1.         1.         0.         1.
 1.         0.         0.         0.         0.         0.91188546
 0.         0.         0.         0.         0.         1.
 0.         0.         1.         1.         0.         1.
 0.         0.         1.         1.         0.         0.
 0.         0.         0.         1.         0.         1.
 0.         0.         0.         0.         0.         0.
 0.43652314 1.         1.         0.         1.         1.
 0.         0.         0.         1.         0.33475311 0.
 0.         0.         0.         0.         0.         0.
 0.         1.         1.         0.         1.         0.
 1.         0.         1.         0.         0.         0.
 0.         0.         0.         0.         0.         1.
 0.         0.         0.         1.         1.         0.
 0.         0.         1.         1.         0.         1.
 1.         0.         0.         1.         0.         0.53549775
 0.         0.         0.         1.         1.         0.
 1.         0.         0.         0.         0.         0.
 0.         1.         1.         0.         0.         0.
 0.         0.         1.         1.         0.         1.
 1.         0.         0.         0.         1.         0.
 1.         0.         0.         0.         0.         0.
 0.         0.         0.87805165 0.         0.         0.
 0.         1.         0.         0.         0.         0.25410487
 1.         0.         0.         0.         0.         0.91725114
 0.         0.         0.         0.         0.19078411 0.
 0.         0.         0.         0.91460132 1.         0.
 0.         0.82514273 1.         0.         0.         1.
 1.         1.         1.         0.         0.         1.
 0.         0.         0.         0.18515765 1.         1.
 0.         0.         0.         0.         0.         0.
 0.         0.         0.         0.         1.         1.
 0.         0.         0.         0.         1.         0.
 0.         0.         0.         0.         0.2651289  0.
 0.         1.         0.         1.         0.         0.2152478
 1.         0.         0.         1.         1.         0.
 0.         1.         0.         1.         1.         0.
 0.         1.         1.         0.         0.         0.
 0.         0.         1.         0.         1.         0.
 0.         0.         1.         0.         0.         0.
 0.         0.         0.         1.         0.         1.
 0.         0.         0.         1.         1.         0.
 0.         0.         0.         0.         0.         0.
 0.         0.         0.         1.         1.         0.
 0.         0.         0.         0.         0.         0.
 0.         0.         0.         0.         0.         0.
 1.         0.32184599 0.         0.         0.         0.
 0.         1.         0.         0.         0.         0.
 0.         0.         0.         1.         0.         0.
 0.48505162 0.         0.         0.         0.         0.
 1.         0.         1.         0.         1.         0.
 0.         0.         0.         0.         1.         0.
 0.         0.         0.         1.         0.         0.
 1.         1.         0.         0.         1.         1.
 0.         0.         0.         1.         0.         0.
 0.         0.         0.         1.         0.         0.66383459
 0.         0.         1.         0.         0.         0.
 0.         0.         0.         1.         0.         0.
 0.         0.         0.         1.         1.         0.
 0.         0.         0.         0.         1.         0.
 0.         0.         1.         0.         1.         1.
 1.         0.         1.         0.         0.         1.
 0.         0.         0.         1.         0.         1.
 0.01668206 0.         0.         0.         0.         0.
 0.         0.         0.         0.         1.         0.
 0.32424101 1.         0.         0.         0.         0.
 0.         1.         1.         0.         0.         1.
 0.         0.         0.         0.         0.         1.
 0.         1.         1.         0.         0.         0.
 0.         1.         1.         0.74264303 0.26211742 0.
 0.         0.86258215 1.         1.         0.         0.
 0.         1.         1.         0.         0.         0.
 1.         0.         0.         0.         