[4.52115024e-01 5.94067154e-01 4.76133826e-01 2.09082364e-01
 1.30137837e-01 3.16950693e-01 4.53801313e-01 3.46110099e-01
 9.48763345e-01 1.36066991e-01 4.12364770e-01 5.05552544e-01
 1.24379373e-01 3.01475597e-01 6.18482662e-01 6.88316070e-01
 2.62484635e-01 1.99811690e-01 9.19182423e-01 6.53131849e-01
 9.58307269e-01 4.22177854e-01 8.07014206e-01 3.88065994e-01
 1.66421924e-01 9.16417636e-01 8.78528377e-02 4.77077140e-01
 6.35509702e-02 4.07782619e-01 6.39263011e-01 4.38690651e-01
 9.52136850e-01 1.48890715e-02 4.01391972e-01 1.42017231e-01
 2.20648447e-01 9.20907974e-01 8.66342014e-01 8.10075923e-01
 8.11135851e-01 2.69151843e-01 4.66185930e-01 5.69940124e-01
 7.77323664e-01 5.35506888e-01 3.35812248e-01 9.61018842e-01
 6.62129166e-01 5.59843040e-01 7.82168349e-01 9.25632855e-01
 4.78556244e-01 4.93770997e-01 4.76675737e-01 9.75115586e-01
 7.97307570e-01 1.66865967e-01 9.42540788e-01 4.72954255e-01
 7.71368873e-01 8.44476477e-01 6.53425591e-01 4.58529702e-01
 3.29769458e-01 1.67284977e-01 2.20619503e-01 1.46348042e-01
 6.04865652e-01 7.03880174e-01 3.20476149e-01 6.58828376e-01
 8.49123815e-01 6.61947319e-02 1.08601117e-01 9.92654166e-01
 3.64716695e-02 8.85956609e-01 2.00255426e-02 3.46082624e-01
 6.14652089e-02 8.47829901e-01 9.47232389e-01 9.88970756e-01
 6.78785473e-01 3.30782599e-01 8.66508794e-01 2.40522127e-01
 3.02638635e-01 1.85091095e-01 9.95218764e-02 4.26888559e-02
 9.85928348e-01 4.47252076e-01 3.10807924e-02 2.69407068e-01
 4.44014041e-01 7.63394489e-01 8.02932800e-01 9.60577009e-01
 3.93444547e-01 6.31015045e-01 8.72679775e-02 9.76310562e-01
 8.82007438e-02 3.16213173e-01 9.52603976e-01 4.51331314e-01
 8.16506769e-01 2.55775134e-01 8.38321752e-02 6.14146102e-01
 1.60080248e-01 2.42185085e-01 5.44289302e-01 5.35761278e-01
 1.02605148e-02 9.44510745e-01 8.88905251e-02 7.83821008e-02
 5.02350206e-01 4.49673182e-01 3.29457444e-01 9.99301178e-01
 7.89665130e-01 2.36809702e-01 6.63919801e-01 3.53043099e-01
 7.85941189e-01 9.86952734e-01 1.80500292e-01 1.15287926e-01
 5.80646640e-02 8.15709190e-01 9.20000409e-01 4.89974208e-01
 7.97511733e-01 5.58576826e-01 2.04498226e-01 4.39657121e-01
 9.63925970e-01 2.68939384e-01 1.76454470e-01 2.02886044e-01
 7.48648429e-01 7.94856125e-01 2.55308135e-01 9.11093180e-01
 5.19609488e-01 2.35630694e-01 5.07268915e-01 2.10947346e-01
 8.12063389e-01 5.50407727e-01 7.85498690e-01 4.38644819e-01
 2.83172881e-01 1.76049118e-01 1.70349139e-01 5.16028839e-01
 9.62319401e-01 5.88967334e-01 7.75662030e-01 3.29486883e-01
 1.57349180e-01 5.10211761e-01 9.73773560e-01 1.82753993e-01
 7.99091324e-01 8.79993775e-01 7.67984094e-01 7.09324806e-01
 8.97803700e-01 7.80270214e-01 2.67868110e-01 8.93559765e-02
 4.47600111e-01 3.72292267e-01 1.16200077e-01 4.07277463e-01
 7.00454276e-01 3.91405194e-01 2.74459289e-01 3.21737711e-01
 9.17076660e-01 5.32846036e-01 6.56312936e-01 2.75102303e-01
 4.90656707e-01 4.99006293e-01 5.79947213e-01 1.45067308e-01
 8.32686267e-01 9.16500879e-01 3.03644104e-01 3.99303842e-01
 5.32758570e-01 4.83610056e-01 5.21393953e-01 8.36443230e-01
 4.74721620e-01 8.48592662e-01 8.66454107e-01 7.22464783e-01
 7.84193088e-01 3.96752864e-01 6.35740633e-01 1.47414952e-01
 2.54395003e-01 4.31740009e-02 3.99278795e-01 1.33077782e-01
 9.21297343e-01 8.06562969e-01 2.63106836e-01 6.51832391e-01
 7.89867879e-01 3.95422719e-02 9.09101969e-01 3.31528091e-01
 6.46257669e-01 4.10738180e-01 5.00023909e-01 3.36301843e-01
 7.74383047e-01 3.05479654e-01 6.02875794e-01 6.40103016e-01
 5.81117139e-02 3.15022048e-01 4.18010247e-01 1.74748794e-01
 8.85074056e-01 2.03140068e-01 1.85801394e-01 4.68611125e-01
 9.24762637e-01 4.38457928e-01 5.75592536e-02 2.81947070e-01
 9.61455649e-02 3.41259326e-01 7.66770612e-01 7.01142034e-01
 5.51344826e-01 5.22970614e-01 6.71931260e-01 8.40395583e-01
 2.81253252e-01 6.51429377e-01 7.27262945e-01 3.25348088e-01
 2.45135250e-01 7.25732437e-01 4.25825232e-01 8.82668846e-01
 8.70485037e-01 6.90415958e-01 5.16157708e-01 7.67287395e-01
 9.12866607e-01 2.34509988e-01 7.95871351e-01 7.07393450e-01
 4.83860253e-01 3.79272080e-01 3.13024542e-01 3.74165899e-01
 5.52333698e-01 8.68953199e-01 5.32597994e-01 6.25191110e-01
 7.84406648e-01 6.65919111e-01 2.80129446e-01 1.76097163e-01
 2.99090184e-01 6.99778480e-01 4.31398285e-01 9.77146394e-01
 4.60101815e-01 3.06446313e-01 7.81478317e-01 2.44310232e-01
 6.62369230e-01 2.28526597e-01 2.55366028e-01 3.93684392e-01
 5.00360834e-01 6.40042837e-01 5.01357087e-01 5.88753423e-01
 3.67564778e-01 8.62514302e-01 6.99944604e-01 9.31512497e-01
 7.33146177e-02 7.56285406e-01 7.30838843e-01 9.48378908e-01
 5.57058985e-01 2.17702616e-01 9.56350218e-01 8.51573297e-01
 2.89565016e-01 6.19620130e-01 5.79346153e-01 8.32733581e-01
 7.75997488e-01 6.27748730e-01 7.70594493e-01 5.88482973e-01
 3.78478677e-01 7.69094592e-01 9.25483104e-02 2.02705508e-01
 4.35812753e-01 1.75504368e-01 7.51906253e-01 7.15286606e-01
 8.70912387e-01 5.33525658e-02 1.85508840e-01 6.18825323e-01
 6.70342228e-01 5.47073093e-01 7.32156208e-01 5.59846628e-01
 2.25121517e-01 3.30087494e-01 4.76342571e-01 6.09000543e-01
 3.89570540e-01 8.73070913e-01 1.16008026e-01 5.67393725e-01
 1.89242344e-01 3.89336375e-01 6.56013680e-01 5.16641828e-01
 6.02440610e-01 3.84396659e-01 8.61904975e-01 2.10837230e-01
 2.91611644e-01 5.67382112e-02 7.48322765e-02 4.55756643e-01
 5.34564765e-01 8.77669039e-01 8.77622257e-01 8.31164639e-01
 2.47700367e-01 3.09908605e-01 1.35149923e-01 8.45104770e-01
 6.28033938e-01 5.17701165e-01 4.34443550e-01 2.44576707e-01
 3.82622817e-01 1.66768875e-01 2.77924421e-01 1.28492636e-02
 6.99086834e-01 1.98395680e-01 9.16317082e-01 2.85728564e-01
 1.41060402e-01 6.73795950e-01 5.14899012e-01 1.98538636e-02
 5.28164259e-01 8.27528057e-01 4.13586996e-02 5.33188550e-02
 4.84070947e-01 4.32004384e-01 6.42963939e-01 1.65431084e-01
 7.44553330e-01 3.71809367e-01 4.79069079e-01 9.13415302e-01
 4.77002344e-01 5.19549851e-01 5.10934762e-01 8.41577079e-01
 7.42322914e-01 8.81280844e-01 9.65394541e-01 2.95859486e-01
 7.55908475e-01 8.1328