[0.34180521 0.08218191 0.79213205 0.86332151 0.68679131 0.27990223
 0.55321169 0.06877645 0.79606304 0.36853641 0.95701885 0.99061339
 0.10726935 0.30412483 0.91402978 0.21349389 0.7853788  0.30948025
 0.18635617 0.54701403 0.39137537 0.90458567 0.36437945 0.70642973
 0.45595233 0.44616459 0.27760708 0.50864153 0.61736064 0.61525002
 0.6486424  0.64830825 0.90115971 0.92274357 0.09498418 0.78561782
 0.41140835 0.4414645  0.23883632 0.94340196 0.03451871 0.43564431
 0.6699266  0.17342759 0.18859523 0.46056972 0.67414467 0.34553623
 0.27697094 0.28040661 0.87405239 0.25441032 0.49170799 0.24071636
 0.06944864 0.96800991 0.40397873 0.67324493 0.61929228 0.36904237
 0.32014006 0.87750474 0.08687993 0.95951464 0.82975022 0.14874387
 0.62445489 0.80488368 0.25258268 0.06623922 0.24199968 0.14382776
 0.34821323 0.99748068 0.78800999 0.52163333 0.56534325 0.4306658
 0.2793193  0.53842652 0.8213054  0.45576005 0.58941901 0.44045456
 0.83929019 0.74762565 0.3314597  0.36927005 0.6618657  0.91308546
 0.72975901 0.95867625 0.57820812 0.58172279 0.8469827  0.51784252
 0.18844698 0.8841971  0.51018156 0.34411968 0.18395435 0.18095712
 0.56472198 0.43107013 0.09023041 0.25251551 0.11477094 0.70204384
 0.64757661 0.22737126 0.95356719 0.42298383 0.62894316 0.84438702
 0.78613902 0.34283689 0.70271915 0.03847247 0.73526895 0.28934887
 0.13096241 0.70003861 0.55952719 0.10950002 0.46255624 0.83260678
 0.60231026 0.74448967 0.96540708 0.71407154 0.52727935 0.27298056
 0.29191522 0.3985014  0.59950275 0.08068304 0.10695731 0.80163168
 0.70711055 0.89916075 0.69061711 0.88906391 0.80632544 0.91628037
 0.24131418 0.38597314 0.4864998  0.21852124 0.87358202 0.5721232
 0.60491269 0.19166422 0.02663524 0.13711741 0.07389165 0.83863509
 0.28796236 0.56172862 0.06839338 0.09062268 0.30518558 0.06461528
 0.42538399 0.74628587 0.34520187 0.50497235 0.59376181 0.3522919
 0.08614625 0.90472733 0.15537753 0.35756362 0.66368543 0.2861721
 0.16893565 0.04240143 0.35002094 0.42546453 0.2809924  0.41180267
 0.87377244 0.09929193 0.50225351 0.87954188 0.75056104 0.11575386
 0.86950897 0.59188901 0.75969816 0.28551659 0.98544062 0.61365795
 0.73718358 0.23941706 0.30739677 0.99472127 0.96259414 0.11172275
 0.22961089 0.24764113 0.99074073 0.46825841 0.14057455 0.41199579
 0.56955765 0.09683331 0.25930329 0.75465652 0.4337538  0.58140276
 0.20515488 0.84845287 0.40565369 0.68175795 0.15810116 0.16159871
 0.19280624 0.59077047 0.91324953 0.39744842 0.18689593 0.80129243
 0.54300905 0.50429342 0.01173817 0.84158658 0.69667371 0.89714539
 0.29096183 0.64649126 0.44536729 0.89387514 0.46335606 0.16695386
 0.34768808 0.10428291 0.18636344 0.09483903 0.42319356 0.40634081
 0.53067254 0.19008349 0.44530042 0.15579819 0.10141023 0.98635196
 0.03907632 0.9216067  0.49753264 0.7034121  0.11123276 0.34969003
 0.35882986 0.43121016 0.93523452 0.1144866  0.8174228  0.99224942
 0.70797389 0.12555571 0.33839177 0.18135966 0.62159522 0.03022299
 0.74632004 0.15000256 0.09431706 0.4444594  0.2543243  0.4349737
 0.6988931  0.81877329 0.97626648 0.08557891 0.39406495 0.34274045
 0.30627081 0.41031639 0.89792732 0.10577936 0.99871518 0.46793433
 0.03480051 0.40674431 0.85829084 0.98388775 0.80265097 0.47262378
 0.08924575 0.99982889 0.69680671 0.46310948 0.06776861 0.97060957
 0.41340104 0.70236284 0.57233251 0.2853467  0.03265936 0.40954656
 0.25089309 0.94827889 0.61049311 0.11090218 0.35888754 0.03770631
 0.40049047 0.66116776 0.02152221 0.24318692 0.56337814 0.77385109
 0.27351841 0.90155611 0.27777284 0.5546046  0.85501346 0.30797644
 0.3487076  0.86860058 0.17416189 0.82240386 0.38877588 0.46956054
 0.15757887 0.98502572 0.73354766 0.22266517 0.63024056 0.7260564
 0.28572823 0.68763899 0.43503955 0.6489664  0.12360533 0.09922025
 0.75896225 0.54311064 0.59614366 0.12265097 0.28411056 0.19227436
 0.93742086 0.18438352 0.7080141  0.52466078 0.46319475 0.68704626
 0.54577675 0.69144259 0.81533239 0.90457595 0.01221683 0.09948417
 0.12871166 0.76570561 0.26890258 0.49519247 0.52094859 0.83869521
 0.62623678 0.62577909 0.97016553 0.73725705 0.33678188 0.81132072
 0.32861414 0.63233217 0.42562097 0.47876656 0.79394419 0.16485388
 0.82571619 0.69639397 0.36731402 0.9650461  0.31726266 0.72948853
 0.77177595 0.75200799 0.77833363 0.55051754 0.41936838 0.87123798
 0.59787024 0.04773951 0.25919558 0.00731405 0.24664857 0.23163979
 0.29363791 0.56982297 0.01063521 0.22689281 0.37026352 0.21599355
 0.80693501 0.07633097 0.519476   0.14003159 0.96723371 0.04231626
 0.75965924 0.73228617 0.43376366 0.46617408 0.87876031 0.56369182
 0.16902937 0.57267591 0.77337584 0.91918352 0.0621766  0.20417108
 0.53311497 0.61297778 0.61275155 0.46817479 0.66727563 0.4975978
 0.48119783 0.7512207  0.07093683 0.58885903 0.63679877 0.69692277
 0.86909329 0.83967006 0.22393917 0.07430081 0.36913514 0.35756667
 0.78374842 0.51582444 0.18375848 0.9878045  0.11781466 0.34798341
 0.87698908 0.38886386 0.19469994 0.21133922 0.46515228 0.71948134
 0.98686252 0.04129992 0.2273655  0.36150494 0.18423959 0.62694178
 0.89718812 0.02491622 0.82540021 0.37031207 0.52742928 0.57530178
 0.37788737 0.37885144 0.86125295 0.75768942 0.11835933 0.6648314
 0.25430805 0.74954765 0.63361182 0.57458285 0.81253618 0.32476274
 0.59501829 0.15839406 0.26971561 0.06589741 0.61664626 0.36335967
 0.1097264  0.76910872 0.57049427 0.75142222 0.48971417 0.6968658
 0.31786841 0.91575124 0.59762771 0.08453634 0.56797195 0.86745384
 0.59772224 0.12305824 0.51039428 0.5627505  0.21370122 0.58864661
 0.30331357 0.02054535 0.14396929 0.4697451  0.46854574 0.77648731
 0.49904774 0.16604229 0.81067051 0.85586291 0.20055347 0.80238507
 0.14582756 0.81831448 0.01170862 0.89591782 0.3391141  0.87078814
 0.39636464 0.92116516 0.95876938 0.00999844 0.05044711 0.79079992
 0.02700236 0.7917826  0.22462089 0.36919912 0.71268369 0.13271245
 0.08683255 0.48266675 0.77860932 0.84463623 0.88414245 0.09531412
 0.93102489 0.99723646 0.31157592 0.11254084 0.67593393 0.02342125
 0.42038846 0.37373854 0.71705834 0.99814328 0