[0.39255917 0.66448675 0.07854096 0.7938096  0.41916485 0.96595767
 0.36996246 0.49868618 0.29811743 0.02399944 0.31495482 0.13691814
 0.26085636 0.77451224 0.42627377 0.51558064 0.76214045 0.8482866
 0.94761338 0.24970594 0.97411152 0.91837878 0.30153538 0.59247919
 0.32836253 0.31827566 0.19600539 0.88183541 0.27044075 0.41672086
 0.89624256 0.27460924 0.85106269 0.16170756 0.06671566 0.56840288
 0.8587246  0.89481507 0.03978147 0.80112314 0.49558165 0.60467035
 0.6000751  0.08982349 0.80551615 0.07440588 0.15311316 0.37391788
 0.15064523 0.59432901 0.9262271  0.80615142 0.82974435 0.67844126
 0.88068908 0.11679582 0.80640199 0.11869153 0.92806206 0.02163554
 0.17156936 0.38224952 0.86110165 0.76128579 0.25408566 0.81540577
 0.09104246 0.60314848 0.14379545 0.86628988 0.36445895 0.70928989
 0.07009753 0.75012661 0.39976872 0.23039543 0.08112897 0.12926075
 0.22177912 0.73968189 0.25826113 0.98058097 0.74882911 0.45488231
 0.3431999  0.19575689 0.22962072 0.35877998 0.82358875 0.52324187
 0.34291934 0.98543997 0.1073813  0.24471182 0.22517541 0.41269424
 0.09168581 0.03021181 0.44843607 0.10193612 0.54606101 0.5427946
 0.24621018 0.39539481 0.06826297 0.94703069 0.05765637 0.44225956
 0.69161432 0.50153446 0.29913332 0.31626833 0.3507634  0.62951217
 0.11086412 0.38205645 0.65050501 0.47469943 0.52996142 0.27196509
 0.00729465 0.15052259 0.92201793 0.12846845 0.09820967 0.69163266
 0.76611295 0.61600504 0.75017588 0.12709587 0.57092859 0.33162712
 0.32595163 0.55746823 0.57602704 0.10572216 0.25542518 0.34821691
 0.92240452 0.82100871 0.64743002 0.35794544 0.39067079 0.76112366
 0.23572463 0.92275499 0.21494922 0.54294653 0.72990489 0.84143496
 0.50263712 0.3541051  0.95532036 0.14355315 0.63787301 0.28880281
 0.38877817 0.92052824 0.24269636 0.47369216 0.78921208 0.92612754
 0.35376353 0.75511263 0.18778413 0.81214573 0.69058944 0.40147601
 0.0250169  0.67152647 0.01053698 0.12975691 0.6513996  0.09043
 0.83106161 0.7668744  0.95346127 0.7655927  0.06674029 0.33031573
 0.0377561  0.30355992 0.91502126 0.95833249 0.15197296 0.11639475
 0.1534876  0.44557927 0.07484849 0.38703693 0.23188933 0.5540856
 0.43088185 0.8992597  0.99674947 0.59672133 0.87984095 0.52009724
 0.16531906 0.43864699 0.76348631 0.24896613 0.51366363 0.17544387
 0.49794029 0.4035554  0.80462804 0.06338331 0.47946124 0.04025704
 0.12951667 0.56551287 0.80535916 0.81253932 0.26120458 0.73178004
 0.56184082 0.99418512 0.94580327 0.04155229 0.05951712 0.32639171
 0.70491833 0.28806591 0.25259813 0.16144242 0.17555815 0.76858804
 0.87704342 0.41885331 0.0744905  0.75267278 0.31180317 0.12600342
 0.80643649 0.25657879 0.42406676 0.20759139 0.4924449  0.4582715
 0.4307377  0.0454144  0.04455942 0.39017689 0.36678292 0.27529224
 0.66594151 0.33926728 0.31625907 0.67992774 0.3743325  0.70507231
 0.56637229 0.91509341 0.98394252 0.02662036 0.49361285 0.92232841
 0.4394307  0.82940703 0.78355043 0.54300527 0.0512172  0.08554644
 0.21679623 0.75117877 0.59684126 0.18477123 0.92769103 0.54011302
 0.11565131 0.21673907 0.21102332 0.39747827 0.08055587 0.89464891
 0.26326203 0.6356244  0.33735258 0.7676495  0.88031252 0.60121339
 0.87820651 0.77715804 0.77467072 0.70100956 0.90313177 0.32843072
 0.43889137 0.84276247 0.09739859 0.34431393 0.2615354  0.38304375
 0.02336143 0.53649686 0.28263725 0.12316671 0.49987311 0.67019749
 0.13995398 0.54463025 0.08841189 0.99924214 0.81909834 0.42527944
 0.43355577 0.06894118 0.80944763 0.90965184 0.5481224  0.19146643
 0.50555485 0.00424291 0.01366265 0.01862757 0.60623499 0.25415321
 0.07219966 0.69696894 0.48427534 0.21633989 0.83031841 0.86218868
 0.64060163 0.06290557 0.71728963 0.30590995 0.50503145 0.07900756
 0.67896154 0.04882922 0.5861073  0.18960071 0.54630031 0.00132772
 0.14326595 0.85486586 0.11863975 0.23824946 0.75214622 0.02583169
 0.24804076 0.49247677 0.45632233 0.95695927 0.28622347 0.78163455
 0.78797893 0.26026987 0.4465939  0.51467911 0.25799915 0.89350549
 0.90079091 0.43380959 0.81961961 0.61858775 0.36617263 0.47960725
 0.61056128 0.39309469 0.09235618 0.54960288 0.99150492 0.04662175
 0.59623533 0.48853295 0.62535693 0.17427038 0.19815961 0.87677493
 0.92083127 0.59864812 0.65519852 0.96251872 0.7415074  0.95167788
 0.85227767 0.36565829 0.07444319 0.85587094 0.34658702 0.0051174
 0.47930194 0.99634325 0.24880113 0.52515899 0.38247854 0.89657505
 0.35284888 0.71592962 0.723752   0.5207734  0.15872024 0.95349521
 0.98289382 0.15179898 0.7939997  0.27516132 0.50453198 0.2860689
 0.32118167 0.68588726 0.17218414 0.18622542 0.87157062 0.98276684
 0.77330337 0.15238909 0.17037795 0.35584818 0.79935968 0.30145617
 0.40649404 0.07109055 0.31496507 0.15025266 0.07065672 0.210672
 0.65028993 0.28064777 0.37337668 0.67215739 0.51970222 0.64507593
 0.14637703 0.96439747 0.80867463 0.26796755 0.70109676 0.03412923
 0.16736152 0.03976242 0.53780753 0.66680394 0.17805946 0.7486712
 0.03360749 0.94654367 0.57323928 0.0793013  0.71101996 0.67494382
 0.49578759 0.16943232 0.90900502 0.37198022 0.70166191 0.82428723
 0.73024621 0.86863455 0.49594933 0.95333883 0.69384109 0.42739711
 0.96353547 0.54416038 0.40578918 0.944155   0.04740865 0.79546539
 0.16214005 0.14595995 0.72012707 0.00131547 0.79275508 0.86397827
 0.21095814 0.43513967 0.07262026 0.91549124 0.18941655 0.18517355
 0.12786974 0.81870318 0.1591954  0.58147713 0.26263011 0.33779634
 0.90137813 0.98180991 0.922919   0.37249105 0.24214565 0.37972675
 0.31360068 0.77032339 0.82589465 0.88236721 0.92953326 0.1593567
 0.75552405 0.22054228 0.59163739 0.63721668 0.69036739 0.607632
 0.26674584 0.35269157 0.65451316 0.20791439 0.06066615 0.27670859
 0.0999432  0.11056253 0.30952641 0.28184125 0.41365816 0.34925638
 0.48532855 0.07876417 0.54921247 0.58084577 0.20943521 0.1545388
 0.79042125 0.03221366 0.7663479  0.23213898 0.7681416  0.1400985
 0.40120116 0.75927032 0.48392805 0.03574229 0.56541466 0.25534499
 0.37303976 0.53474322 0.86687526 0.68526297 0.89878798 0.85518963
 0.14899797 0.37509422 0.08071152 0.19125147 0.6194878