[7.75764409e-01 7.68648524e-01 5.31274550e-01 1.15682053e-01
 2.61268380e-01 8.71461263e-01 4.77573538e-01 1.97395349e-01
 8.15303984e-01 4.21786672e-01 1.52467022e-01 9.81733035e-01
 6.93232831e-01 2.83158413e-01 9.51683140e-01 8.83814843e-02
 9.51897960e-03 3.39774996e-01 8.05480069e-01 5.15351083e-01
 9.59982892e-01 9.32825363e-01 5.44905380e-01 5.99067083e-01
 5.55499560e-01 6.62580984e-01 9.31509418e-01 9.39924311e-01
 8.12025224e-02 3.59569694e-01 3.91893083e-01 4.76156820e-01
 7.74472387e-01 7.40629751e-05 7.20064129e-01 7.65863283e-01
 9.46666712e-01 9.05810281e-01 1.34914368e-01 9.25972552e-01
 9.08853883e-01 4.26757495e-01 8.22839491e-01 5.08977892e-01
 4.43958727e-01 8.85863764e-01 8.47865938e-02 5.15054756e-02
 7.67465565e-01 9.11304714e-01 2.85780551e-01 5.63051048e-02
 6.83934447e-01 3.15331812e-01 5.81206524e-01 4.12358794e-01
 5.69581751e-01 8.09571408e-01 1.43237030e-01 9.05207662e-01
 6.47789867e-01 3.41643870e-01 5.19010913e-01 9.04701318e-01
 6.29523073e-01 8.18930970e-01 6.58858140e-01 9.67742437e-01
 2.76850465e-01 9.63456371e-01 8.46240335e-01 3.38173486e-01
 5.45400251e-02 1.82960618e-01 3.66266956e-01 8.11346746e-01
 7.41880576e-01 4.90606186e-01 2.59862409e-01 1.55913284e-01
 7.49610301e-01 7.39091566e-01 8.71349767e-01 7.12641027e-01
 8.68514492e-02 4.13467917e-01 3.35802607e-01 7.23635433e-01
 8.97186867e-01 1.70263540e-01 1.79978054e-01 2.80173028e-01
 7.00687301e-02 7.57627201e-01 5.89352590e-01 9.94362150e-01
 6.17198211e-01 3.22919461e-01 7.57165246e-01 7.26264951e-01
 1.89389888e-01 3.36366537e-01 6.23589397e-01 6.57344714e-01
 6.87332221e-01 9.40063743e-01 4.23587977e-01 5.97034806e-01
 4.23683484e-01 1.60029811e-01 1.52535283e-01 6.98027020e-01
 7.07331264e-02 4.53839613e-01 1.55712139e-01 5.39049781e-01
 4.74646518e-01 6.46296730e-02 3.21413226e-01 5.40949956e-01
 2.37168214e-01 6.60905404e-01 2.76131810e-01 8.93050038e-01
 1.91694501e-01 2.68186519e-01 1.03687854e-01 4.10492241e-01
 8.40896529e-01 5.56298698e-01 4.12474833e-01 5.96211409e-01
 8.36984012e-01 4.53934495e-01 1.76129639e-02 6.69234311e-01
 9.46268068e-01 5.48492467e-01 1.32499942e-01 5.73936891e-01
 8.21902603e-01 4.35107737e-01 3.90352805e-01 2.91949995e-01
 1.44157387e-01 4.34628770e-01 7.51921121e-01 1.71561239e-01
 5.59105704e-01 9.56005898e-01 8.25499203e-01 4.09219112e-01
 5.57400388e-01 6.47251464e-01 8.55318568e-01 3.39724542e-01
 3.53219539e-01 7.99209907e-01 1.11294296e-01 6.87194218e-01
 8.35674753e-01 2.43187966e-01 9.35689806e-01 9.32567583e-01
 5.77480803e-01 7.87945370e-01 2.38214931e-01 5.91645955e-01
 7.22249532e-02 4.02934098e-02 4.36660667e-01 2.89526820e-01
 4.26225443e-02 6.09131849e-01 8.14353684e-01 7.65287390e-01
 9.58429186e-01 6.75237546e-01 4.47532240e-01 8.37573720e-01
 8.78535254e-01 2.75439350e-01 2.88932947e-01 7.56432694e-01
 8.35743653e-01 4.31301123e-01 1.63848156e-01 2.94071657e-01
 3.60992763e-01 9.15842879e-01 7.58256638e-01 9.95155964e-01
 6.52467276e-01 5.22550887e-01 7.53282668e-01 1.26129715e-02
 5.41341643e-01 1.97998741e-01 4.72919882e-01 2.95159826e-01
 4.10689228e-01 7.14821470e-01 1.69052966e-01 8.70971835e-01
 2.88036123e-01 8.66270444e-01 2.96218901e-01 7.83770895e-01
 5.55622174e-01 7.35961537e-01 4.30689125e-02 7.38924589e-01
 8.92452176e-01 7.07984439e-02 3.39132761e-01 6.94700813e-01
 5.07734648e-01 3.62457145e-01 9.88988273e-01 1.17756128e-01
 8.06606767e-01 8.83914979e-01 8.81388183e-01 2.45050983e-01
 9.44692511e-01 8.44713763e-01 6.73186873e-01 7.09266789e-01
 6.19919925e-01 7.19935375e-01 6.30479635e-01 8.93308655e-01
 8.91769996e-01 6.74646212e-02 2.40584363e-01 7.23901405e-01
 6.86219128e-01 3.31508527e-01 5.36280435e-03 3.41393999e-01
 6.74539376e-01 6.93163728e-01 2.95842606e-01 6.95546739e-01
 9.65605543e-01 4.23131422e-01 3.46688399e-01 1.70742053e-03
 6.39940213e-01 2.24382177e-01 1.14474579e-01 6.36896388e-01
 9.76120999e-01 1.47309112e-01 5.95265965e-01 5.17069476e-01
 5.69212333e-01 8.55440557e-02 6.58554736e-01 8.33973266e-01
 2.36226705e-01 5.34154506e-01 1.30270127e-01 9.39117179e-02
 4.20761243e-02 1.81838341e-02 4.07981017e-01 3.69737842e-01
 4.70145062e-01 6.99918889e-01 4.38160626e-01 9.27939383e-01
 9.66893524e-01 3.69162237e-01 4.49498025e-02 9.74372227e-01
 3.22120877e-01 5.85129340e-01 6.39170438e-01 4.81474089e-01
 4.15650273e-01 7.12831148e-01 8.40066125e-01 1.38141777e-02
 3.61436791e-01 8.20034956e-01 7.35680965e-01 9.38041841e-01
 5.61554116e-02 6.18932907e-01 4.87922072e-01 1.63391353e-01
 2.70595815e-01 3.38086232e-01 4.68625119e-01 2.22144654e-01
 5.26439198e-01 7.00536700e-01 5.10714377e-01 7.81397368e-02
 2.03471232e-01 1.82518699e-01 7.87448352e-01 1.03837417e-01
 9.85795890e-01 2.30083156e-01 3.10118421e-01 5.83160008e-01
 1.51059761e-01 9.41575823e-01 5.29475123e-02 2.06560328e-01
 3.83202673e-01 8.76246189e-01 1.52820724e-01 1.88840116e-01
 2.18172377e-01 6.67486082e-01 2.61685970e-01 6.06062237e-02
 9.41223520e-02 8.02001364e-01 1.61752655e-01 3.96187696e-01
 3.30491873e-01 4.17860732e-01 1.57136301e-01 3.72666503e-01
 6.35478085e-01 6.16515175e-01 9.40791690e-01 8.50569983e-01
 5.73912154e-01 5.26772427e-01 5.78620260e-01 3.02660416e-03
 5.61413752e-01 2.93834503e-01 8.16124157e-01 1.46504790e-01
 5.12056708e-01 1.65835211e-01 5.08154338e-01 9.95960518e-01
 4.11079494e-01 4.57989633e-02 8.84560167e-01 3.75898109e-02
 6.74887366e-01 1.36272583e-01 4.50362351e-01 9.74039234e-01
 4.11956500e-01 8.20916656e-01 4.25324003e-01 7.04670984e-01
 8.34147235e-01 7.89839653e-01 3.28957903e-01 1.15139876e-01
 5.57851411e-01 4.91568993e-01 4.59505394e-01 2.65314244e-01
 8.43437895e-01 6.76369790e-01 4.95440572e-01 4.97690968e-01
 7.70192117e-01 8.49717870e-01 8.79901820e-01 1.17630425e-01
 2.59246480e-01 6.74285093e-01 3.76479839e-02 1.50325948e-01
 7.22522972e-01 7.62267371e-01 8.29917029e-01 1.35250324e-02
 6.24702988e-01 1.29097314e-01 5.28912035e-01 3.53383816e-01
 1.10911505e-01 3.98299385e-01 4.47818889e-01 7.54283642e-02
 1.53646456e-01 7.31563499e-01 6.43930428e-01 1.07298290e-01
 9.10011650e-01 7.6992