[-1.12417333e-02  2.18697932e-03 -1.16173481e-03 -1.14122890e-02
  4.96639424e-03  2.86652126e-03 -5.68298811e-03  5.44904031e-03
 -2.20973343e-03  1.51201123e-03  4.68297972e-03 -2.76209989e-03
  1.00772417e+00 -1.60142073e-02  1.00712335e+00  2.69998354e-03
 -7.68024135e-03  1.00655509e+00 -1.69675604e-03 -1.29662919e-03
  1.01129373e+00  1.00714714e+00 -6.21818350e-03  1.00650109e+00
 -3.46451215e-03  1.00837045e+00 -6.30523109e-03  1.00913707e+00
  7.22624156e-04  1.00677237e+00  1.00783308e+00  1.01354638e+00
  2.54542868e-03  3.75463739e-03 -5.36504526e-03  3.32215273e-03
  4.81306818e-03 -1.88183422e-04 -2.97094345e-03 -1.57913562e-02
  1.00824938e+00 -1.10064887e-04  2.02846967e-03  1.01181460e+00
  1.00804000e+00  5.43100550e-03  5.33232676e-03 -8.91978207e-03
  1.01109533e+00  5.02530615e-03  5.68155465e-03 -3.49921437e-04
  1.99927069e-03 -1.14056858e-02  3.98970026e-04 -3.64028194e-03
  5.47751457e-03 -4.23209395e-03  3.46483778e-03 -7.85893883e-03
  2.32211489e-03 -7.62959550e-03 -1.60847814e-03 -9.56325665e-03
  1.11834601e-03  4.36469227e-03  1.01139587e+00 -5.22294704e-03
 -9.58862348e-03  1.00684085e+00  1.00626484e+00 -2.45857532e-03
  1.01049419e+00  1.01300424e+00  4.07737859e-03  1.00736074e+00
 -3.48757282e-03  1.00713055e+00  8.53896599e-05  4.41244033e-04
 -1.11096666e-02  1.00999861e+00  4.08977302e-03 -5.23376892e-03
 -9.66751376e-03  1.01552464e+00 -2.31120249e-03 -3.26199742e-03
 -1.86702664e-04  5.39803817e-03 -4.30190253e-03 -1.73592526e-03
  1.00687708e+00 -1.49539157e-02  1.00892280e+00 -1.36836180e-03
  5.81982111e-03 -1.05903080e-02  1.00814040e+00  1.00658528e+00
  4.00599174e-03  1.01274130e+00  3.44229979e-03  6.59174762e-04
  5.24107993e-03  2.03464718e-03 -5.37377336e-03  7.98386294e-04
  1.00798004e+00  1.22319215e-03  1.01392170e+00  1.01118893e+00
 -4.23444282e-03  5.63110611e-03  5.02893349e-03  5.31609919e-03
  4.90928667e-03  3.67778434e-03  1.00766171e+00 -1.22737683e-03
  1.34970367e-03 -1.02318896e-02  2.85450566e-03 -3.17357011e-03
  1.98545020e-03  5.98739342e-03  1.67143772e-03 -2.39458270e-03
 -1.48159578e-03  1.00802131e+00  1.00828401e+00  1.00715763e+00
 -8.22907506e-03  4.75667572e-03  4.46215864e-03 -2.91452087e-03
 -7.12316155e-03 -2.88561140e-03  2.65138202e-03  1.00680798e+00
  1.01028554e+00  1.00761476e+00  2.53412409e-03  1.01032329e+00
  1.00962832e+00  1.00752697e+00  4.88462239e-03 -6.62657595e-04
  2.70934538e-03 -1.75374488e-03  1.00813952e+00 -1.10660924e-02
  1.01379776e+00  1.01021164e+00  1.00664675e+00 -7.81154425e-03
 -6.88981657e-03  5.73773802e-03  1.01511263e+00  1.00892153e+00
  5.08119611e-03 -3.85866578e-03  1.01033784e+00  1.01078330e+00
 -2.71333641e-04  1.00973853e+00  1.00817250e+00  4.75848635e-03
  1.00632492e+00 -3.11280206e-03 -3.03222065e-03  9.49592715e-04
  5.38668849e-04 -6.71432934e-03 -4.74002269e-03  5.41822732e-03
  1.00769826e+00  1.00655940e+00  3.85276527e-03  2.54741747e-03
  1.19527436e-03 -5.10924445e-03  4.33661635e-03  6.09193086e-03
 -4.48495672e-03  2.16279061e-04  1.54318249e-03  1.00758053e+00
  1.00845970e+00  3.20710929e-04 -5.45630374e-03 -1.73257390e-03
 -2.91257209e-03 -6.94370447e-03  4.19484085e-03 -6.08132948e-04
 -6.72217100e-03  3.70775448e-03 -2.79175220e-04 -9.25044075e-04
  2.16332353e-03  1.48596158e-03 -8.69943308e-03  1.00963112e+00
 -8.44488899e-03 -4.81110170e-03  1.16032094e-03  3.13657982e-03
  2.92777668e-03  2.64063225e-03  1.00657693e+00 -6.80175231e-03
  1.01056291e+00  1.01208164e+00 -4.11972198e-04  6.02964188e-03
  5.55640480e-03 -4.03173790e-03  1.01160635e+00  4.91065516e-03
  2.91608526e-03  5.86823110e-03 -1.28502243e-03 -6.81154639e-03
  4.37411048e-03  1.01443723e+00 -3.69632105e-04  4.43909161e-03
  1.91593110e-03 -7.18338977e-04 -1.89557306e-03  4.02454202e-03
  3.24119782e-03  1.00686843e+00 -1.83848380e-03  1.00746941e+00
  1.01081106e+00  8.05919220e-04 -2.87620278e-03  4.16151920e-03
  2.47428048e-03 -2.90089347e-03  3.38099870e-03 -1.69656780e-03
  1.00769190e+00 -3.57298494e-03  1.00895758e+00  1.00795781e+00
  1.00856714e+00 -4.12110523e-05  1.01577589e+00  1.00679274e+00
  5.52518580e-03  1.00953364e+00 -7.55536306e-03  1.01320095e+00
 -6.46370385e-03 -5.87368884e-04  5.52403975e-03  1.01242104e+00
 -9.50877999e-03  1.00818178e+00  1.00694111e+00 -2.51838008e-03
  3.54284946e-03  1.00676921e+00 -1.24693184e-03  5.88800705e-03
  3.50617792e-03 -5.60569435e-04  5.99416636e-03 -1.23095494e-02
  1.01050091e+00  1.99841756e-03 -7.14466931e-03  1.54307386e-03
  1.70776014e-03 -5.41622375e-03  4.70558869e-03  3.89164104e-03
  1.00848252e+00  1.01342901e+00 -2.07699282e-02 -1.46866332e-03
  3.84861823e-03  2.63389459e-03  1.00923585e+00  1.00803079e+00
  1.01278346e+00 -9.48076472e-03 -3.06633263e-03  4.49575314e-03
  1.00946809e+00  1.00664875e+00  1.91997227e-03  1.00989382e+00
  5.02145163e-03 -4.08089109e-03  5.52290549e-03 -6.50277923e-03
  5.81099634e-03  3.38776632e-03  1.01028718e+00 -6.32164761e-03
  1.00830007e+00  1.00645682e+00 -3.67366221e-03  1.00879504e+00
  4.88380254e-03  1.01444062e+00  3.50766396e-03  6.31897691e-05
  1.00929408e+00 -6.46597938e-04  1.01081013e+00  3.39460028e-03
  1.44287722e-03  1.00634142e+00  1.01376225e+00  1.00854760e+00
  1.00898991e+00  3.68861820e-03 -4.02021372e-03  5.78168337e-03
  1.00785446e+00  1.00794873e+00 -3.81056139e-03 -5.07084909e-03
 -1.30461532e-04 -4.98125770e-04 -4.93678135e-03  1.01188948e+00
  1.70218276e-03 -3.71456954e-03  1.01507995e+00 -7.69451861e-03
 -2.87150609e-03 -3.34784343e-03  1.00744836e+00 -9.34175367e-03
  1.00956552e+00  1.00678363e+00  1.01389239e+00  1.00906088e+00
  1.00684570e+00 -3.40289384e-04  1.00782090e+00  2.07309959e-03
  1.00909179e+00  1.01502650e+00 -8.39141433e-03  4.04474927e-03
  3.16698602e-03 -1.23110888e-02  1.01220923e+00  1.00707576e+00
  1.00621988e+00  4.19496503e-03  1.30310545e-03 -1.38857999e-03
  4.30964877e-03 -4.26241857e-03 -5.34502857e-03  1.00856654e+00
  3.65525590e-04  4.21731420e-03  1.01225264e+00  1.00903008e+00
  1.00771581e+00  5.