[0.         0.         0.         0.         0.         0.
 0.         0.         1.         0.         0.33344741 0.81979137
 1.         0.         0.         0.         0.         0.
 0.         1.         0.         1.         1.         1.
 0.29012671 1.         0.         1.         0.         0.
 0.         0.25025383 0.         1.         0.         0.
 0.         0.         0.         0.         0.         1.
 0.         0.         1.         0.         0.         0.39863097
 0.         0.         0.         0.         1.         1.
 0.         1.         0.51700357 1.         1.         0.08371819
 0.         0.         1.         0.         0.         1.
 0.71189197 1.         1.         0.         1.         0.
 0.         1.         1.         0.         0.08972813 1.
 0.26575825 0.         0.87169769 1.         0.         0.
 1.         0.60579218 0.         0.         0.         0.
 0.         1.         1.         0.         0.         1.
 1.         1.         0.         0.21626748 1.         0.84577283
 0.         0.         0.         0.         0.         1.
 0.         0.         0.         0.         0.         1.
 0.         1.         1.         1.         0.14442138 1.
 1.         0.         0.         0.         1.         0.
 0.         0.         0.         0.         0.         0.
 0.         0.         0.         1.         0.         1.
 0.98485618 0.         1.         0.         0.         0.
 0.         0.         0.         0.8262933  0.         0.
 0.19536053 1.         0.52216126 0.         0.         0.
 0.78917342 1.         0.         0.         0.         0.
 0.         1.         0.73205486 0.         0.         0.
 0.         0.66246882 0.         0.         0.         0.
 0.         0.         0.         0.87762767 0.         0.
 1.         0.         1.         0.         0.         0.
 0.         0.         1.         1.         0.         1.
 0.         1.         1.         0.         0.         0.
 0.         0.         1.         0.         0.         0.
 0.67102956 0.91275841 0.         0.         0.         0.
 1.         0.         0.         0.17162485 1.         0.42131553
 0.78668838 1.         0.         1.         0.         0.
 0.         0.         0.5177682  1.         0.         0.
 0.         0.         0.         0.         0.         0.
 0.         0.43999443 0.         0.49373012 0.         0.24040069
 1.         1.         0.         0.         0.         0.18181954
 0.         1.         0.         1.         1.         0.
 1.         1.         0.         0.33684125 1.         0.
 0.         0.         1.         0.         0.         0.
 0.         0.         0.         0.         0.         1.
 0.         0.         1.         0.         0.14095841 0.
 1.         1.         0.         0.         0.43933814 0.
 1.         1.         0.         1.         1.         1.
 0.         0.         0.         0.         0.         0.
 0.         0.57705857 0.         0.08183148 0.         0.
 0.16898278 0.         0.81080222 0.         0.         0.
 0.         0.         0.         0.         0.32989497 0.
 0.         0.         0.         1.         0.         1.
 1.         0.         0.93696573 0.         0.         0.
 1.         0.         1.         0.         1.         0.
 1.         0.         1.         0.50847999 0.         0.
 0.         0.         1.         0.         1.         0.60551412
 0.0010952  1.         0.         0.         0.7495452  1.
 0.         0.         1.         0.         0.         0.
 0.06581482 0.         0.         0.         0.         1.
 0.         0.         0.         0.         0.02871246 1.
 0.         0.1844228  0.17712014 0.         0.         1.
 0.         0.         0.74429322 1.         0.         0.
 0.         1.         0.         0.08757903 1.         0.
 0.33793349 1.         0.         0.         0.         0.
 0.         1.         0.         1.         0.         0.
 0.         0.         0.         0.         0.         0.
 1.         0.         0.         1.         0.         0.69519206
 1.         0.28238115 0.         0.         0.         1.
 0.         0.         0.4707282  0.         0.         0.
 1.         0.         0.         0.         0.87576725 1.
 0.         0.         0.         0.3930026  0.         1.
 0.07352583 0.5688125  0.16275645 0.         1.         0.
 0.         0.         0.         0.77730431 1.         0.
 1.         0.         0.         0.         0.         0.
 0.         0.         0.         1.         0.19490363 0.
 0.         0.         0.01712494 0.         0.         0.
 0.         1.         0.92812662 0.06223362 0.         1.
 1.         0.         1.         0.         0.         0.
 0.         0.         1.         0.         0.         0.
 0.         1.         0.         0.         0.         0.
 1.         0.64572395 0.         0.         0.         0.
 1.         0.         1.         0.         0.         1.
 0.76410656 1.         0.94214324 0.         0.         0.
 0.         0.         0.85041988 0.20709007 0.62856897 0.
 0.         0.82677188 0.         0.         0.         1.
 0.         0.         0.         0.         1.         0.
 0.         0.89953963 0.         0.94084184 0.08956562 1.
 0.         0.00535984 0.         0.4686439  0.         0.
 0.         0.89387763 1.         0.         0.         0.15790535
 0.34936593 1.         0.         0.         0.         0.40367704
 0.         0.         0.         1.         0.         0.
 1.         0.         0.         0.49448138 0.         1.
 1.         0.         1.         1.         1.         1.
 1.         0.33222305 0.         1.         1.         1.
 0.         1.         0.         0.         0.77459696 0.
 0.         0.         1.         0.         0.         0.
 1.         0.         0.         1.         0.         0.
 0.         0.         0.         0.         0.24371972 0.
 1.         0.         0.         0.         1.         0.
 0.         