[0.         1.         1.         0.99142855 0.99703264 0.99470901
 1.         1.         1.         0.01208459 0.95856351 1.
 0.83055556 1.         0.         1.         0.         0.
 1.         1.         1.         0.99436617 1.         1.
 1.         1.         0.05617978 1.         1.         1.
 1.         1.         1.         1.         0.98876405 1.
 1.         1.         0.98143238 1.         0.03759398 0.97126436
 1.         1.         1.         0.88596493 1.         0.32070708
 1.         1.         1.         0.         1.         1.
 1.         1.         1.         0.93915343 1.         0.89807165
 1.         1.         1.         0.89682537 0.         0.99731904
 1.         1.         1.         0.         0.7235142  0.
 0.98857141 1.         0.83905011 0.99720669 1.         1.
 1.         0.98198199 1.         0.28099173 0.16112532 1.
 0.94219655 1.         1.         1.         1.         1.
 0.         1.         1.         0.64971751 1.         1.
 0.88736266 1.         0.05913978 0.         0.75590551 0.95396417
 1.         0.         1.         0.9972145  1.         1.
 1.         1.         0.76943004 0.89130437 0.         1.
 1.         0.88859415 1.         0.18933333 1.         1.
 1.         1.         1.         0.98966408 0.95561355 1.
 1.         0.89709765 1.         0.         1.         0.99178082
 0.74400002 0.76373625 0.80366492 1.         1.         1.
 1.         1.         0.89693594 0.06951872 0.72492838 0.
 1.         0.87027025 0.15789473 0.9482289  0.00516796 0.12011173
 1.         1.         0.16578947 1.         0.95897436 0.02777778
 0.         1.         1.         1.         1.         1.
 0.77595627 1.         1.         0.07008086 1.         1.
 0.99733335 1.         0.65439093 0.97340423 0.8856383  1.
 0.         1.         0.90730339 0.10282777 0.96816975 0.00530504
 1.         0.99189192 1.         0.44414169 1.         1.
 1.         1.         0.5099715  0.39130434 1.         1.
 1.         1.         1.         0.09065934 0.93421054 1.
 1.         0.99168974 1.         1.         0.99731183 0.7723577
 1.         1.         1.         1.         1.         1.
 1.         0.         1.         1.         1.         1.
 0.95421684 0.99719888 1.         0.70555556 1.         0.98328692
 1.         0.         1.         0.97093022 0.         0.91712707
 0.99450547 0.97849464 0.98944592 1.         1.         0.86246419
 0.9755435  1.         1.         1.         1.         1.
 1.         1.         1.         1.         0.99450547 0.10443864
 1.         1.         1.         0.60547948 1.         1.
 0.99137932 1.         0.         1.         0.97600001 1.
 0.98143238 1.         1.         1.         1.         0.99436617
 1.         1.         1.         1.         0.76984125 1.
 0.99180329 0.97831976 0.97032642 1.         1.         0.94150418
 0.23306233 1.         0.91927081 0.         0.11948052 0.5105263
 1.         1.         0.99415207 1.         1.         0.83244681
 0.89355743 1.         1.         0.99220777 0.         1.
 1.         1.         0.8685714  0.96089387 1.         1.
 1.         1.         1.         1.         1.         0.95505619
 1.         1.         1.         0.         1.         0.20320855
 0.         0.92493296 0.         1.         0.98898071 1.
 0.80738789 1.         1.         1.         0.70483458 1.
 0.98840582 0.2022792  1.         1.         0.99416912 1.
 1.         0.         1.         0.00537634 0.84931505 1.
 0.98941797 1.         0.97727275 1.         1.         1.
 1.         1.         1.         0.96067417 0.99730456 1.
 1.         1.         1.         1.         0.99460918 0.99744248
 1.         0.92518705 1.         1.         1.         1.
 0.03037975 1.         0.         1.         1.         0.9182561
 1.         1.         1.         0.         0.61064428 1.
 1.         1.         1.         1.         1.         1.
 0.77150536 0.29281768 1.         0.15320334 1.         1.
 1.         0.74603176 0.         0.95174265 1.         0.98421055
 0.         1.         1.         0.10677084 1.         1.
 1.         1.         0.91460055 1.         0.99415207 1.
 1.         0.98214287 0.86595172 1.         1.         1.
 1.         1.         1.         1.         1.         1.
 0.11714286 1.         1.         1.         0.99453551 1.
 1.         0.98895025 0.8088643  1.         1.         1.
 1.         1.         0.         1.         0.96249998 1.
 1.         1.         0.09315068 1.         0.99731183 0.98915988
 1.         0.03723404 0.         1.         1.         0.
 1.         1.         1.         0.         0.88795519 1.
 1.         0.88563049 1.         0.00815217 1.         1.
 0.99202126 1.         1.         0.         1.         1.
 1.         1.         1.         1.         1.         0.
 1.         1.         1.         0.         1.         0.1299435
 1.         1.         1.         0.98138297 0.20168068 0.03430079
 1.         0.87855297 0.04878049 0.60547948 1.         1.
 1.         1.         1.         0.8476454  1.         1.
 0.19113573 0.         1.         1.         1.         1.
 0.96264368 1.         1.         0.         1.         0.05994551
 0.98891968 1.         1.         1.         1.         0.
 1.         1.         0.09444445 1.         1.         1.
 0.95953757 1.         1.         1.         0.21010639 1.
 1.         1.         1.         0.96022725 1.         1.
 1.         1.         1.         1.         0.53045684 1.
 0.         1.         1.         1.         0.         1.
 1.         0.         0.         0.01617251 0.         1.
 0.97860962 0.98961037 1.         1.         1.         0.81052631
 1.         1.         1.         1.         0.97783935 1.
 0.99738222 1.         1.         1.         1.         0.
 1.         0.00549451 0.99425286 1.         1.         1.
 1.         1.         1.         0.95135134 1.         1.
 0.99449039 0.         0.96373057 0.         1.         1.
 1.         1.         1.         1.         1.  