[ 2.56233750e-01 -3.01431315e-03  5.87405659e-01  1.96678612e-03
  2.25884219e-03 -3.76681993e-03 -7.67092588e-04 -1.32708137e-03
 -3.01641646e-04  7.77176033e-01  1.00097059e+00  9.02522384e-01
  2.09642531e-03  1.08513607e-03  1.51550287e-03 -2.93434166e-03
 -3.63111961e-04  3.57671347e-02  6.24908552e-02  9.99438206e-01
  7.77726168e-04 -6.61318344e-03 -1.31357292e-03  3.26271826e-03
  3.00397022e-03  9.49567045e-01  9.98507634e-01  5.47062181e-03
 -2.26775146e-03  3.20371478e-03  6.89541185e-03  2.03473941e-03
  5.66138687e-01 -3.43674068e-03  9.98933470e-01 -2.78880241e-03
  1.00589260e+00 -1.97374152e-03  1.68433921e-03 -1.36471330e-03
  7.13960632e-01 -2.84491277e-03  1.79951574e-03  2.76772016e-03
  6.87824183e-01  2.58351865e-03 -6.84646229e-03  3.43038676e-03
  5.78393760e-01  8.06926407e-01  4.35487682e-01  1.00256126e+00
  2.99008345e-03  1.00307462e+00  4.42425667e-01 -4.54511481e-03
  6.69923764e-01  2.36106155e-03  1.00383336e+00  9.33249597e-02
  8.54734397e-01  2.33899945e-01  1.01572836e-03 -1.27660778e-03
  1.00012248e+00  2.95050894e-01  1.66712008e-03  3.94829624e-01
 -5.30695209e-04  3.47300349e-01  7.17350877e-01  1.90375431e-03
  1.00550794e+00 -4.56123674e-04  3.69819433e-01 -2.02320628e-04
  1.90470588e-03  6.85386511e-03  9.99628532e-01  9.22883750e-04
  3.79956776e-03  2.56870737e-03  8.64774437e-01  6.54448995e-01
 -2.14067758e-03 -4.04040681e-03  1.00448594e+00  1.87966591e-01
  1.00295658e+00  2.58404276e-03  1.90423535e-01  2.37398363e-02
  1.00204470e+00  7.31658790e-04  1.00408175e+00  3.87442627e-01
  2.87636143e-03  4.14892879e-03 -2.62560958e-03  8.51230080e-01
  1.00373970e+00  9.85033351e-01  3.17705534e-03  3.31506576e-02
 -1.87254902e-03  1.05358856e-03  5.94799591e-01  2.95534376e-04
 -2.69120950e-03  1.74229810e-03  8.45798240e-03 -4.98274922e-03
  4.93532636e-01 -3.52066219e-03  1.99505517e-03  1.00377339e+00
 -3.17893858e-03  3.04448988e-01  9.98255888e-01 -3.84557225e-03
 -5.62049571e-03 -2.66019560e-03 -5.37785778e-04  1.95754654e-01
 -2.65204902e-03 -3.03253737e-03  1.00224951e+00  1.91733391e-01
 -2.53803095e-03  1.18117203e-04  1.00182237e+00  7.29838788e-01
 -1.27199448e-03  9.99724919e-01  3.27715557e-01  2.82561799e-03
  1.00471724e+00  9.64251305e-02 -7.06650721e-04  1.53748229e-01
  8.26152160e-01  1.00034783e+00  1.99563433e-02  2.04835230e-03
 -3.06308412e-03  1.73069814e-03 -4.33998987e-04  5.46606256e-03
 -1.17721315e-03  1.13664611e-04  9.50233146e-01  8.61430712e-01
  2.55308708e-04  7.49182493e-04  6.37856913e-04  1.00069863e+00
  9.98701214e-02 -1.17008833e-03 -2.83983503e-04  1.99215619e-03
  1.00584567e+00 -3.88170019e-03  7.33808330e-01  7.56355768e-04
  1.40481336e-01  2.85539522e-04  9.97675708e-01  3.52395248e-01
  1.00115511e+00  8.82813423e-01  2.81468964e-01  9.79197818e-04
 -5.55694774e-03 -3.32829644e-03 -6.73062087e-04  9.99062541e-01
 -2.70873037e-03 -2.57264875e-03  3.46350118e-03  1.00524470e+00
  1.88259656e-03  1.00311906e+00  1.75687096e-03  1.00595775e+00
  1.00200035e+00 -1.26167589e-03  1.30036893e-04  5.09142151e-01
  5.02571166e-03  2.10300859e-03 -1.38631607e-03  2.01384499e-01
 -2.54970415e-03 -8.14319152e-04  1.63860708e-01  3.78992093e-05
 -3.14400567e-03  8.06921052e-01 -2.53980798e-03 -9.22402845e-04
  9.97094464e-01 -1.13581115e-03  1.00013402e+00 -1.44757571e-03
  8.51556987e-01  3.75566818e-01  4.59831067e-03  8.80474860e-01
  1.00373201e+00  1.70932924e-03  7.95496257e-01  9.99879794e-01
  9.99866398e-01 -3.69170739e-04 -3.51067473e-05  1.67650142e-01
 -5.60388773e-03 -3.68618399e-03  7.63921956e-01 -6.42709107e-04
  2.10687844e-03  1.00773187e+00  1.80496771e-01  2.04396848e-03
  5.19422770e-01  1.21184991e-03  1.30334528e-03 -3.67045892e-04
  1.61806761e-03  2.29754846e-05  3.33011530e-03 -6.82306414e-04
  2.32522049e-03  7.38752134e-01  3.60752202e-03  1.00372170e+00
  3.12781304e-01 -2.97103247e-03  2.09892273e-03  1.00301294e+00
  1.00809029e+00  9.99365457e-01 -9.65565846e-05  5.06775612e-01
  3.38368409e-03  9.77090598e-01  5.92245251e-02  1.00330597e+00
  1.00291256e+00 -1.15667450e-03  1.63518886e-03  1.00290016e+00
 -3.75355192e-03  1.00387993e+00 -1.77353016e-03 -1.29935499e-03
  4.44694667e-03 -2.90807717e-03  2.49978940e-03  4.03297497e-01
  4.97538766e-03  6.38001346e-02  9.09406150e-01  2.59746988e-03
  1.31549669e-03  3.44801394e-01  2.67049585e-03 -1.68815259e-03
  3.47885290e-03 -1.80939124e-03 -2.82976977e-03 -4.50575633e-03
  9.46182766e-01  7.22553987e-01 -7.49092996e-04 -1.56220714e-03
  1.19369541e-03  1.06445604e-01 -3.98537183e-03  6.72657685e-05
  6.71762523e-01 -7.23997536e-04 -3.96827576e-04  1.00279171e+00
 -1.88840921e-03  1.00464308e+00  2.92183876e-01  1.00175917e+00
  1.00211558e+00 -4.04015493e-03 -1.07459464e-03 -2.83965686e-03
 -3.41578167e-03  1.21124441e-03  1.00498879e+00  1.00408527e+00
 -3.82843005e-03  4.34021185e-04  2.63272851e-03  6.98489568e-02
  1.00430085e+00  1.00379963e+00  1.00122144e+00  1.00013511e+00
  1.66939880e-03  1.87869938e-03  3.23329056e-03  3.74949688e-01
  7.53034317e-01  1.00466257e+00  2.12199002e-03  1.00348198e+00
  1.96537989e-03 -3.68232982e-03  1.82123961e-03 -3.14182374e-03
  1.41285689e-01 -2.19644360e-03  2.74314538e-03  3.74553529e-03
 -6.07342597e-04  1.00145299e+00  1.00157504e+00  9.97332157e-01
 -8.80616082e-06  3.55919124e-01  7.69055543e-04  8.32856519e-04
  8.84285249e-01  1.00239180e+00  1.52544509e-03  5.69303346e-01
  1.13978657e-04  1.29909256e-03  2.35027728e-03 -1.26533586e-03
 -2.75630140e-03  1.58707270e-01 -7.98720592e-04  7.99995635e-01
  2.04443559e-03  5.83767816e-01  9.30124117e-04  1.00230862e+00
  1.20829138e-01  2.52296240e-03  1.00048830e+00  2.37293511e-01
  1.34848043e-03  2.61552239e-03 -1.37159458e-03  2.59025170e-03
 -2.87191271e-03  1.00092431e+00  5.16892593e-03  1.00511976e+00
  9.99363627e-01 -2.01803446e-04  1.81208842e-03  1.88794761e-01
 -3.75321925e-03 -1.89759186e-03  1.33159911e-03  4.89631663e-01
  5.56695407e-01 -1.09465493e-03  1.00206837e+00  2.15937965e-01
  4.46870870e-03 -4.