[-5.89875249e-04 -1.04649819e-03 -1.77214539e-04  1.00100443e+00
 -4.42060245e-04 -7.12203906e-04  9.99729870e-01  1.00263718e+00
 -6.83980695e-04  2.28415357e-01  9.99830915e-01 -2.24935358e-04
  1.00017010e+00  6.36312653e-04 -1.10711096e-03 -4.04508285e-04
  8.37170330e-04 -5.34263996e-05  1.00020849e+00  1.54930399e-03
 -3.11232994e-04  9.17245849e-04 -7.11891678e-04 -3.47351137e-04
  1.00085433e+00  1.00141238e+00  9.99862353e-01  1.00101353e+00
  4.33300652e-04  9.99883307e-01 -7.52590322e-04  5.16780051e-05
 -3.90235610e-04 -8.38190232e-04  1.00155520e+00  1.00263380e+00
 -6.83055792e-04 -1.46487466e-03  1.44970655e-03  6.09648536e-06
  9.99871283e-01  1.00022831e+00  1.91427647e-04  1.00145067e+00
  2.65187572e-04  2.61354124e-04  1.21989987e-03  1.62521158e-04
  1.00159573e+00  1.05518636e-04  5.60793292e-04  9.04391402e-04
 -6.97306888e-04  2.03467095e-03 -6.53811441e-04  3.64142355e-04
  1.45776737e-03  9.99680824e-01 -3.79638000e-04  9.99550404e-01
  7.26512007e-04 -4.58275912e-04  3.51707594e-04  1.11426757e-04
 -1.54638302e-04  1.00051064e+00 -4.23653060e-04  6.04941567e-05
  1.79712071e-03  1.00119102e+00 -4.85614261e-04 -5.28004084e-04
  3.14780354e-04 -2.53544159e-04 -6.87855690e-04 -6.75894177e-04
 -2.98430678e-04  1.00083287e+00 -1.14831248e-03  8.10009644e-01
 -3.49762579e-04  4.31663735e-04  1.00220480e+00  2.73317885e-01
 -9.58050399e-04 -1.49096307e-04 -6.42282385e-04 -1.29769220e-04
  1.00170927e+00  7.64570454e-05 -1.22327833e-03  9.99622854e-01
  1.00163102e+00 -1.93296257e-04 -1.43156314e-04  9.99079413e-01
 -3.87214855e-04  3.69047748e-01  1.00139655e+00 -3.96647286e-04
 -3.09676767e-04  2.18055028e-05 -4.64500000e-04  9.99155070e-01
 -1.00274453e-04  9.99401599e-01  1.00009220e+00  1.07680913e-03
 -7.55979543e-04 -1.43042417e-03 -2.33710526e-04  1.00158009e+00
  3.92534949e-04  6.22007189e-05  8.82676511e-04  3.94636542e-04
 -1.42763179e-03 -1.17663128e-03  2.34416578e-04 -4.10976082e-04
  1.58042755e-03  3.34236925e-04  1.00091808e+00  1.00101900e+00
 -3.03071365e-04 -3.12358574e-04 -2.32986034e-04 -2.25187283e-04
  9.99794492e-01 -1.34732412e-03 -6.89023990e-04 -6.87837518e-04
  1.00108766e+00  3.75463490e-04  1.00090458e+00  1.00007136e+00
  1.00168861e+00  1.00128609e+00 -1.03976141e-03 -1.11468068e-03
  1.00149212e+00  1.00099868e+00  5.32780925e-05  1.00000207e+00
 -5.33014144e-04  7.79381443e-05  4.82176813e-01  1.00113893e+00
  8.57090171e-04  1.00361273e+00 -5.74913814e-04  1.00050472e+00
  9.99754702e-01  9.99509695e-01 -3.47627320e-04 -1.08263652e-03
 -2.65750000e-04  1.00165095e+00  1.00014947e+00 -1.39891978e-04
  1.00067033e+00 -1.20806492e-03  1.00091596e+00 -8.25758267e-04
  1.00156749e+00  1.00180376e+00  9.99208552e-01 -3.70216274e-04
 -9.24711130e-04  1.00206691e+00 -7.87946119e-04  2.23073814e-03
 -8.86622953e-04  3.56823748e-04  3.01011731e-05  1.00177086e+00
 -1.18947788e-04 -1.31126171e-03 -6.53916690e-04  1.00151935e+00
  8.14243680e-04  6.72803802e-01 -7.26163749e-04  9.99942542e-01
 -8.61873091e-04  1.00005488e+00 -1.45257164e-03 -2.53384065e-04
  6.88935426e-05  1.47581076e-04 -1.73131535e-04 -6.79463776e-04
  7.61299426e-01 -1.60385474e-04  1.00155575e+00  1.32141866e-04
 -5.07212763e-04  9.99573781e-01  1.00148058e+00  1.00049399e+00
  9.99995198e-01  1.00021369e+00  6.60447343e-01  1.13829666e-03
 -6.24645737e-04 -1.14429614e-04 -1.96929072e-03 -2.98336821e-04
  9.85885926e-04 -2.57731225e-04 -5.75209839e-04 -3.71368319e-05
  8.90489570e-04  1.00025630e+00  1.00500000e-04 -2.87148234e-05
 -3.76614742e-04 -1.04822009e-03 -4.66349074e-04  4.73175265e-04
  8.24824086e-01  1.75773590e-04 -1.14475101e-04 -5.80472909e-04
  2.59643160e-04 -1.06006078e-03 -4.02700961e-04 -1.15715310e-03
 -3.00936089e-04  1.80840762e-03  9.99948729e-01  1.00037886e+00
  2.11912498e-03 -2.41334808e-04 -9.60258427e-04  4.68166003e-01
 -6.16904538e-04  9.99816257e-01  1.00119654e+00 -2.59428445e-04
  1.00070090e+00 -1.71146880e-04  9.63998259e-04  5.96947701e-04
 -9.86741952e-04 -4.23672725e-04 -1.15098214e-03 -1.61310579e-03
  1.00024939e+00  2.93432839e-04 -6.41372563e-05  9.99760006e-01
  1.58708707e-03  1.00211006e+00  1.00011582e+00  1.00049521e+00
  1.00042893e+00 -3.33838312e-04  1.00286031e+00 -6.39821313e-04
  9.99567829e-01  2.86453775e-01  1.00172186e+00 -3.50805335e-04
  8.07963664e-04  1.26285706e-03 -7.70201144e-04  1.25769439e-03
  8.60512153e-04 -6.81474350e-05 -3.60028985e-04 -1.20035067e-05
  4.67515209e-04 -1.21016348e-03  1.68875637e-03 -3.71498126e-04
 -4.51779559e-04 -1.94117550e-04  1.00301746e+00  9.38408403e-05
  1.00022109e+00 -2.18677251e-03 -4.19922808e-04  1.84863310e-03
  1.00166912e+00 -5.11622238e-04 -8.78991988e-04  1.00055609e+00
  1.84710420e-03  1.00092191e+00 -1.32769258e-03  1.00057413e+00
  9.99957646e-01 -1.34673324e-03 -4.89308589e-04 -3.15706962e-05
 -2.47926441e-04  1.18193312e-03 -9.76651913e-04 -6.46314119e-04
 -5.78082551e-04  9.99655732e-01  1.00008085e+00  6.29125348e-04
 -4.42809183e-04  3.38044351e-01 -2.04402452e-03  2.35595184e-04
  9.99734190e-01  1.00076110e+00  8.89981426e-01 -6.82355024e-04
  1.00031312e+00 -5.05358853e-04  5.16582737e-04  1.30200494e-04
  8.62561213e-04 -3.04080216e-04  9.98572146e-01 -2.48394161e-04
  1.70263187e-03 -5.81650748e-04 -7.49946490e-04 -5.19031021e-04
 -4.31382913e-04  1.00069511e+00 -7.31132434e-04  4.88162885e-04
  1.00071116e+00  1.00079186e+00  1.00021261e+00 -5.81850890e-04
  1.45543241e-04  1.00015049e+00  1.12827770e-03  1.00112999e+00
  7.82876417e-05 -5.72834641e-04 -2.63901488e-03 -3.25750000e-04
 -8.60736059e-05  1.45616804e-03 -8.49498838e-04  4.66373223e-04
  2.05817610e-03  9.99856178e-01 -3.73302552e-04 -1.02062229e-04
 -2.75608434e-04  1.00080431e+00 -6.73577470e-04 -5.25909818e-04
  1.00047683e+00  1.22750137e-03  9.97859936e-01  4.65445495e-05
 -1.38968648e-03 -5.47377859e-04  2.59968982e-05 -5.82087043e-04
  1.00000925e+00 -2.99705504e-04 -2.19378803e-03 -2.44151535e-03
  2.63430663e-04  9.99569035e-01 -9.27319875e-05  1.72404177e-03
  1.00088639e+00 -9.