[ 2.36396772e-04 -1.20646331e-06  9.99919018e-01  1.30026443e-03
  4.30522209e-04  1.00100699e+00 -1.52285976e-03  3.12727892e-03
  1.30934382e-01 -1.22217018e-04 -3.15971268e-04 -5.66268234e-04
 -6.07927150e-04  1.00230421e+00 -2.66393904e-03  9.99917586e-01
  4.60098556e-04  1.00062254e+00  5.04748423e-04  1.00347814e+00
  1.00068423e+00  1.00193144e+00  4.00426740e-04  2.02480586e-04
  1.55281415e-04  1.10263225e-03  1.00000326e+00  1.00264490e+00
  1.88177854e-03  9.98486934e-01 -7.44470196e-04  1.03809171e-03
 -4.12868290e-04  2.64499379e-04  1.60107840e-03  2.82151467e-03
  1.00025770e+00  1.80638475e-01  3.02227222e-03 -1.18176419e-03
 -3.61909120e-04 -5.17102684e-04 -8.37449886e-04  1.00337317e+00
  1.00131706e+00  2.81560677e-01  1.70017774e-01  1.00142502e+00
  2.06518551e-03  3.97672731e-04  7.35669053e-04  1.66242416e-03
  9.99681167e-01  3.10861732e-03 -5.41931073e-05 -1.06135215e-03
  1.95240203e-03 -7.03152041e-04 -1.70357684e-03  1.00035858e+00
  2.56889092e-03 -1.02901308e-03  8.12501214e-01 -1.62090396e-04
 -1.63718616e-03  2.86674281e-04 -1.50667166e-04  3.83414683e-04
  1.00228177e+00  1.89930664e-03  1.11317256e-04  1.90006362e-01
 -2.75289691e-05  3.77178780e-04 -2.23523730e-04 -9.42979926e-04
  5.87045180e-05 -2.16615228e-04 -8.05441766e-04  2.63646637e-03
  1.00167504e+00  1.00086511e+00  1.00217633e+00  7.35678743e-01
  6.89469752e-01  9.99909581e-01 -1.13477696e-03 -1.62433896e-03
  1.65566036e-04 -3.93197103e-04 -2.19633746e-03 -1.60956627e-03
  1.00298983e+00 -2.58572386e-03  1.00138673e+00 -2.24296898e-03
  1.00015958e+00  9.57710825e-01  1.00142681e+00 -8.38588235e-04
 -5.83355872e-04 -1.60251113e-03  3.00363982e-04 -1.09707647e-03
  6.43022292e-04  9.99470605e-01  6.69847017e-01  1.39370618e-03
 -3.66339086e-04 -7.06683707e-04  1.00086211e+00  1.39807260e-03
  1.00049871e+00  1.00066462e+00  1.91876963e-03  1.00239226e+00
  9.99603447e-01  9.30578961e-01 -6.00949904e-04 -6.99814053e-04
  1.00339461e+00  7.06939395e-04  2.18523559e-03  5.32907775e-04
  1.42788309e-04 -6.73171506e-04  1.00019812e+00 -2.23553201e-05
 -2.79250271e-04  2.41632304e-01  1.07857316e-04 -1.09651828e-03
  1.00284338e+00  1.00010318e+00 -7.28291504e-04  4.13856110e-04
  3.09676604e-03  1.00322915e+00 -1.78481372e-03 -5.36509512e-04
  2.06876248e-01  2.43985055e-01 -1.55745442e-03 -7.16867468e-04
 -1.43214832e-03 -6.10614249e-04 -1.50965978e-04  1.00124598e+00
  5.88959637e-01  1.00428336e+00  9.99792597e-01 -9.80847534e-05
 -6.87604303e-04  9.98876177e-01 -2.67626747e-04 -8.90801403e-04
  8.67239382e-05  1.93806861e-03 -1.05702730e-03  1.18805456e-03
  1.27793056e-04 -1.51155322e-03  9.83751565e-04 -5.69354583e-04
  3.14101961e-03  5.54109358e-01 -1.13501838e-03  9.99802523e-01
 -7.95438429e-04  2.71118846e-03 -1.04853701e-03  1.00298244e+00
  9.99299576e-01  9.99923701e-01  1.00044543e+00  1.00350654e+00
 -1.15422732e-03  1.00109589e+00 -8.57708606e-04  1.00328746e+00
  1.86476154e-03  9.99881922e-01  1.00060110e+00 -1.40775334e-03
 -1.60357059e-03 -6.21018435e-04 -3.51628122e-03  1.00177664e+00
 -4.05893043e-05  4.01439921e-05 -5.55871311e-04  1.00014718e+00
  9.99752311e-01 -9.53942890e-04  1.18875385e-03 -1.44539610e-03
 -2.31580545e-03  1.00011952e+00  2.55406053e-04  2.01319629e-04
  1.00009796e+00  1.00090209e+00 -1.15273347e-03  1.96006195e-03
  2.08068270e-01  8.19084168e-04 -4.54203699e-03  1.00010415e+00
  2.11682601e-03 -1.85744140e-03 -1.74472290e-03  1.00037356e+00
  1.73161800e-03  4.18969498e-04  1.00199507e+00 -1.16203788e-04
 -9.14933999e-04 -1.46035950e-03  9.99919002e-01  1.00009793e+00
  1.83939828e-03 -3.10498506e-04 -1.16643137e-03  6.36703718e-04
 -1.64613234e-03 -1.20954480e-05  3.23894313e-04 -1.80638914e-03
  3.17646352e-05  3.57352634e-03  1.00040631e+00 -8.15706831e-04
  1.80253462e-03 -6.37527663e-04  5.70611732e-04 -2.07766363e-03
  9.19721734e-01  9.99347495e-01  1.00232034e+00  1.00089635e+00
 -2.50401323e-04  1.00074269e+00  1.62566582e-03  2.04958131e-03
  1.00044082e+00  9.99448723e-01  9.99274710e-01 -3.03431037e-03
  9.99901779e-01 -2.93790442e-04 -3.06564355e-04 -1.25601668e-03
  1.58470140e-03  1.93073530e-03 -1.26158687e-03  1.00098062e+00
 -8.23677505e-05 -1.24277001e-03  2.16849645e-03  1.00046213e+00
  9.97939112e-01  1.00297838e+00  1.00261622e+00  6.61372378e-01
  1.89478197e-03  1.00220864e+00 -6.26896772e-04  1.00197133e+00
  1.00170157e+00 -4.02333452e-04 -9.10677552e-04 -9.62114664e-04
  1.46293115e-03 -2.78123006e-03  1.00321813e+00 -2.43155335e-04
 -9.82901961e-04  1.00117809e+00  1.95046703e-01  9.99781879e-01
  8.41695463e-04 -1.64663005e-03 -9.60290769e-04  1.00309588e+00
  1.00336353e+00  1.00031956e+00  9.99911358e-01  8.15302260e-01
  3.35897367e-03  2.33065767e-03 -3.80154376e-05  9.99428615e-01
 -3.12627705e-04 -1.76077459e-03 -3.80298360e-04  4.28945425e-04
 -6.06907624e-04  5.47801040e-01  3.95797848e-05 -1.53601238e-04
  1.00055914e+00 -9.35392431e-04 -1.35116248e-03  9.28703687e-04
  8.93160797e-05  1.00029566e+00  9.97992399e-01  1.50473592e-03
 -1.50461015e-03  9.99919170e-01  3.34777491e-03  1.00034940e+00
 -1.35822288e-04  1.00111766e+00  1.50946933e-03  3.34082546e-04
  8.21827367e-04  5.94184104e-04 -1.51390108e-03 -2.36916030e-03
  3.14935732e-03 -8.40401300e-04 -1.72625810e-03  7.49889497e-04
  9.99702692e-01  2.61674852e-04 -1.82359684e-03 -1.32442731e-03
  1.00176142e+00  7.13453920e-04 -8.68743627e-04  9.99865758e-01
  4.28312880e-04  4.59560289e-04  2.31617734e-03 -3.55399061e-04
  1.00134842e+00  4.91469876e-01  9.99777122e-01  5.31692134e-04
  3.41731588e-04  3.84545640e-01 -2.02980442e-03  7.20991818e-04
  1.82025154e-03 -1.30926846e-03 -1.82187268e-04  1.00161996e+00
  9.99926848e-01  1.94710775e-03 -1.08416910e-03  3.88374635e-04
 -3.88334776e-04  8.17699744e-01  9.98108261e-01  9.99406686e-01
 -3.11264646e-03 -1.87916672e-03 -7.34835515e-04 -5.99613507e-04
 -9.00081225e-04 -2.76206761e-04 -3.31565054e-03  9.98611633e-01
 -3.99319150e-04  1.00060337e+00 -1.45221726e-03  1.00291823e+00
  1.76934101e-03 -1.