[4.37117261e-01 7.02611209e-01 9.51806280e-01 5.17940390e-01
 4.63831310e-01 8.20769064e-01 4.50320673e-01 3.21540070e-01
 9.03525163e-01 7.15871969e-01 5.81811402e-01 3.10892648e-01
 8.08065913e-01 7.10993802e-01 8.20490749e-01 5.20229555e-01
 7.08662227e-01 9.54106463e-01 2.30555932e-02 7.20243692e-02
 9.73748539e-01 4.65791605e-01 8.28315510e-01 2.51612718e-01
 1.52394669e-01 9.93714272e-01 9.56115399e-01 3.96484608e-01
 8.77631792e-01 9.22459076e-01 3.33729037e-01 1.85294014e-01
 1.14581803e-01 1.75041433e-01 8.38920815e-01 1.96629610e-01
 7.70504231e-01 3.33563363e-01 8.02140247e-01 7.64490624e-01
 2.65860497e-01 9.78518238e-01 4.24485345e-01 1.96134097e-01
 2.43671623e-01 9.70136948e-01 9.37269697e-01 6.35625070e-01
 9.22317265e-01 7.11253613e-01 4.02326608e-01 8.62053835e-01
 8.86301125e-01 4.00784467e-01 2.41063820e-01 5.77120333e-01
 6.11408829e-01 1.60636486e-01 2.52135782e-01 6.49088065e-01
 3.33510009e-01 1.42673230e-01 8.38230770e-01 8.67614812e-02
 4.76641934e-01 6.96376154e-01 4.26924667e-01 7.15620327e-01
 8.39890476e-01 9.10440461e-01 8.46156774e-01 6.74381088e-02
 1.08626517e-02 1.02526208e-01 5.43817435e-01 3.30377287e-02
 1.82315967e-01 3.42447345e-01 3.92214703e-01 5.79031914e-01
 8.22274198e-01 7.34590783e-02 6.21541193e-01 7.25965424e-01
 3.47782225e-01 4.59107082e-01 2.81173059e-01 3.47172480e-01
 9.41202426e-01 5.23053245e-01 4.75619912e-01 9.57255267e-01
 7.23294512e-01 2.59309762e-01 9.08660694e-01 7.15312934e-01
 6.48586538e-01 5.49710674e-01 4.17383725e-01 7.34823126e-01
 8.82301695e-01 2.48609989e-02 9.39136304e-01 6.04947163e-01
 2.51536596e-01 6.28831547e-01 9.41459176e-01 7.18274358e-01
 8.38070587e-01 9.82947628e-01 9.33865121e-01 6.78568860e-01
 7.04346869e-01 6.64567489e-01 1.36327819e-01 4.38124093e-01
 6.48789758e-01 5.59036582e-01 6.08543339e-01 2.69859311e-01
 9.32971610e-01 2.17836937e-01 7.85362676e-01 7.53448255e-01
 5.09208761e-01 6.78977353e-01 2.60433058e-01 1.29548506e-01
 7.51329239e-01 3.65907463e-01 6.53546618e-01 5.06083348e-01
 6.37194168e-01 1.83061415e-01 9.82330796e-01 6.00997227e-01
 7.07881897e-01 8.67056674e-01 8.59545976e-01 8.18350920e-02
 9.64079347e-01 5.48135818e-01 9.85002604e-01 5.23500241e-01
 9.75320185e-01 2.37243159e-02 4.67411766e-01 4.95301931e-02
 9.87251537e-01 9.01817537e-01 6.41754655e-01 5.48531221e-01
 8.85369263e-01 8.29563936e-01 5.31056956e-01 1.75798017e-01
 2.45434263e-01 6.34717441e-01 7.44021111e-01 9.06516080e-01
 7.56147791e-01 1.92096205e-01 4.91952826e-01 1.70527540e-01
 6.15443119e-01 3.35477894e-01 9.91675233e-01 3.25878429e-01
 5.12333356e-01 3.39008512e-01 1.42758805e-01 2.34508517e-01
 8.53063158e-01 5.10365600e-01 2.08787733e-01 4.10981325e-01
 4.65786981e-01 7.35235366e-01 8.76494199e-01 9.18993717e-01
 1.43264434e-02 3.00024581e-01 2.19950344e-01 8.65411795e-01
 2.98697524e-01 1.27086843e-01 5.37948739e-01 5.55561858e-01
 6.54099384e-01 8.51349022e-01 7.38515079e-01 5.84476157e-01
 6.42602709e-01 6.21038643e-01 6.48108567e-01 5.31117347e-01
 3.01098908e-01 4.51356736e-01 9.54259872e-01 6.53842074e-01
 8.27523356e-01 5.13162922e-01 4.53688863e-02 5.50529209e-01
 7.00910740e-01 4.45158878e-01 7.48013632e-01 1.97432165e-01
 8.69536821e-01 5.30088080e-02 4.47907062e-01 7.91420326e-01
 3.57118967e-01 9.08529607e-01 5.41359027e-01 9.34900903e-01
 8.29817220e-02 4.92139255e-01 8.40405205e-01 3.05384909e-01
 6.60552340e-01 2.29441780e-01 7.95699885e-01 9.22221797e-01
 5.05235829e-01 4.94486488e-01 2.85776952e-01 6.39047214e-01
 5.09662820e-01 3.03044780e-01 6.79280676e-01 1.68716958e-01
 2.78927606e-01 5.33966056e-01 3.42081452e-01 2.61072074e-01
 6.95871342e-01 1.08903517e-01 7.68797534e-01 3.46198189e-01
 1.85215467e-01 9.29315024e-01 4.72926901e-01 9.04187288e-01
 3.52607541e-01 4.98777555e-02 5.04965659e-01 4.24833794e-01
 6.72552896e-01 4.05874660e-01 7.42395777e-01 5.34004865e-01
 7.02939518e-01 1.60480894e-01 4.71963242e-01 8.15091000e-01
 1.52044462e-01 4.18107060e-01 9.59100240e-01 4.68015623e-01
 4.87561748e-01 3.24492375e-01 5.69042964e-01 1.52032045e-02
 4.05900922e-02 4.78220500e-01 7.06870758e-01 1.13665249e-01
 7.37141889e-01 1.44629072e-01 2.27656680e-01 5.20653651e-01
 5.43478340e-01 6.85810693e-01 9.97461077e-01 6.93202964e-01
 1.40112208e-01 4.33284129e-01 7.61150749e-01 7.87145115e-01
 5.42359474e-01 9.01034195e-01 2.66401277e-01 3.40004046e-01
 2.61415770e-01 3.68746703e-01 3.03671157e-01 9.69235059e-01
 2.04551388e-02 7.17288537e-01 3.18892491e-01 8.46111837e-01
 4.29131743e-01 1.56561172e-01 5.04457478e-01 8.55450414e-01
 5.41365495e-01 5.51572299e-01 7.98733897e-01 5.54479622e-01
 8.19255715e-01 3.88756180e-01 4.56041384e-01 8.17592606e-02
 8.63567866e-01 9.13905260e-01 8.93673330e-01 5.49571465e-01
 3.64824454e-01 9.46436239e-01 8.84519714e-01 5.01626291e-01
 3.17445944e-01 6.05907774e-01 9.15528574e-01 9.35125422e-01
 2.50088227e-01 9.21077250e-02 5.11890053e-01 9.58172733e-01
 4.52143686e-01 5.87456985e-01 5.10305458e-01 7.60358227e-01
 8.52597585e-01 8.21258770e-01 5.08034391e-01 3.93125630e-01
 8.75944611e-01 5.44706116e-01 9.88942085e-01 4.51741586e-01
 5.15938895e-01 7.72053081e-02 9.60631472e-01 9.18321375e-01
 9.47148853e-01 3.83316837e-01 5.35443329e-01 2.80495496e-02
 2.59798748e-01 8.71687660e-01 4.02205137e-01 8.13041662e-01
 1.33352296e-02 1.73373436e-01 2.18031106e-01 4.48092336e-01
 7.44799213e-01 6.41175245e-01 5.49769529e-01 8.37791160e-01
 8.50195549e-01 2.29525952e-01 3.44856030e-01 8.04496854e-01
 8.99998537e-01 3.27167240e-01 6.98972374e-01 8.80385499e-01
 2.97321994e-01 6.76531310e-01 7.06987185e-01 7.10382917e-01
 5.41076019e-01 8.25172898e-01 7.97846254e-01 9.76921907e-01
 2.12128535e-01 5.69046685e-01 1.66603259e-01 3.76975800e-01
 8.70758132e-03 9.83492815e-01 5.80146400e-01 3.25119219e-01
 5.66867608e-01 2.81475996e-01 4.93822573e-01 1.77964912e-01
 6.72828951e-01 5.41089802e-01 4.29013617e-01 6.95269659e-01
 8.65669846e-01 1.58694500e-01 4.39630965e-02 4.86467799e-01
 5.58459758e-01 1.24597404e-01 1.34228788e-01 1.51784195e-01
 5.42899658e-01 4.4891