[ 1.00032971e+00  4.73522373e-01  3.31941767e-04  3.56317607e-04
  1.00312395e+00 -1.16576871e-03  5.06756435e-04  1.00215572e+00
  1.00284169e+00  1.00215370e+00  5.66101912e-05  1.60858464e-03
  1.00018182e+00  3.50821247e-04  4.94331657e-04  1.00111026e+00
  1.00156055e+00 -5.46209830e-04 -2.41320801e-03  2.36771018e-04
  5.27681387e-04 -3.02022328e-05  4.70219507e-04 -1.36611563e-05
 -2.28476109e-04  9.99690080e-01 -8.35523270e-04  2.83826073e-01
 -6.16646960e-04 -1.21345965e-03 -3.27250071e-04 -4.91263204e-04
  9.99879122e-01 -1.31496437e-04  1.00050071e+00  2.21093792e-03
  2.64072733e-04 -2.82870234e-04 -6.50266296e-05  8.08532109e-02
  1.63686544e-03  1.62817463e-04 -1.19590567e-04  1.00017289e+00
  4.28880375e-04  1.00117690e+00 -2.13981850e-03 -5.35866599e-04
  9.99618886e-01 -2.78271826e-04  5.83284498e-04 -6.00745885e-04
  8.01798461e-04  4.52256287e-01 -8.55135088e-04 -6.67304569e-04
 -3.00205448e-04 -1.38400991e-03  9.99673335e-01  4.14538054e-04
  3.94578001e-04  1.00064525e+00  1.00062582e+00  2.50023919e-01
  1.00056054e+00 -3.38038275e-04 -1.46945579e-03 -2.17046297e-03
  1.00145741e+00 -8.14796654e-04 -1.65198092e-04  4.62399205e-04
  1.00034388e+00 -7.56025867e-04  1.00111505e+00 -9.21640683e-04
  2.22332623e-03 -1.29850190e-03  1.15207625e-01 -1.03240038e-03
  9.59088443e-04  9.99949999e-01  9.99775774e-01 -6.40797398e-04
 -1.63249029e-03  2.44449471e-05 -1.82446079e-03 -7.58000000e-04
  9.99787765e-01  9.99543577e-01 -1.17514776e-03  1.08154610e-03
  3.86089654e-04  2.61050337e-04 -1.26279140e-04 -5.84546634e-04
 -2.88868514e-04  2.87691462e-04 -4.29187133e-04  1.00314992e+00
 -2.18430075e-04  1.00106766e+00  4.13680613e-04  9.42322955e-04
 -3.31315914e-04 -7.24718779e-05  7.24708463e-04  1.80271198e-03
 -1.05134276e-03  4.94798203e-01  1.00060824e+00 -1.49458336e-03
  1.00218986e+00 -2.85941997e-03  1.23630301e-04 -6.43110920e-04
  1.00065019e+00 -1.92213026e-04  7.04287531e-04 -3.38879082e-04
 -4.85248750e-04 -2.31247014e-06  1.51441502e-03  9.98229717e-01
  1.97913605e-04 -1.28117346e-04  1.00081200e+00 -5.27283139e-04
 -5.59468786e-04 -8.70823197e-04  1.00016436e+00  1.33495901e-03
  1.00196674e+00  6.71981471e-04 -2.85863736e-03 -2.32702148e-05
  1.00039166e+00  1.00136218e+00  2.48282481e-01  2.27750120e-04
 -9.30915205e-04 -3.10066911e-04  1.66254582e-04  1.00011241e+00
  4.25267386e-04  1.00175536e+00  1.00047072e+00  1.00048669e+00
  1.00059445e+00 -6.62721782e-04 -1.95242829e-03  7.92949019e-04
  2.50019845e-03  7.63325663e-04  1.06564908e-03  5.08119413e-05
  2.87780195e-04  1.00109354e+00 -1.81999447e-03  9.67008939e-05
  1.00073577e+00  9.97432829e-04 -5.29044636e-04  1.67046252e-04
  3.55654979e-04  1.00166481e+00 -6.40945050e-05  1.00032106e+00
  2.82698935e-04 -3.43584320e-04 -7.63801923e-04 -6.22223733e-04
 -4.95292001e-04 -1.73835271e-03  3.15910750e-04 -8.87091674e-05
 -1.36799393e-03  2.86774342e-04  1.00046777e+00  4.28354373e-01
 -6.68130672e-04 -3.58002172e-03  1.00123350e+00 -7.24665183e-04
  3.42571199e-04  1.00160560e+00  6.20654935e-01  6.39331005e-01
  1.00113957e+00  1.00036595e+00 -3.85965883e-04  7.89557838e-04
 -1.25044158e-03 -1.62569975e-03  9.66645579e-01 -2.82423435e-03
  1.00003217e+00  1.00084481e+00 -1.25587060e-04 -1.31421257e-03
  4.15275274e-04 -1.28583105e-03 -1.62265742e-03  5.47316502e-04
  8.91730952e-01  6.09858746e-04 -8.77966609e-04 -3.10017193e-04
  1.00129364e+00 -1.87528784e-04  1.00081326e+00 -3.47598753e-04
  8.59780640e-04  1.00067079e+00  9.48331946e-04  1.00203800e+00
  3.79101917e-04 -7.11962750e-04 -1.39689765e-04 -1.42905823e-03
  1.78426318e-04 -7.25001466e-04  1.00072462e+00  2.43548836e-04
  1.00020498e+00 -2.90916619e-03  5.51456653e-04  5.03690730e-04
 -6.66701362e-04  9.99816280e-01  2.86314943e-04  1.00966789e-03
  1.17703057e-04  1.26861137e-03 -5.16765910e-04  2.07159673e-03
 -1.40305788e-03 -1.56475623e-03  9.99546940e-01 -1.62583611e-03
 -1.32301964e-03  1.00074014e+00  9.99921324e-01 -8.65430394e-04
  2.36771018e-04 -1.26094185e-03 -1.96434581e-04 -5.97699816e-04
 -1.54557632e-03  1.00032139e+00  9.99857633e-01  1.00018938e+00
  2.67291701e-04 -2.97640827e-04 -1.63924713e-03  1.38910788e-03
  1.00095684e+00 -4.59816467e-04  1.00079438e+00 -4.36812014e-04
 -3.47426992e-04  3.87241841e-04  1.00131719e+00 -1.13855578e-03
  9.60054987e-06 -6.40996519e-04 -1.23832862e-04  1.00122785e+00
  2.83138241e-04  1.67684235e-04 -1.17337276e-03  1.86469148e-04
 -1.02062892e-03 -8.08230348e-04  6.96785813e-04 -5.47290607e-04
  1.00120936e+00  1.00020822e+00 -4.73378779e-04 -1.07486162e-04
 -2.84389917e-04 -2.11482531e-04 -2.38756615e-03 -2.09959724e-04
  6.77610236e-01  9.60604448e-04  9.60920656e-04  1.00130540e+00
  9.99751677e-01  1.15277884e-03 -3.28753074e-06  7.67967405e-04
  6.57832491e-04  1.00267642e+00  7.47813749e-05  1.00122424e+00
  9.99416306e-01 -1.93353230e-03  3.03571166e-04  1.71394513e-01
 -1.41027536e-03 -1.86821416e-03  8.93366291e-04  1.00056872e+00
  1.00092484e+00  1.00202948e+00  6.95226740e-04  1.00105438e+00
  1.33735440e-03 -6.72563120e-04  1.00206836e+00 -8.51454243e-04
 -1.02528134e-03 -1.54719981e-03 -1.49381596e-04 -1.44221893e-04
  1.93041561e-01 -3.44362223e-04 -4.35001527e-04 -1.95120233e-03
 -7.57348086e-04 -2.75668528e-04  1.00178759e+00  1.00078020e+00
  6.31387588e-04  1.16137354e-03  1.30213292e-03  2.99953644e-04
  9.99872544e-01  1.91367708e-04  6.65945013e-04  1.00080646e+00
  1.00084895e+00  1.24226126e-03  1.00172046e+00  1.00026520e+00
  5.03543218e-04  1.00131925e+00  1.00138913e+00 -3.70974514e-04
  1.00060567e+00  5.75357493e-04  1.00135136e+00 -2.38316153e-05
 -8.54303162e-04 -2.30481738e-03 -5.62960050e-04 -1.00063734e-04
  1.00052798e+00  8.35296535e-04 -1.73396672e-04  7.72314587e-02
 -5.25360669e-05  1.27111255e-04  1.71823757e-03  7.61763319e-04
 -3.31562832e-04 -5.18694416e-04 -1.35903837e-03  1.95931267e-04
  8.78491630e-05  2.33625261e-02  1.00000389e+00  1.53202044e-03
  1.00166272e+00 -1.38707927e-03  4.43926055e-04  6.06129669e-04
  4.05234054e-04  5.