[0.         0.41656013 0.00608964 0.63737048 0.         0.1500706
 0.0247125  0.45754801 1.         1.         0.         0.
 0.         0.         0.         0.         0.         0.
 1.         0.         0.01274699 1.         0.         0.
 0.         0.         1.         0.         0.42369422 0.
 0.         0.         0.44672488 1.         0.         0.
 0.62945909 0.78143571 0.00439453 0.         1.         0.2524711
 1.         0.         0.         0.         0.         0.
 0.         0.         1.         0.         1.         0.
 0.06689735 0.         1.         0.         0.         0.
 0.         1.         1.         0.         1.         1.
 0.         0.         0.80294767 0.25636759 0.         0.
 0.         0.         0.         0.59342446 1.         0.58502807
 0.         0.59195861 0.         0.         0.         0.
 0.08730834 1.         0.         0.         0.         0.
 0.42764175 0.         0.         0.16890004 0.         0.17926475
 0.         0.         0.         1.         0.         0.
 0.         0.         1.         1.         0.0641142  1.
 0.         0.64052311 0.         0.         0.         0.71724578
 0.         1.         1.         0.         0.47120654 1.
 0.         0.         0.         0.         0.         0.43537161
 1.         0.         1.         0.         0.         0.
 0.         0.         0.33630032 0.         1.         0.63198329
 0.2679245  0.         0.38487741 1.         1.         0.
 0.64670586 0.         0.         1.         0.66850716 1.
 0.         0.         0.         0.44253734 0.         0.
 0.99520622 0.         0.         0.         0.26470951 0.69194274
 0.         0.         0.41355092 1.         0.         0.
 0.         0.358125   1.         0.36813939 1.         0.39849716
 0.         1.         0.         0.         0.26166545 1.
 0.         0.         0.         0.22674086 0.92291073 1.
 0.         0.         0.5754441  0.81808712 0.37412044 0.
 0.         0.         0.65376603 0.46681231 0.         0.
 1.         0.         1.         0.59316306 0.         0.
 0.12218631 0.         0.         1.         1.         0.
 0.02343184 0.         0.         1.         1.         0.
 0.98789168 1.         0.         1.         0.         0.
 0.28555762 1.         0.         0.         0.         1.
 1.         0.         0.         0.         0.         0.
 0.         0.         1.         1.         0.         1.
 0.         0.         0.         0.         0.         0.
 1.         0.         0.         0.         0.         0.
 0.98128494 0.39293714 0.         1.         0.         0.
 0.83387346 0.4748063  0.35527103 0.54586836 0.         0.48395196
 0.2061775  0.7979544  0.         0.         0.         1.
 1.         0.         0.         0.         0.         0.26721789
 0.         0.         0.11741824 1.         0.         0.
 0.         1.         1.         0.88087965 0.         0.
 0.         0.         0.         0.         0.15404941 1.
 0.         0.35464721 0.90529215 0.21589593 0.         0.26410835
 0.         0.         0.         0.         0.88178095 0.
 0.         0.         0.         0.         0.21692455 0.
 1.         0.         0.86974027 0.         0.43703714 1.
 0.         0.         1.         0.         0.71818319 0.
 0.         0.         0.         0.         0.         0.
 0.         0.         0.29492637 0.         0.09017167 0.55931863
 0.         0.23039226 0.         0.86489863 0.         0.
 0.8662949  1.         0.90841739 0.25183566 0.57538568 1.
 0.         0.         0.         0.02084129 0.74989801 1.
 0.         0.         0.         1.         0.5472457  1.
 0.         0.59140889 1.         1.         0.         0.13473669
 0.         0.50866607 0.         0.41471569 0.         0.
 0.         0.03413462 0.         0.7618258  0.         0.
 0.         0.         0.22765693 1.         0.74631579 0.
 0.         0.         0.61525804 1.         0.         0.
 0.         0.         0.95604048 0.         0.         0.
 0.         0.11507794 0.         1.         0.04329534 0.
 0.50805281 0.         1.         0.         0.         0.
 0.         1.         0.56482652 0.         0.64591365 1.
 0.         0.         0.         0.53566071 0.01446606 0.
 0.89087515 0.         0.         1.         0.32045332 0.
 0.89736515 0.         0.         0.25626318 0.         0.37329421
 0.         1.         1.         0.78582984 0.17310264 0.
 0.         0.47661905 0.         0.         0.         0.
 0.         1.         0.81782861 0.         0.         0.02431968
 0.         1.         0.         1.         0.         0.35216403
 0.59265904 0.48466764 1.         0.01328022 0.         0.
 0.         0.         0.         0.         0.30254295 0.
 0.17903366 0.         0.         0.         0.         0.
 0.         0.         0.         1.         0.         0.79167642
 0.         0.         0.         0.         0.32773169 1.
 0.         0.         0.77721719 0.         0.         1.
 0.         0.         0.76518844 0.98465675 1.         0.78039706
 0.         1.         0.         1.         0.         0.65665565
 0.         0.331984   1.         0.         0.         0.
 0.         0.         0.94290778 1.         0.06326023 0.
 1.         1.         0.01528413 0.         0.58540964 0.
 0.19425294 0.         0.93490314 0.         0.         0.
 0.         0.         1.         0.         0.         0.
 0.73998312 0.64455242 1.         1.         0.20124029 0.
 0.         0.         0.14016732 1.         0.         0.43221852
 0.         0.         0.         0.         0.         1.
 0.         0.38884154 0.         0.         0.         0.
 0.         0.95448346 0.         1.         0.         1.
 0.         0.4923671  0.         0.         0.36637479 0.
 0.13727469 0.         0.         0.76431351 0.885464   1.
 1.         0.65214384 0.45108969 0.         0.         0.
 0.20911137 0.         1.         0.         0.         0.
 0.44339259 0.         0.         1.         0.     