[ 1.00130769e+00  1.00007326e+00  1.00179861e+00  5.20523320e-01
  1.00474762e+00 -1.28748559e-03 -1.88337573e-04  1.00355754e+00
  1.00414496e+00  1.00364433e+00  9.96286592e-04  1.00475346e+00
 -1.63795496e-03  1.03370536e-03  1.43064382e-03  1.00190524e+00
  1.00405886e+00  3.66979578e-05 -2.04212487e-03  1.20747783e-03
  1.00139129e+00  4.91898518e-01  1.37486149e-01 -9.14124397e-04
  9.99866964e-01 -1.68910502e-03 -1.35315613e-03  4.90156214e-04
  1.00259526e+00 -1.06857941e-03  1.00119472e+00  1.01331111e-03
  9.19993935e-04 -2.85072726e-04  1.04055437e-03  2.02083461e-03
  1.00171135e+00  1.00146662e+00 -8.41728371e-04  4.09386091e-04
  1.00249598e+00  7.51556458e-04  1.00068525e+00 -2.79138376e-04
  6.82868301e-04  8.02027078e-04 -3.90757970e-03 -1.61675320e-03
  1.00020030e+00 -3.11270374e-04  1.00255432e+00 -2.28408828e-04
  1.44558153e-03  1.00103293e+00 -6.71760865e-04  1.73073452e-04
  7.61095874e-05 -8.72238995e-04  9.99871587e-01  3.72228184e-01
  1.00242723e+00  1.00072923e+00  9.99901584e-01  1.00304258e+00
  1.00175097e+00 -2.58810612e-04 -2.82381193e-03 -3.55808799e-03
  9.81791941e-01  9.99798315e-01 -2.16586882e-04  7.08122715e-01
 -1.34812186e-03 -8.94708250e-04  1.00339326e+00 -1.27823710e-03
  2.22043801e-03 -1.18769338e-03 -1.67422222e-03 -3.61522998e-03
  3.58946221e-04 -1.65849339e-03  9.71939784e-06  9.99467433e-01
 -2.93717059e-03  2.44005385e-01 -2.43335557e-03 -9.27054088e-04
 -1.19673644e-03 -9.06409851e-04 -6.67900417e-04  2.54624890e-03
 -8.84019478e-04 -7.13268291e-04  2.54613827e-04 -1.64231184e-04
  1.32056527e-03 -2.85513444e-05 -1.06526533e-03  1.00369659e+00
  1.92496913e-04  1.00120505e+00  1.00248774e+00  1.00609742e-03
 -9.84434375e-04  1.20657836e-03  9.98143896e-04  2.26345277e-03
 -2.39655125e-03  1.58444706e-03  9.58055620e-04  9.98700019e-01
  1.00440208e+00 -3.46478167e-03  1.00079835e+00 -1.63746786e-03
  5.56473786e-04  1.00223537e+00  1.43221309e-03 -8.63864057e-04
  6.74891884e-01 -1.15403493e-04  1.28571891e-03 -2.28726601e-03
 -2.29490451e-05 -9.08204118e-04  9.90978441e-04 -6.47205785e-05
 -1.31533990e-03 -2.20166728e-03 -6.20117846e-05  1.93228806e-03
  3.64200140e-03  1.04757680e-03 -2.71315949e-03  1.00148433e+00
  8.51336211e-01  1.54659915e-03  1.11440863e-03  1.38153146e-03
  1.00198683e+00 -5.00435188e-04  1.92798545e-03  1.00160198e+00
  1.10519207e-03  2.38022360e-03 -1.73993538e-03  1.47743887e-03
 -1.33532022e-03 -1.48136379e-03 -3.68530218e-03  1.71391660e-03
  2.91837754e-03  1.00138689e+00  1.77924568e-03  2.52450524e-04
  2.78292270e-04  1.00129853e+00 -9.98747508e-04  1.00069727e+00
  1.00130744e+00  7.38476332e-04 -1.47649571e-04  1.26886860e-04
  6.53310248e-04  1.00320323e+00  9.99594161e-01 -4.26123957e-04
  3.83159800e-04  1.51055071e-04 -9.68968447e-04 -2.00773580e-03
  9.99669187e-01 -2.71965057e-03  1.05133214e-03 -6.93756622e-05
 -2.69799502e-03 -2.78940347e-04  6.21609121e-01 -2.68629956e-03
 -1.61475608e-03 -5.74311434e-03  1.15509833e-03 -1.15481249e-03
 -8.95324952e-04  1.00247909e+00 -1.86516304e-03  1.00183562e+00
  1.27780130e-03 -6.17191972e-05 -1.42633603e-03  1.36186140e-03
 -1.16617043e-03 -2.20493703e-03  1.00057764e+00 -4.38405100e-03
  6.38110293e-04 -8.35985641e-05  1.00060187e+00 -8.32886603e-04
  1.00153978e+00 -1.31449200e-03 -2.13644444e-03  1.15389792e-03
  6.74224150e-01  1.00235031e+00 -5.66111698e-04  2.04401939e-04
  2.44596497e-03 -8.53113239e-04  3.90963094e-04  7.65077019e-04
  1.09524896e-03  1.00188406e+00  5.63983053e-04  1.00277239e+00
  7.28226674e-04 -7.25717751e-04  1.00059436e+00 -8.75686251e-04
  1.51468394e-04  1.90923760e-01 -5.68214651e-04  1.00149145e+00
  1.00090619e+00 -2.48554432e-03  4.57423664e-04  5.11669160e-01
  1.00237573e+00 -5.14431029e-04  1.43325623e-03  1.02937190e-03
  2.02935101e-03  1.00331928e+00  9.99833924e-01  1.00256038e+00
 -1.82817947e-03  9.99219498e-01  1.00037236e+00 -1.67306374e-03
 -3.07820165e-03  8.93979322e-04  9.99536751e-01 -3.52953860e-04
  1.00044960e+00 -2.41283382e-03  9.55788418e-04  1.00093467e+00
  1.11189314e-04  6.68377297e-04  1.00104345e+00  1.00092890e+00
  6.98080468e-04 -6.21993520e-04 -1.63304442e-03  1.00184078e+00
  1.00075425e+00 -2.52864347e-03  4.08642975e-04  9.99978433e-01
  1.00038776e+00  1.00056467e+00 -2.26083976e-04  9.99310258e-01
 -1.77634833e-04 -1.09140638e-03  9.58375985e-04  1.09523294e-03
  2.29366700e-03  6.20128122e-01 -6.16186530e-04  1.33611396e-03
 -1.13146645e-03  1.82425487e-01  8.89764973e-01 -3.25464614e-03
  1.00231893e+00  1.58028585e-03  1.00205867e+00  1.00062447e+00
  1.00148359e+00 -4.88845076e-05 -4.10395506e-03 -1.19344312e-03
  6.53921402e-04  1.00252215e+00  1.00074204e+00  1.27575590e-03
  2.39408540e-04  4.56125021e-04  1.74392818e-04 -6.76765146e-04
  7.91231081e-04  1.00328885e+00  7.83225305e-04  1.00121048e+00
  9.99721934e-01 -1.26764416e-03 -5.94906512e-04  5.46485000e-01
 -1.99685783e-03 -3.44468375e-03 -8.01627620e-04  1.00054023e+00
  8.62770010e-04  2.63419886e-03  1.00175420e+00  1.00267151e+00
  4.35321026e-04 -9.43938065e-04  1.00293131e+00 -3.43612553e-03
 -1.94316413e-03 -1.67510801e-03 -7.91581734e-04  1.01448007e-03
  1.00170147e+00 -4.25676048e-04 -1.03856440e-03 -1.17834959e-03
 -1.92789934e-04  7.30826782e-01  7.72106810e-04 -8.69648487e-04
  1.00225389e+00  1.80772524e-03  1.00215987e+00  1.00132006e+00
  9.99746695e-01  7.08028913e-04  1.00169105e+00 -2.71214770e-04
  1.00301143e+00  1.00197377e+00  1.00005995e+00  1.00077513e+00
  4.42969012e-01 -3.72551592e-04 -9.39210687e-04  9.48561926e-04
 -1.77203365e-03  2.09595733e-04  1.00262414e+00 -7.54632617e-04
 -1.87238007e-03 -2.39644444e-03 -2.08279838e-04 -1.83244309e-03
  1.42076631e-03  1.00290369e+00 -9.34336706e-04 -4.43499976e-04
  1.29658935e-03  1.27275973e-03  1.82315362e-03  1.00119526e+00
 -1.20895646e-03 -6.13296722e-04  9.99032659e-01  1.00055246e+00
 -2.06926473e-04 -6.60663026e-04 -9.29355804e-05  1.00277443e+00
  7.79125247e-01  1.00019181e+00  1.20619390e-03  1.00032368e+00
  1.23659344e-03 -1.