[0.         0.85363168 0.         0.45393731 0.10363732 0.25454304
 0.         0.26174524 1.         0.73940337 0.         0.
 0.         0.30505607 0.67767667 0.         0.         0.
 1.         0.         0.         1.         0.         0.
 0.         0.         1.         0.         0.         0.
 0.         0.         0.9135722  0.92647091 0.         0.
 0.47548478 1.         0.         0.         1.         0.85172301
 0.87211475 0.         0.         0.         0.         0.54461498
 0.         0.2357279  1.         0.         1.         0.02413047
 0.         0.33004109 1.         0.         0.         0.
 0.         1.         1.         0.40466336 1.         0.79652107
 0.         0.         0.99321769 0.29014332 0.         0.05603943
 0.56172161 0.         0.         0.         1.         0.
 0.         1.         0.         0.         0.         0.00641453
 0.01518062 0.53255473 0.         0.24103972 0.43164163 0.
 0.74901615 0.         0.         0.         0.05558937 0.30965761
 0.         0.         0.         1.         0.         0.
 0.         0.         1.         1.         0.18779325 0.5679174
 0.82756766 0.09917564 0.3708455  0.         0.         0.
 0.         0.69156343 1.         0.         0.         1.
 0.2436113  0.         0.         0.         0.         0.35514942
 0.7428279  0.         0.63623341 0.         0.         0.
 0.         0.         1.         0.         1.         0.58458271
 0.16164341 0.         0.         0.92160152 1.         0.
 0.83986972 0.         0.         1.         0.78959347 0.90771661
 0.         0.         0.         0.88609808 0.         0.
 0.06640507 1.         0.         0.         0.         0.9009631
 0.         0.         0.42112324 0.84630417 0.         0.
 0.         0.         0.         0.44960638 1.         1.
 0.31601776 0.82170523 0.         0.         0.50334915 0.74596574
 0.64597493 0.         0.         0.         0.55119598 0.9871201
 0.         0.         0.76049339 0.37385222 0.86887886 0.
 0.         0.         0.69101002 0.         0.24546959 0.
 0.66717267 0.         1.         0.36780626 0.         0.78922415
 0.15680987 0.         0.         0.55473621 1.         0.
 0.88813632 0.         0.         1.         0.4815003  0.
 0.50333997 1.         0.01519743 1.         0.         0.83414108
 0.06440013 0.54558058 0.         0.         0.         1.
 1.         0.         0.         0.         0.         0.
 0.         0.         0.71893573 0.22052111 0.         1.
 0.         0.         0.         0.         0.         0.
 0.423675   0.         0.         0.         0.         0.
 0.15020116 0.22929311 0.         1.         0.         0.25698202
 0.40178799 0.         0.28771207 0.         0.         0.54691331
 0.         0.88403224 0.         0.         0.         0.63665881
 1.         0.         0.         0.06921963 0.         0.
 0.         0.         1.         1.         0.         0.46456905
 0.57349006 1.         1.         0.         0.         0.
 0.         0.20481523 0.         0.         0.6920063  0.529836
 0.22820627 0.62733197 0.75855007 1.         0.         0.33493354
 0.05677716 0.03136823 0.         0.         0.02398661 0.
 0.         0.83868741 0.         0.         0.39635548 0.
 0.31721493 0.         0.83490384 0.         0.9500575  0.66016394
 0.29178718 0.16687875 0.66528122 0.         0.8075242  0.
 0.         0.         0.         0.         0.9178173  0.
 0.         0.         0.69356033 0.         0.12843393 0.62501837
 0.         0.37505768 0.6774028  1.         0.         0.
 0.94960803 0.68840576 1.         0.59504992 0.76528918 1.
 0.         0.         0.         0.05527134 0.80246478 0.84903968
 0.74199313 0.         0.         1.         1.         1.
 0.30886792 0.58752219 1.         0.91021568 0.         0.61433856
 0.         0.71629957 0.         0.75377375 0.         0.
 0.         0.         0.         0.82661017 0.         0.52754439
 0.         0.         0.         0.52602689 1.         0.
 0.         0.         1.         0.94729465 0.         0.
 0.1842803  0.         0.49120116 0.         0.         0.
 0.         0.         0.         1.         0.         0.
 0.12821131 0.         1.         0.         0.         0.
 0.         1.         0.         0.         0.4085642  0.80297925
 0.63920984 0.         0.         0.31053742 1.         0.
 1.         0.23093421 0.         1.         0.         0.
 1.         0.         0.32869033 0.         0.         0.
 0.         1.         0.99715476 0.01722882 0.         0.
 1.         0.         0.32467483 0.52569866 0.         0.
 0.         0.77470948 0.71447041 0.         0.29605269 0.
 0.         1.         0.         1.         0.         0.94630213
 0.1819177  1.         0.57156113 0.         0.         0.
 0.         0.         0.         0.         0.57916981 0.
 0.         0.         0.         0.         0.         0.
 0.         0.         0.         1.         0.62127385 0.
 0.         0.         0.         0.         0.80030444 1.
 0.         0.         0.7559926  0.         0.         1.
 0.19042813 0.         0.         1.         0.509334   0.95771483
 0.         0.72980661 0.         0.64931199 0.         0.
 0.07677587 0.52566236 1.         0.         0.         0.
 0.         0.         1.         1.         0.         0.
 1.         1.         0.16008801 0.02314724 0.73455572 0.
 0.         0.         0.78399106 0.         0.         0.
 0.         0.         0.16463264 0.         1.         0.0495618
 0.32550516 1.         0.43026403 0.07886097 0.15711479 0.
 0.         0.         0.49450937 1.         0.         0.
 0.         0.         0.         0.         0.17214626 0.
 0.         0.59310353 0.         0.         0.         0.
 0.         1.         0.         0.         0.         1.
 0.37221125 1.         0.         0.13020456 1.         0.
 0.         0.         0.07020791 0.71489188 0.         1.
 1.         0.13198792 0.65111328 0.         0.         1.
 0.19928683 0.         0.79