[-2.17977369e-03  5.49330525e-04 -1.22560891e-04  1.31134484e-01
  2.16144861e-03  1.00255084e+00  1.50989470e-03  1.00078271e+00
 -1.99358615e-03  1.02309434e-03 -9.97896844e-04  9.99531932e-01
  1.00429248e+00 -2.09290716e-03  1.54804781e-03  1.92086433e-01
  2.40442765e-01  1.92341860e-03 -2.92541766e-03  4.89679729e-04
  1.50665719e-03 -4.29082888e-04 -3.81535877e-04  1.00071853e+00
 -1.16062333e-03 -1.15752415e-03 -2.61192394e-03  3.50727099e-02
 -2.30701828e-03  4.99153129e-04  2.78645200e-03  1.00229483e+00
  3.19444875e-03  1.00266207e+00 -1.25936363e-03  1.40787610e-03
 -1.60468133e-04  7.55836994e-01  5.56156863e-04 -2.20917497e-03
  9.99960643e-01 -7.86036382e-04 -5.08053853e-04  7.99539681e-04
  7.16934324e-01 -1.49025246e-03  2.78330255e-03 -2.47491747e-03
  2.54833496e-01  9.99889368e-01  3.65698771e-01  6.98942018e-04
  9.06766018e-04  3.52971623e-04  1.99359448e-03  9.97839722e-01
  1.00245989e+00  1.25274710e-03  5.34291366e-04  8.03599655e-01
 -5.89846323e-04 -1.81452818e-03  8.65368877e-01 -3.17470637e-03
  3.64297418e-03 -8.93597078e-04  1.00490555e+00 -3.15569566e-03
 -3.12825899e-03  2.82471946e-03  1.55220188e-03  7.85248982e-01
  2.44396935e-03  1.89553296e-03 -2.03797927e-03  3.06713960e-03
  1.00194216e+00  1.08767880e-03  1.00010150e+00  4.13911924e-04
  9.98840299e-01  1.00146177e+00  1.37117701e-03  9.99413704e-01
 -4.63080892e-03  1.87951070e-03  1.00390847e+00 -9.37503091e-04
  8.33125111e-01 -6.74299975e-04 -2.40175229e-03 -3.23060005e-04
  1.62896160e-03 -6.98514547e-03  5.92006472e-04 -8.60336208e-04
  3.43313746e-04 -5.84948832e-04  3.26911139e-04  2.59872145e-03
  9.99350660e-01  3.55425144e-01 -2.95238304e-04  1.79482961e-03
 -1.05830478e-04  9.99651328e-01  2.74121573e-04 -1.17197759e-03
  2.71929569e-03  5.03058474e-01  1.00259763e+00  2.87239533e-01
  1.24674682e-03 -8.85769233e-04  1.00084324e+00  6.33730498e-04
 -3.75562818e-04 -4.65773484e-04 -2.66677726e-04  1.00218611e+00
  1.00104647e+00 -1.17735948e-03  2.44155721e-03  1.00157931e+00
  6.17366276e-04  3.46004713e-03  1.81368517e-03  9.99686099e-01
  1.37659253e-03  5.38724379e-01  9.88993068e-04  1.62082997e-03
 -2.20670308e-03  2.03063354e-03  5.92234842e-04  1.76552455e-03
 -1.02907762e-03  9.37046922e-01  4.92342067e-01 -1.14133511e-04
  3.54715249e-03  1.77457602e-01  1.00354286e+00  2.83411818e-03
  5.28281126e-04  7.70004135e-01 -1.08696992e-03  7.71245704e-01
  6.60534280e-04  1.00173249e+00 -3.65137194e-04 -2.25279094e-03
  1.00212884e+00  1.00319188e+00  1.00165056e+00 -1.49258250e-03
 -4.00981085e-03  2.01354042e-04 -1.37401719e-04  8.08436545e-05
 -1.47379929e-03 -1.15049559e-03  1.00162245e+00 -3.12211437e-04
 -1.92598188e-03  1.00345101e+00  1.78637863e-03 -1.88975205e-03
  1.82557898e-03  1.00143779e+00  1.00218665e+00  4.18925013e-04
 -2.71269670e-04  9.98180328e-01  1.09954367e-03  9.99994326e-01
  1.60750987e-04  1.90553733e-03  9.99252805e-01  1.00237881e+00
  9.98410243e-01  6.12048814e-01  3.40524251e-03 -8.53513854e-04
  1.00174855e+00  1.04571541e-03  1.00124579e+00  1.00038801e+00
  1.37841102e-03  1.00126056e+00 -1.94285712e-03  9.99240220e-01
  1.14637596e-05  9.98332643e-01 -1.14690529e-03  1.00120492e+00
 -4.18342645e-04 -1.32407741e-04  4.30779129e-04 -6.19653003e-04
  9.99728939e-01  1.00056463e+00  1.00091696e+00  1.19218871e-03
  1.60653740e-03 -6.82738006e-05 -1.05482231e-03  4.28475025e-01
  2.40005169e-03  1.00193398e+00  1.00026470e+00 -2.28604928e-03
  1.14890520e-03  1.51007063e-03  1.00283752e+00  2.64368310e-04
 -2.60935337e-04  1.00094790e+00  7.87063143e-04  9.84910613e-04
 -2.48419107e-05  2.90397013e-03  1.97484294e-03  9.98652062e-01
  4.36774738e-04  1.51102098e-03  4.18035862e-01 -9.10333526e-04
 -9.40519162e-04  9.98597851e-01  1.79277858e-03  9.17704912e-04
  9.99251920e-01  1.22908275e-03 -1.24442778e-03  8.00062059e-01
  2.49892922e-03 -1.27476785e-04 -2.84140510e-04  5.65695135e-04
  1.00394200e+00  3.78207891e-01  1.00110605e+00 -1.73283695e-03
  1.00211025e+00  9.99759143e-01  7.94200689e-01 -1.68961259e-04
  1.31551268e-05  9.99561432e-01  9.64140225e-04  5.83682303e-04
  1.96440659e-01  5.62955344e-04  6.45563735e-01  2.57951331e-04
 -2.68471506e-04 -8.66117438e-04 -1.09367568e-03  2.30921053e-04
  9.97643453e-01  8.98754137e-01 -9.78728763e-04 -3.17568627e-04
  2.72554447e-03  9.99052275e-01 -3.72834130e-04  1.59839756e-03
  1.77028707e-03 -2.44088910e-04 -1.13056449e-03  9.98987671e-01
  1.40263980e-03  9.99374595e-01  1.38825902e-01 -2.15606664e-03
  1.00168498e+00  9.98187375e-01  1.00749329e-03  2.43269613e-03
  8.67072853e-06  1.00212234e+00  9.99204654e-01 -2.15764592e-03
  1.64182121e-03 -2.75536827e-03  3.83574002e-03  5.78651907e-04
  1.86865762e-03 -1.34516840e-03 -2.31424371e-04  1.88662624e-03
  6.13031418e-04  2.69249702e-03  9.99982192e-01  1.03283445e-03
  1.00113718e+00  3.58547168e-04  2.31193093e-03  9.54626835e-02
  1.11647764e-03 -1.31618411e-03  9.99211826e-01 -2.99497514e-03
  2.60856526e-03  6.23505113e-01  5.66832023e-04  4.30789435e-01
 -2.28191597e-04  1.70846742e-03  1.91553998e-04  9.92098652e-01
 -3.07492603e-04 -2.56547415e-03  6.69987419e-02  3.87379272e-01
  1.87889914e-03 -5.32485104e-04  1.00225849e+00  9.04457215e-04
  6.29813883e-04  4.20003959e-04  9.95704848e-04  1.00099160e+00
  1.00323328e+00  1.80283485e-03 -3.49445691e-03 -4.39602040e-04
  9.99300499e-01 -4.72048568e-04 -9.24644191e-05  4.05509175e-04
  1.05826409e-03  9.98914216e-01  1.00159972e+00  9.99958784e-01
 -1.43330468e-03  1.35180860e-03 -5.80340581e-04  2.67949972e-01
  8.05720117e-01 -1.06112878e-03  1.57253507e-03  1.90899283e-01
  1.00027478e+00  9.98851783e-01 -2.06204082e-04  9.78577115e-01
  2.80372838e-03  4.55685789e-03  9.97715962e-01  2.08847048e-03
  3.78881929e-04 -2.01458280e-03  8.53670717e-04  1.00360273e+00
  1.30015094e-04 -3.66677048e-04  2.68886563e-03 -1.93898719e-03
  1.00052836e+00 -1.16234737e-03 -3.04827712e-04  1.62802990e-03
 -3.21954251e-04 -3.63058824e-04  1.00256313e+00  7.25180083e-02
  9.99981758e-01 -5.