[-1.83155343e-03  2.86357723e-04 -1.97382366e-03 -2.13831780e-03
 -5.13034563e-04  1.18242884e-03 -2.55465910e-03 -6.75701527e-03
 -4.25953692e-04 -9.08126571e-04  4.56960227e-04  4.14189709e-03
  1.81938877e-03 -3.25896437e-03  3.21520411e-03  1.26077316e-03
 -2.77048136e-03 -5.04424548e-03 -4.29539296e-03 -1.28427269e-03
 -1.88799986e-03 -8.57576663e-04  3.83121342e-03  2.21044439e-03
  9.16762341e-04 -5.21145853e-03  1.70504344e-03 -4.74323010e-03
  1.62384681e-03 -5.90427652e-04 -5.49140168e-03  8.20568386e-04
 -1.05222427e-03 -1.20638673e-04 -2.45182692e-03  2.17087541e-03
 -1.75441606e-03  2.39155944e-04 -3.14243576e-03  1.85043832e-03
 -4.95795135e-03 -2.82185945e-03  7.49678174e-04 -7.40057237e-04
 -2.70187042e-03 -9.99487349e-04  1.13852773e-04  4.67946650e-04
 -3.65122488e-05 -1.22557888e-03 -2.41059549e-03 -2.23205047e-03
  1.41861774e-03  2.46881707e-03  2.86804429e-04 -1.57934826e-03
 -2.43212588e-03  1.23625386e-03 -1.26121424e-03 -1.39917388e-03
  7.42427019e-04 -1.10022068e-04 -1.74930982e-03 -6.22425699e-04
  1.56158234e-03  8.40205717e-04 -1.60579888e-03 -5.39398729e-03
 -3.47157040e-03 -4.19879901e-03  2.97480860e-04  8.57178492e-04
 -3.23450938e-03 -1.87187223e-03 -2.31093240e-03  1.06558102e-03
  5.83161788e-04  2.62660016e-03 -1.74679493e-03 -1.65472013e-03
  1.66066240e-04 -9.10260961e-04 -2.00763472e-03  1.31042794e-03
 -3.68598397e-03 -2.00536220e-03  2.43675699e-04 -2.99599886e-03
  4.29516905e-04  2.30416850e-03 -7.08753716e-04  2.34923818e-03
 -1.49517680e-03  1.06121744e-03  1.34923155e-03 -2.95241502e-03
 -3.34423964e-04  1.05476180e-03 -4.22267859e-04  1.17230390e-03
 -2.14983290e-03  2.50589635e-03  2.65758692e-03 -4.05759094e-03
  3.86242300e-03  2.08087992e-03 -3.04556270e-03 -2.65348852e-03
 -8.07803674e-04  2.10649921e-03  1.53540794e-03 -2.51040158e-04
  4.50200601e-04  1.43781945e-03  3.39780975e-03 -3.67124330e-04
  1.21156836e-04  2.56762860e-03  2.16718605e-03  4.64588127e-03
 -1.05622645e-03 -5.80748610e-04 -9.91979188e-04  1.68586627e-04
 -3.43831603e-03 -8.55610125e-04  1.23170681e-03  5.47346679e-04
  7.45578373e-04  7.75039459e-04 -1.99149702e-03 -8.87374152e-04
 -2.66632783e-03 -4.24596844e-03 -4.34088349e-03  4.89553909e-03
 -1.77270968e-03 -2.56926691e-03 -3.02189012e-03 -1.28025097e-03
 -3.08643459e-03 -1.54566302e-03  2.46380420e-03 -8.59917953e-05
 -5.63005684e-03 -2.73246944e-03  6.74033499e-04 -3.52732612e-03
  4.15753220e-05  1.05157660e-03  2.65672998e-03  1.76531323e-03
 -8.63967796e-04  9.15848711e-04 -3.67511365e-03  1.47298463e-03
 -3.52995600e-03 -7.92859679e-04 -1.24435287e-03  2.35211486e-03
 -2.79366322e-03  1.32935356e-03  3.47277162e-03  5.65384959e-04
 -1.39070320e-03  4.48948755e-04 -2.19316927e-03 -3.28534977e-03
 -1.11850211e-03  1.82528301e-03 -3.12441681e-03 -1.50583996e-03
 -3.20567662e-03 -3.00028876e-03 -3.85543297e-03 -1.47600031e-03
 -2.12538584e-03 -7.24000216e-04 -1.29938854e-03  4.65121679e-03
  2.95909959e-04 -1.38535257e-03  3.46693965e-03  2.87465317e-04
 -7.72549797e-04 -6.05766017e-05 -2.82403103e-03  1.26242956e-03
 -1.09689176e-03  1.42639429e-03 -1.61517693e-03  2.18155027e-03
 -4.27999973e-04  1.41476989e-04 -1.56104550e-03 -1.09200072e-03
 -1.47917579e-03  9.72764113e-04 -2.69864312e-03 -2.12311937e-03
 -1.97373966e-03 -1.58677180e-03 -1.66042331e-03  2.68736149e-04
  1.23898180e-03 -3.58552591e-03 -9.69645615e-04 -2.67786848e-03
  9.41123094e-04 -3.71099565e-03 -8.66096117e-04 -2.48264882e-03
 -1.49517775e-03 -8.79165336e-04  3.65110520e-03 -1.34261707e-03
  6.57654602e-04 -1.66799879e-03 -2.13850893e-03  4.48723924e-04
  3.82719490e-04 -3.99994850e-06  8.49097486e-07  1.92656421e-04
  8.65138091e-04  1.62923777e-03  4.07513770e-03  3.55453099e-03
 -2.36921326e-03 -3.53290657e-04  3.24822379e-03 -2.76010021e-03
  6.18524791e-04  1.34933521e-04 -3.35496044e-03  1.04054066e-03
  6.79991245e-05 -7.89423677e-04 -2.31922959e-03 -9.21704488e-04
 -9.73078503e-04  8.04757843e-04 -1.63204378e-03  9.37583372e-04
 -1.77819611e-03 -3.16602647e-03  1.46487084e-03  1.15999478e-03
 -5.61633295e-04  1.33073418e-03 -1.07805082e-04 -6.28490689e-04
  5.53996152e-04  7.37577967e-04  1.93958397e-03 -1.13788538e-03
  2.02124174e-03  2.33946117e-03 -2.87448811e-03  1.08086392e-03
 -2.63288975e-03 -2.07288132e-03  1.53578432e-03  2.39967394e-03
 -2.79994689e-04  7.95498815e-05 -9.47217604e-04  3.06712135e-03
  2.16244312e-03 -2.75544785e-03  2.08032831e-03 -3.11640186e-03
  1.76518847e-04  4.05046484e-04 -6.52752182e-04  2.35211462e-03
  2.45342564e-03  3.65922531e-03 -2.32825350e-03 -2.61623067e-03
  1.22948952e-03 -5.40456370e-04 -3.78327352e-04  2.09752620e-03
  6.07441220e-03  8.16862377e-04 -2.73637111e-03  2.98558806e-03
 -5.17066521e-04  5.32845437e-04 -1.21394085e-04 -1.93844502e-03
 -2.50981544e-03  2.90584911e-04  5.28856947e-04 -1.90509613e-03
  1.83438117e-04 -1.23750009e-03 -3.19451127e-03 -1.91681001e-03
 -1.59728079e-03  2.29013771e-04 -2.44643312e-03 -1.03030524e-05
  1.76595950e-04 -1.73550317e-03 -7.40010319e-04 -5.20773327e-03
 -2.72930820e-03 -1.84533170e-03 -2.24502766e-03  1.72279274e-03
 -6.14383816e-04  3.94948765e-03 -1.45517572e-03 -3.25967088e-03
  7.46413042e-04  4.87159342e-04  1.34487118e-03 -3.71138505e-03
 -1.41740593e-03  2.09292760e-03  2.12308469e-05 -3.83509666e-03
 -1.28129309e-03  6.50997356e-04  4.13420242e-03 -2.16233562e-03
 -2.01590939e-03  1.23125964e-03  3.46476377e-03  6.61550192e-04
 -1.66635535e-03 -1.64158282e-03 -1.99891906e-04  2.86000156e-03
 -1.62316785e-04 -6.66345653e-04 -2.60888872e-03 -3.54471765e-03
 -2.21714504e-03  3.14325510e-04  8.09087413e-04 -1.09092095e-03
  1.19788406e-04 -2.15357902e-03  9.56143036e-04 -1.14399482e-03
  3.12903385e-03 -1.55868835e-03  2.77203773e-03 -2.58558565e-03
 -2.76000261e-04  1.32029633e-04  1.03272443e-03 -1.45862733e-04
 -1.34262881e-03 -2.29491153e-04  3.71908755e-04  6.36537927e-04
  1.78665832e-03  6.13845090e-04 -3.94346322e-03  1.27117252e-03
  3.85626594e-03  1.04421801e-03 -1.08798875e-03 -1.73525554e-03
 -1.11718715e-03  4.