[0.55215759 1.         0.         0.72473329 0.         0.90209887
 0.50600722 0.         0.         0.         1.         0.
 0.         0.         0.         0.         0.04466492 1.
 0.30127229 0.77981635 0.         1.         0.         0.
 0.         0.         0.         0.74236189 0.         0.
 1.         0.         0.76441746 0.         1.         0.
 0.84562329 0.         1.         0.76782286 0.         0.
 0.         0.         0.         0.         0.08532272 0.
 0.         0.         0.         0.         0.         1.
 0.         0.         0.         0.         0.         0.
 0.         1.         1.         0.         0.         0.
 0.         0.         0.25430535 0.         0.         0.542615
 1.         0.         1.         0.         0.         0.
 0.09998093 0.         1.         0.         0.54563689 0.
 1.         0.         0.         0.         0.         0.
 0.         1.         0.10517507 0.7312318  0.         0.66141359
 0.         0.         0.         0.         0.         1.
 0.         0.         0.         1.         0.         0.
 0.         0.         1.         0.58303263 0.         0.
 0.         0.         0.         1.         0.         0.5318872
 0.         0.49602516 0.42550443 0.         0.         0.
 0.         0.         1.         0.78860243 0.         1.
 0.         0.73541113 0.         0.         0.         0.
 0.         1.         1.         0.         0.         1.
 0.         1.         1.         1.         0.         0.
 0.67306064 0.         0.         0.         0.         0.
 0.         1.         0.         0.14118995 0.         0.
 0.         1.         0.         0.06464611 0.47566849 0.23579658
 0.         0.27814301 0.         1.         0.46113585 0.
 1.         0.         0.         1.         1.         1.
 1.         0.         0.         1.         1.         1.
 0.         0.15639257 0.         1.         0.51492235 0.1629928
 1.         0.         0.         0.         0.         0.97018569
 0.         0.         0.03804742 0.         0.         0.
 1.         0.         0.         0.         1.         0.
 0.         0.         0.         0.91072678 1.         0.
 0.         0.         1.         0.         0.         1.
 0.9163402  0.         0.         0.         0.91738241 0.
 0.         0.97451592 0.         0.24220653 1.         0.
 0.         0.         1.         0.         0.43275725 0.
 0.         0.         0.         0.         0.         0.
 0.         0.05104905 0.         1.         0.         0.
 0.         1.         0.         0.         0.         0.
 0.         0.         1.         0.         0.         0.40580026
 0.         0.         0.         0.         0.         0.08012243
 0.         0.         0.         0.83211052 1.         0.
 1.         0.         0.         0.         1.         0.
 0.         0.         1.         0.         1.         0.
 1.         0.         1.         0.         1.         0.
 0.         0.         0.28467372 0.         0.         0.
 0.         0.         0.         0.         0.         1.
 0.         0.         0.         0.         0.         0.01326846
 0.         0.         1.         0.         0.38553847 0.
 0.         0.         1.         1.         0.         1.
 0.         0.65065091 0.         1.         0.         0.
 0.         1.         0.         0.         1.         0.91737488
 0.         1.         1.         0.71366736 0.         0.
 0.         0.83769429 0.         0.         0.         0.
 0.         0.         0.21874723 0.         0.         0.02024512
 0.         0.         0.         1.         0.97820936 0.
 0.         0.         0.         0.         0.         0.78373374
 0.35671405 0.67661692 0.         1.         0.         0.69420077
 0.         0.         0.         0.         0.81415191 0.66340115
 0.92992369 1.         0.         0.         0.         0.33768914
 0.         0.18175387 0.         1.         0.         0.
 0.         0.         0.         0.         0.         1.
 0.         0.         0.00480372 0.         0.         0.
 0.         1.         0.         0.         0.         0.
 0.         0.         0.         0.         0.1206957  0.
 0.         0.         1.         0.         1.         1.
 0.         0.         0.98147394 1.         0.         0.
 0.         0.         0.         1.         0.43271809 0.
 0.         0.         0.         0.79308452 0.         0.
 1.         0.         0.45214479 1.         0.         0.
 0.         0.         0.         0.         1.         0.
 0.         0.         0.         0.         0.         1.
 0.         0.44221553 0.         0.         0.         0.74078056
 1.         0.         0.         0.70633684 0.74930425 0.
 1.         0.         0.94774787 0.         0.29283024 1.
 0.         0.         0.         0.         0.74530868 0.
 1.         0.         0.         0.         0.         0.
 0.         0.         0.         0.16243455 1.         1.
 0.72387596 0.26585525 0.6048508  0.         0.         0.
 1.         0.         0.         1.         0.         0.
 0.43803628 0.         0.         0.         1.         0.
 0.         0.         0.90006171 0.         1.         0.
 0.         0.05833861 1.         1.         1.         0.
 0.         0.97212204 0.         0.         0.         0.
 0.         0.         0.         0.01263147 0.         0.02011208
 0.         0.91865524 1.         0.         0.         0.47619031
 0.         1.         1.         1.         0.01052463 0.02386089
 0.         0.0762363  0.         0.         1.         1.
 1.         0.         0.         0.         0.08182845 0.
 1.         0.78893627 1.         1.         0.67225035 1.
 0.52043365 0.         0.         0.         0.         0.
 0.         1.         0.         1.         0.62385005 0.
 0.         0.         0.13570574 0.         0.         0.
 1.         1.         0.52834868 0.         0.         0.
 0.19846044 0.         0.         0.43700115 0.         0.1692