[-1.72945364e-02  4.30476625e-03  1.49689270e-03  7.70058456e-03
  9.18248670e-01  1.49544723e-03  1.05714988e-02  9.48397436e-03
  3.86729633e-03  3.11289563e-01  1.00475513e+00  9.20952575e-01
  6.75034547e-01  9.98616735e-01  2.10485508e-02  5.80999965e-03
 -1.50062194e-02  1.26256331e-01  1.06136521e-02  7.63615815e-03
  4.75120201e-03  9.95379950e-01  1.08213741e-02  7.51150260e-02
  1.19053907e-02  6.07656171e-03 -6.98458485e-03  1.20687181e-01
  1.00707645e+00  4.02386334e-03  4.67514064e-03  1.00488364e+00
  7.53118337e-03  9.13093022e-03  1.00205212e+00  1.17073174e-02
  7.12333671e-01  8.53798336e-03  3.31758799e-03  1.00636856e+00
  9.98683418e-01  8.39169910e-03  4.29902379e-03  8.92054151e-03
  9.15681684e-01  9.93320858e-01  2.35182572e-01  9.96893448e-01
  6.59088717e-01 -5.76774596e-03  2.30800423e-03  9.75581853e-01
  1.37374611e-02  1.37751883e-02  6.87597353e-01  5.87797567e-03
 -7.25415440e-03  9.84838929e-01  1.00574267e+00  2.55824319e-02
  6.96135069e-03  3.50675029e-03  6.77159895e-03  1.00489962e+00
 -8.34905824e-03  3.49079038e-01  9.99699361e-01  6.47652103e-03
  1.19447726e-02 -1.47249060e-02  9.27610625e-03  8.65264352e-01
  3.30061421e-01  7.73854258e-01  5.00234006e-01  2.52000278e-01
  4.49370991e-03  1.01125489e+00  3.61354976e-03  5.44326531e-03
  7.18709517e-03  9.99097913e-01  1.00124978e+00  9.53111118e-03
 -9.88869493e-04  1.00730984e+00  1.46018566e-02  8.39699872e-01
  8.70145730e-03  4.69873006e-03 -4.58345819e-03  4.46870174e-03
  9.78648639e-03 -2.14974641e-03  2.17547327e-03  1.19458863e-02
 -1.38973549e-02  1.13012286e-02 -4.92004181e-03  9.86060991e-01
 -5.26283891e-03  5.91119997e-01  1.11348220e-02 -3.08991238e-02
  6.83954225e-01  9.73877551e-04  3.11663180e-01  5.20434487e-04
  6.02916439e-03 -2.88299406e-03  7.21076872e-01  9.96439707e-01
 -2.90456765e-02  4.28066319e-02  9.06680603e-03  8.15739833e-01
  1.00556606e+00  5.61421866e-01 -1.16794893e-03  8.42278412e-03
  1.00753843e+00  3.02074243e-02  3.92908657e-03  1.69995582e-03
 -5.29304051e-04  5.61673469e-03  8.68157318e-01  1.08706119e-02
  4.20101181e-03 -1.68766623e-02 -2.79991227e-04  1.17942841e-03
 -7.04210181e-03  4.27246244e-03  6.76139864e-03  3.32678985e-03
  6.35162969e-03  4.19117302e-03  4.50448980e-03  7.89573204e-03
  3.76597621e-02  9.98362041e-01  7.85128948e-03 -1.62974421e-02
  4.05836195e-02  5.42499149e-03  3.72903795e-01  4.30934212e-01
 -1.29046474e-02  3.69268042e-03  7.57663341e-03  8.35083095e-03
  9.85305255e-01  1.59283387e-03  1.00433479e+00  5.73662286e-01
  6.67490999e-01  1.00824585e+00  6.60175538e-03 -6.72122130e-03
  1.08422764e-02  8.77567266e-01  3.03086066e-01  5.64300850e-03
  5.54493681e-03 -9.57089948e-04  3.04161729e-01  1.00387184e+00
  2.25432639e-02  1.00481743e+00  1.00038712e+00 -1.03594809e-03
  8.00710877e-01  4.28805236e-01 -6.71639188e-03 -2.69378544e-03
 -2.86077054e-03  3.01147283e-01  9.89637363e-01  3.02081554e-02
  8.21792809e-03  6.25618543e-03  3.02077668e-01  5.64360391e-01
  6.95550190e-03  7.74306688e-03  2.14348904e-03  8.94061612e-03
  4.66773458e-01  5.15518970e-04  7.13056194e-01  1.62463705e-02
  4.09883481e-01  5.62957110e-03  1.00819393e+00  1.00932640e+00
 -9.11055632e-03  1.00391796e+00  1.04438651e-02  1.00010441e+00
  1.00058032e+00  2.24997274e-03  5.36405241e-01  9.96535542e-01
  1.36313788e-03  5.44695652e-03  7.67368180e-03  7.64261456e-03
  9.45809981e-01  1.00232050e+00  3.56476206e-03  9.94517876e-01
  2.12282512e-03  4.63571879e-03  1.00172646e+00  5.01534040e-03
  9.96088127e-01 -4.54247772e-03  3.39866331e-03  4.47100814e-03
  3.37198110e-03  2.99849373e-01  8.10247633e-03  9.82539207e-01
  9.14986177e-04  3.16528876e-01  7.73568741e-01  7.07933738e-01
  1.00871485e+00 -2.64020391e-03 -2.58002224e-04  1.00255532e+00
  5.90166837e-03  9.95018493e-01  4.57577639e-03  4.16926007e-03
 -8.69088963e-04  5.83352432e-03 -7.31155130e-04  8.93545728e-03
  3.86732961e-01  8.11955267e-03  3.57244721e-01  1.00537344e+00
 -6.87426641e-03  3.12614090e-03  7.99256593e-01  7.02448101e-03
  1.00196596e+00 -3.41052444e-03  8.22202331e-01  4.79674669e-01
 -1.35498850e-04  5.28412414e-03 -1.94719207e-02  3.86247866e-03
 -1.47700450e-03  2.41587669e-03  1.31694336e-03  1.39259678e-03
  1.00978318e+00  9.14785460e-01  1.00419420e+00  3.34166547e-01
  3.80283102e-03  1.06262982e-02  1.20658133e-02  1.00278951e+00
  1.44671033e-02  1.16944303e-02  7.58517996e-01 -3.42903425e-03
  9.90973605e-01  7.56359157e-03  3.78789661e-01  9.44401650e-01
  1.00939331e+00  1.10232757e-02  6.60908337e-03  9.91883125e-01
 -3.77632589e-03 -1.14870290e-02  4.29653193e-03  2.09997345e-01
  4.61414402e-03 -1.69423459e-04 -2.20000000e-04  4.83407062e-03
  2.59582286e-01 -1.73581929e-04  9.28679691e-03  8.97052771e-01
  5.16948128e-02  2.03632571e-03  5.37629387e-03 -6.35009770e-05
  1.00386746e+00  4.39531360e-01  8.58008845e-01  1.00452587e+00
  1.00628340e+00  9.56218433e-01  7.40268267e-01  8.92659167e-02
  7.48733777e-03  6.84153445e-02  1.00460301e+00  4.74206139e-03
  6.97578591e-01  4.24988319e-01  2.93407179e-01  1.00017525e+00
  9.86924862e-01  9.51045658e-01  9.37839940e-02  1.01055671e+00
  7.57632977e-05  1.00496620e+00 -9.28372553e-04  3.06153126e-03
  3.76708174e-03  1.00525165e+00  9.96177959e-01  2.41762024e-02
 -4.17923110e-04 -3.96191323e-03  3.02717684e-03  6.62673974e-01
 -1.65310069e-03 -5.69217759e-04  1.00650918e+00  1.00162694e+00
  4.42337010e-01 -1.15110127e-02  3.22277068e-03  1.00603186e+00
  1.00720418e+00  3.34688179e-03  9.95751673e-01 -7.65842499e-03
  6.74751488e-01  9.33592196e-04  1.00838030e+00  1.00746000e+00
  7.60207947e-01  1.15115827e-02  3.71836735e-04  1.07905000e-02
  5.85203169e-03  1.00645324e+00  9.13587342e-01  7.47732968e-03
  2.61093140e-03 -4.08343236e-03  1.25432734e-03 -6.47192768e-04
  1.00868860e+00  1.00065804e+00  3.96449131e-03  7.56287198e-01
  3.38907047e-02  1.00171469e+00  8.21418138e-01  4.43430953e-01
  4.11668149e-01 -1.60126715e-05  1.10964510e-02  5.99799128e-01
  4.27221342e-03  9.