[1.         0.27142859 0.10115607 0.92346936 0.04201681 0.12271541
 1.         1.         0.95037222 0.9947781  1.         1.
 0.02380952 1.         0.         0.01928375 0.01680672 1.
 0.54308093 1.         0.50400001 0.97932816 0.96774191 0.4530831
 1.         0.46745563 0.         1.         1.         0.95480227
 1.         1.         0.         1.         1.         1.
 1.         1.         0.96875    1.         1.         1.
 1.         1.         0.54838711 0.08933718 0.98641306 0.99445981
 1.         1.         0.16292135 1.         1.         0.60845071
 1.         1.         1.         1.         0.98449612 1.
 0.84139782 0.5924933  0.9893899  1.         1.         1.
 0.96408838 0.77808988 1.         0.94545454 0.08988764 0.97340423
 0.38736263 1.         0.59162301 1.         1.         1.
 0.99730456 0.91168833 0.0867052  1.         1.         0.99739581
 0.31398416 1.         0.63934427 0.49597856 0.45868945 1.
 0.         1.         1.         0.97720796 0.93599999 0.
 1.         0.26130652 0.98360658 0.69002694 0.99159664 1.
 0.         0.96825397 0.44293478 0.29005525 1.         0.05221932
 1.         1.         0.3994638  0.0109589  1.         0.41253263
 0.46849316 1.         1.         0.06793478 0.9941349  0.21563342
 0.71671391 1.         1.         0.01028278 0.92090398 0.01086957
 0.         0.44044322 0.         0.99220777 0.95041323 0.04571429
 1.         0.00797872 0.96285713 0.89552242 1.         1.
 1.         1.         0.40163934 0.00547945 0.99715102 0.22486773
 0.9568733  0.81512606 0.93220341 0.10997442 1.         1.
 1.         0.69436997 1.         1.         0.99731904 1.
 0.         1.         1.         1.         0.00293255 0.00787402
 0.35805628 0.61578947 0.96378833 0.         0.99735451 1.
 0.76487255 0.04891304 0.53115726 0.         0.21546961 0.59620595
 0.99452055 1.         0.65789473 1.         0.         1.
 0.54947919 0.99710143 0.2899729  1.         1.         0.42234331
 0.11232877 1.         1.         0.14444445 0.90027702 1.
 0.48342541 1.         0.02842377 1.         1.         1.
 1.         0.         0.98895025 0.         0.91076118 1.
 0.18028168 1.         0.         1.         1.         0.03804348
 0.90828401 0.37301588 1.         1.         0.         1.
 1.         1.         0.         0.96675903 0.56486487 0.00802139
 0.10282777 1.         0.0952381  1.         1.         0.92786068
 0.95108694 0.00795756 0.79881656 0.99470901 1.         0.29649594
 1.         1.         0.89548022 1.         0.84900284 0.99459457
 0.6439169  0.80869567 0.90663391 1.         1.         1.
 1.         0.97183096 0.27173913 1.         1.         1.
 1.         0.01114206 1.         1.         1.         1.
 0.         1.         0.85754192 1.         0.26706231 1.
 0.00483092 0.99722224 0.95481926 0.84754521 0.02710843 1.
 1.         0.99189192 0.01152738 0.         1.         0.51069516
 0.81501341 1.         1.         0.30526316 0.07714286 0.99733335
 1.         1.         1.         1.         0.         0.99197859
 0.8849315  0.99729729 0.65934068 1.         0.03990025 0.91008174
 1.         0.         1.         0.5477528  0.99463809 1.
 0.48837209 0.61618799 1.         1.         1.         1.
 0.         0.622549   0.66666669 0.11549295 1.         0.21465969
 0.14363144 1.         0.         1.         0.         0.34710744
 0.99722224 0.27763495 1.         0.30149254 0.         1.
 0.73854446 0.55769229 1.         1.         0.38359788 0.984375
 0.95355189 1.         0.30810812 0.96100277 0.3262032  1.
 0.96327686 1.         0.30965909 1.         0.82172704 0.83589745
 0.98108107 0.68937331 1.         0.99178082 0.99715102 0.98882681
 0.97849464 0.61781609 1.         1.         1.         0.46475196
 0.         0.53886008 0.31688312 1.         0.98011363 1.
 1.         1.         0.95652175 1.         0.99436617 1.
 0.99462366 0.         1.         0.96610171 1.         1.
 1.         0.72440946 0.99199998 0.06666667 0.99204242 1.
 0.19060774 1.         0.7724719  0.99712646 0.71621621 1.
 0.58100557 1.         0.9973684  1.         1.         0.05135135
 0.34203655 0.14054054 0.22251309 0.         1.         0.52645504
 1.         1.         0.9839142  1.         0.99705017 0.58793968
 1.         0.37066665 0.93390805 0.11466666 0.80965906 0.63541669
 1.         0.99436617 0.98952878 1.         0.97027028 0.08086254
 1.         0.19537275 0.59776539 1.         1.         1.
 0.         0.21052632 1.         0.61240309 0.40896359 1.
 1.         0.973822   0.17307693 1.         0.98270893 1.
 0.04120879 1.         0.99714285 0.94402033 1.         1.
 0.99479169 0.96747965 0.97043014 0.94324327 0.1810585  0.0978836
 1.         0.08672087 0.15822785 0.5714286  0.07756232 0.67543858
 1.         0.39322916 0.99728996 0.8191781  0.06340057 0.91279072
 1.         0.93530995 1.         0.46505377 1.         0.85789472
 1.         1.         1.         1.         0.20680629 1.
 0.90934068 1.         0.99182564 0.02933333 1.         1.
 1.         0.97894734 1.         0.         1.         0.
 0.23017903 0.10526316 1.         1.         0.2173913  1.
 1.         1.         1.         0.9868421  1.         1.
 1.         0.57024795 0.87792206 0.         1.         1.
 0.99442899 0.44414169 0.95702004 1.         0.99722993 1.
 0.84636116 0.4200542  0.01190476 0.32848838 1.         0.00552486
 1.         1.         0.         0.9972145  0.99718308 0.13218391
 1.         0.68208092 0.980663   1.         0.98876405 0.26478875
 1.         0.57681942 1.         0.06434316 0.21857923 0.
 1.         0.         1.         1.         1.         1.
 0.         0.08870967 1.         1.         0.         0.9887324
 1.         1.         1.         0.96782839 1.         0.52105266
 1.         1.         0.00540541 0.76657826 0.24739583 0.99717516
 0.24444444 0.99726027 0.         1.         1.         1.
 1.         0.73569483 0.28415301 1.         1.         0.99714285
 1.         1.         1.         0.         1.         0.99462366
 0.99738222 0.  