[1.         1.         0.98186529 1.         0.62337661 0.5218659
 1.         0.9313187  0.97796142 0.04461942 0.97037035 0.2577031
 1.         0.99724519 1.         0.22058824 0.32506886 0.98309857
 0.42818427 0.84960425 1.         1.         1.         0.14127424
 0.99195713 0.6796875  0.89373296 0.38176638 0.93905818 0.66481996
 1.         1.         1.         0.98387098 1.         0.98863637
 1.         1.         1.         0.         1.         1.
 1.         0.0140056  1.         1.         0.29649594 0.
 0.99736148 0.99737531 1.         1.         0.         0.51873201
 0.15673982 1.         0.99734747 0.31232876 0.99468082 1.
 0.99439776 0.86021507 1.         0.80874318 1.         0.5
 0.12938005 0.21563342 1.         0.66574585 0.82749999 1.
 0.97580647 0.99728996 0.98885792 0.97783935 0.73699421 0.99734044
 0.81818181 0.26890758 0.70833331 0.03485255 0.95251399 1.
 0.         1.         0.98637605 0.67759562 0.34770888 1.
 0.57255936 0.87837839 0.06684492 0.97916669 0.85754192 1.
 0.89361703 0.86021507 0.890625   0.14171124 0.40223464 0.97142857
 1.         1.         0.01190476 1.         0.94929576 0.69620252
 0.5106383  0.98633879 0.26721764 1.         1.         0.11538462
 1.         1.         1.         1.         1.         0.184
 0.90909094 0.98670214 0.70777482 0.01078167 0.87566137 0.90684932
 0.88654351 1.         1.         0.01690141 1.         0.99736148
 1.         0.94133335 0.72820514 1.         1.         0.84166664
 1.         0.61455524 1.         0.94791669 0.83783782 0.12466843
 0.37362638 0.99718308 0.01129944 0.43333334 0.93539327 0.09166667
 0.00540541 1.         0.         1.         0.00840336 0.98369563
 1.         0.98915988 0.78947371 0.53038675 1.         0.83746558
 1.         0.46341464 0.60833335 0.97777778 0.99710143 1.
 0.58196723 0.8233766  0.01010101 1.         1.         0.
 1.         1.         0.87262875 0.99725276 0.2367688  0.71688312
 0.83516484 0.36314362 0.99452055 0.2610966  1.         1.
 0.55585831 0.56395346 0.54768389 0.99750626 1.         0.97527474
 0.92837465 0.         0.11911357 0.80874318 1.         0.84931505
 0.98655915 0.95251399 0.99733335 0.00265252 0.06469002 0.98630136
 0.84182304 1.         0.95652175 1.         1.         0.88571429
 0.99715906 0.0952381  0.9640103  1.         0.21929824 1.
 0.60477453 0.96187681 1.         0.60377359 1.         0.00828729
 0.50540543 1.         0.99738902 0.84806627 1.         0.09192201
 1.         0.68820226 0.4828496  0.99727523 1.         0.98337948
 0.99722224 0.69905955 0.11444142 1.         1.         1.
 0.         0.01917808 0.99748743 1.         1.         0.63966483
 0.1179941  1.         1.         1.         1.         0.01146132
 1.         1.         0.94791669 0.98245615 0.08493151 0.97686374
 1.         0.01351351 1.         0.97640115 0.00552486 0.56756759
 1.         0.49720672 1.         1.         0.95663959 1.
 1.         1.         0.80148882 0.99456519 0.85869563 0.
 1.         0.93206519 1.         1.         0.98952878 0.16954023
 0.04469274 0.9313187  0.8974359  0.94473684 0.24054053 0.76666665
 0.99193549 1.         1.         1.         0.99744248 0.61684781
 0.94832039 0.70054942 0.93083572 0.5690608  0.00558659 0.64109588
 0.         0.         0.93447292 0.         1.         0.32142857
 1.         0.92348284 0.37396121 0.98961037 0.45776567 0.
 0.         1.         0.99738902 0.05428571 0.875      0.002849
 1.         0.93460488 0.96829969 0.91830987 1.         0.94520545
 0.71883291 0.70194983 1.         0.99726778 0.4116022  0.9609375
 0.82291669 0.05039788 1.         0.86980611 0.93698633 0.96600568
 0.98319328 1.         0.9321534  0.98648649 0.06578948 0.
 0.99220777 0.99502486 0.21351351 0.59335041 0.28851542 0.00266667
 1.         0.46361187 0.97319037 0.         0.54812837 0.97282606
 0.99180329 1.         0.9860335  0.27887323 1.         1.
 0.         0.03763441 0.9973262  0.17414248 0.99145299 0.05645161
 0.97662336 0.88736266 1.         0.98655915 0.97600001 1.
 1.         0.91176468 1.         1.         1.         0.75135136
 1.         0.00546448 1.         0.23306233 0.64577657 1.
 0.99214661 1.         1.         0.99441344 0.5013774  0.35958004
 0.99441344 0.97461927 1.         0.1887324  0.99435025 0.95912808
 0.         0.         0.99480522 1.         1.         1.
 0.         0.81216931 1.         0.71979433 0.27055702 1.
 0.05479452 0.06578948 0.98655915 0.85792351 0.98449612 1.
 1.         0.94269341 0.56800002 0.24020888 0.98275864 0.
 1.         1.         0.         0.18072289 0.12188365 1.
 0.68698061 1.         0.9947781  0.3387534  0.93315506 1.
 1.         1.         0.98888886 1.         0.07179487 0.50652742
 0.93582886 1.         0.02739726 0.21629213 0.98400003 0.18066157
 0.94428968 0.26098192 0.0026738  0.92837465 0.58196723 1.
 1.         0.96448088 1.         0.99720669 1.         0.40217391
 1.         0.91176468 0.33506495 0.25297618 0.13404825 0.99712646
 0.51058203 0.72432435 0.         0.57417583 0.46315789 1.
 0.65656567 0.99212599 0.56410259 0.         0.14166667 0.94088668
 0.54395604 0.08683474 0.03880597 0.48295453 1.         1.
 1.         0.09018568 0.63440859 0.97872341 0.02824859 0.
 0.         0.41504177 1.         0.74411762 1.         0.30829015
 0.33048433 0.32972974 0.91061455 1.         0.1184573  0.
 1.         1.         1.         1.         0.8938992  0.75661373
 0.99456519 0.92011017 1.         1.         1.         0.98138297
 0.63333333 1.         1.         0.94225723 1.         0.55672824
 1.         0.08695652 1.         1.         1.         0.07058824
 1.         0.90476191 0.99748111 1.         0.60176992 1.
 0.9973262  0.         0.58549225 0.38482386 0.9686684  0.
 0.         0.98921835 0.99162012 0.98143238 0.         0.60321718
 1.         0.97740114 0.99701494 0.98809522 1.         0.95912808
 0.96675903 0.08839779 0.02162162 1.         1.         0.99475068
 1.         0.95502645 0.78591549 1.         1.         1.
 1.         1.         1.         1.         1.   