[-7.08261697e-04  1.00066288e+00 -3.21548807e-04  9.98475421e-01
  1.00099333e+00  1.00240843e+00  1.00177033e+00  1.00131683e+00
 -4.43905828e-04  1.08962117e-03 -6.41855935e-04  1.00020510e+00
  1.00189017e+00 -1.28323920e-03  1.14990515e-03  1.00194740e+00
 -1.39623607e-03  1.00212216e+00 -7.66758342e-04  4.23902533e-04
  1.00133436e+00 -8.32694764e-05 -1.00167886e-03  5.01073426e-01
  5.38179466e-05 -7.31127548e-04 -2.40612348e-03  5.54108670e-04
 -8.17224912e-04  1.00164813e+00  1.00086946e+00  7.06958750e-04
  1.00325838e+00  1.00217236e+00 -6.10522217e-04  4.32911662e-04
 -3.13929346e-04  6.98410356e-01  1.00170760e+00 -1.85865820e-03
  2.71473183e-04 -8.31648363e-04  9.99028278e-01  8.99023268e-04
  2.11456407e-03  9.99907478e-01  1.00233418e+00 -1.79263422e-03
  1.00152663e+00 -4.54614682e-05 -1.85466304e-03  1.00028805e+00
 -7.24229519e-05 -4.81414520e-04  1.67229721e-03 -1.86250000e-03
  4.53494704e-01  1.22871582e-03 -3.84912938e-04 -1.36991945e-03
 -1.03939451e-03  1.00019010e+00  2.23401190e-03 -1.89820170e-03
  1.00347644e+00 -7.70354232e-04  5.26397717e-01  9.99330049e-01
 -3.14779825e-03  9.65266312e-01  1.00018813e+00 -8.82548622e-04
  4.64440178e-04 -2.32633711e-04  9.99599581e-01  1.00430380e+00
  1.00232020e+00  1.00135385e+00  1.00038109e+00  1.00020112e+00
 -1.38586293e-03 -4.85711973e-05  2.66726170e-04 -7.99578259e-04
 -1.94322379e-03  1.48812181e-03  1.69728132e-03 -6.61069380e-05
  9.97923561e-01  7.39550542e-01 -8.74164233e-04 -1.37457464e-03
  1.00164361e+00 -4.97015511e-03  1.35838559e-03 -1.61404134e-03
  2.39561574e-05  1.00096929e+00  1.82856211e-04  5.12014381e-04
  9.99977178e-01  5.86169864e-04 -8.23820216e-04  3.54865351e-04
  1.00151923e+00  1.00052679e+00 -3.70650436e-04 -8.33648832e-04
  1.65664823e-03 -1.38321766e-03  1.62876475e-03  2.90724454e-03
  2.19955747e-04  5.52281705e-04  1.00084070e+00  9.42616218e-04
 -1.21964675e-04  5.33848894e-04 -3.23392874e-04 -4.79643132e-04
 -1.73621780e-04  9.99370401e-01  2.06000000e-03  6.06256297e-04
 -9.02745375e-05  1.00373791e+00 -2.40257974e-04 -3.35642161e-04
 -6.80749620e-05  9.92387073e-04  2.48437780e-01  1.00041323e+00
  9.99297109e-01  9.07716982e-04  1.00026100e+00  7.79214067e-04
  9.99195613e-01  1.00020386e+00  1.00152581e+00  7.66101343e-05
  2.66183996e-01  1.21249565e-04  1.60640280e-03  1.10066668e-03
 -5.63205305e-04  1.00042018e+00  9.99196455e-01 -8.41783217e-04
  3.35493449e-04 -5.69954176e-05  1.00087071e+00 -1.06264049e-03
  1.00174250e+00  1.00253328e+00 -9.48536903e-05 -1.47005906e-03
 -2.09157822e-03  1.60378770e-03  8.54992273e-04 -2.78147113e-05
 -8.14669131e-04 -1.16166617e-03  5.23142241e-04 -1.07608344e-03
 -1.60398376e-03  1.27195105e-03  8.92892353e-04  2.27385950e-04
  1.38452696e-03  1.81016916e-03  8.43101747e-04 -4.75828898e-04
 -1.19384305e-04  9.99205400e-01  1.00178303e+00  1.00074054e+00
  1.00053504e+00 -5.53266486e-05  1.00125385e+00  1.00177492e+00
 -1.72744850e-03 -1.41751145e-03  1.86800025e-03 -1.43896508e-03
  2.08523666e-03 -9.12559790e-05  8.58201585e-04  9.98868523e-01
  1.78095146e-03 -9.96988021e-04 -5.11142845e-04 -9.72180687e-04
  1.00122079e+00 -1.54991170e-03  6.07747554e-01  3.94940047e-04
 -8.83716037e-04  1.00050336e+00 -1.62558827e-03 -4.03938521e-04
  1.00031626e+00 -1.38330081e-04  1.00108638e+00  1.00144160e+00
  3.45754595e-04  1.03450777e-03 -1.11852841e-03 -1.79005453e-03
  1.00122423e+00 -3.58917009e-04 -1.26712519e-04 -1.11955498e-03
  1.00288270e+00  9.87050940e-04  1.19764046e-03  3.42118503e-06
  7.25730092e-04  9.99806571e-01  7.96947301e-04  5.46642821e-04
  1.62904337e-05  1.00238992e+00  6.76393696e-01 -7.87440249e-04
  1.00011783e+00  8.98519776e-04 -7.20902402e-04 -1.12982682e-03
 -3.94830286e-04 -1.47140823e-03  1.95596151e-04  1.00085746e+00
  1.00020884e+00  1.00070335e+00 -1.09435175e-03  1.00045483e+00
  1.00225777e+00  1.00206339e+00 -2.15099387e-04  1.00139669e+00
  9.51340036e-02  9.99258330e-01  1.00246783e+00 -7.77542528e-04
 -1.26549742e-04 -1.77248283e-03  1.00155671e+00 -1.17688273e-03
  1.00107501e+00  5.41582419e-04  1.03604915e-03  2.66718434e-03
 -1.73141890e-03 -1.29812406e-04 -2.46839842e-03  1.00103504e+00
  1.00103687e+00 -1.11669529e-03  1.40771906e-01  2.32598563e-04
 -2.08760146e-03  1.00150952e+00  1.00024979e+00  9.99632379e-01
  5.87208846e-04  9.99692746e-01 -1.35559656e-03 -3.75000000e-05
  1.06633838e-03 -9.62052882e-04  7.04106091e-05 -4.26719122e-04
  1.00165428e+00  1.00109791e+00 -9.64550229e-04  1.32728761e-04
 -1.00182473e-03 -2.10531657e-03  1.07591164e-03  2.42698950e-03
  1.00031174e+00  1.00172295e+00  1.31053605e-01 -2.18079734e-03
  1.79096508e-03 -1.38806986e-03  1.65932696e-03 -6.55636593e-05
  1.00141761e+00 -1.45420039e-03  1.00066713e+00  2.67186288e-04
  1.00156432e+00  2.37009935e-03  5.18138227e-04  9.12246090e-04
  1.00119427e+00  9.99703267e-01  1.91952544e-03 -8.56250000e-04
  8.10671002e-05 -5.25221437e-04 -3.39612258e-04 -1.06559116e-03
  5.17128895e-04 -4.84868934e-04  9.72960121e-04  1.55250000e-03
  1.00071270e+00  1.34798050e-03  9.97585310e-04 -5.59613543e-04
 -1.48318850e-04  9.98570501e-01  8.52868504e-04  9.99962973e-01
  1.46093917e-04  8.30260813e-04  1.54068424e-04  6.65604758e-04
  3.59358202e-04  5.82239716e-04  1.00090179e+00 -9.41691318e-04
  1.00132269e+00  1.69174991e-03 -2.51702411e-03  7.04663000e-01
  1.00016634e+00  9.99781970e-01 -1.14315124e-03  1.00239392e+00
  1.33469811e-03 -1.15239544e-03  1.00046181e+00  1.00066072e+00
 -1.69315496e-04 -1.33179955e-04  6.03058908e-04 -2.99634123e-03
  1.00270436e+00  1.00064737e+00  1.53548778e-03  3.84212550e-04
  7.65715012e-04  9.99413750e-01  1.76194633e-03  1.00257134e+00
  1.00152920e+00  1.00288680e+00 -2.05313636e-03  1.93345937e-03
  4.02963095e-05 -1.76184226e-03  1.00115988e+00  1.00199122e+00
  1.00135746e+00  1.00023249e+00  6.32771434e-04 -4.19399357e-04
  4.86648928e-01 -1.56844578e-03 -5.06244568e-04  1.00187000e+00
 -1.11947020e-03 -1.50733314e-03  1.38625402e-03 -2.89798257e-04
 -1.45478987e-03  9.