[ 2.77260054e-01  1.00101090e+00  1.00074893e+00  8.30795047e-02
  9.25170931e-01 -4.40164799e-04  8.89142172e-01  1.01719145e+00
  7.39736145e-01  4.81828192e-03  5.60739222e-03  2.19175361e-01
  1.00616466e+00  6.42985663e-02  9.33444169e-01 -7.32004223e-05
  1.38694049e-02  3.39839355e-02  1.31544118e-03  1.01329562e+00
  3.70982948e-02  7.17453408e-01  4.11403541e-03  8.83507944e-01
  2.52367614e-01  9.42161880e-03  1.00324095e+00  1.64624139e-02
  4.90437675e-03  5.21292119e-05  7.51902221e-04  6.39410956e-03
 -1.01228157e-02  7.96948111e-01  1.23986713e-02  8.03191753e-03
  9.94351092e-01 -7.01351541e-03  1.51396833e-02  6.69023558e-03
 -6.02204437e-03 -6.44568797e-03  1.69672083e-03  4.18156235e-01
  7.07070981e-01  1.89554384e-02  1.00725811e-02  2.91426198e-01
  6.37036273e-03  3.28502702e-03  4.48228250e-03  1.65088313e-02
  1.84599895e-03  6.87394525e-03  3.40181759e-04  7.97813697e-03
  1.92663869e-01  4.64655373e-04  1.00052535e+00  7.47519209e-01
  1.20054086e-02  9.93390623e-01  1.00632233e+00 -6.95472438e-03
  9.98362873e-01 -4.28218007e-03  1.00440080e+00  1.00103596e+00
  5.25672296e-03  1.01253492e+00  1.39771793e-03  1.45785333e-01
  6.92606461e-01  9.94197025e-01 -1.37070787e-03  2.77807215e-03
  1.00620064e+00 -1.31064369e-03 -2.33974642e-03  1.61391447e-02
  1.00748543e+00  1.00711325e+00  1.01749533e+00  8.94300734e-03
 -3.85178947e-03  3.62115286e-03 -1.69675236e-03  8.07732261e-01
  1.00446465e+00  1.26880350e-02 -1.56388460e-02 -6.30518503e-03
  1.00787458e+00  3.46010220e-01  1.00726839e+00  9.88134779e-01
 -2.08465464e-03 -1.78577078e-02  1.00975197e+00  9.96574286e-01
  4.53524830e-03  3.77968810e-03  9.79192796e-03 -1.04225522e-02
 -3.05061027e-04  4.05082080e-04  1.00011802e+00  6.05693285e-01
 -1.59978061e-03  9.99344189e-01  4.96549684e-01  8.75043075e-03
  1.01380178e+00  1.04816354e-02 -3.94984034e-03  1.00617121e+00
  5.80108388e-03  1.00173488e+00  6.89311533e-01  1.86256562e-03
  1.09446179e-02  1.00777275e+00  1.10479666e-02 -3.75031578e-03
  1.00338438e+00 -2.54879255e-03  9.88824044e-01  2.02155902e-01
  9.99961885e-01 -4.07544983e-03  1.67739067e-03 -2.55876416e-03
  4.51198137e-03 -3.22555239e-03 -1.98354453e-03  7.00150731e-03
  1.71755387e-02  7.22036243e-03  1.00633905e+00  1.24994335e-01
  1.00767536e+00  4.04397758e-01  3.11600434e-03 -3.55820452e-03
  6.83374591e-01  6.08988758e-03  9.99961055e-01  3.19077500e-01
  6.33703599e-01  1.00932821e+00  5.45788796e-03  1.56449437e-03
  8.77711837e-01  6.93073649e-01 -5.56931526e-03 -2.73724914e-03
 -5.87578396e-03  1.66303357e-02 -6.08853122e-04  3.86772472e-03
 -3.88160727e-03  2.57773208e-04  1.00829970e+00  8.98985322e-01
  1.00984716e+00  8.74245670e-01 -2.26823860e-03  1.00081256e+00
  2.39192023e-03  3.71407666e-02 -7.77486559e-03  7.80184760e-03
 -3.77107219e-04  3.39279187e-03  2.61115501e-03  1.33110580e-02
 -2.69742610e-03  5.22576822e-03  9.97773474e-01  1.03026231e-02
  1.34305907e-02  5.86781028e-03  1.00296957e+00  1.00860309e+00
  1.36133352e-02 -5.48328465e-04  9.78580389e-01 -6.72564687e-03
  9.97682288e-01  1.00334718e+00  1.92898444e-03 -7.19435066e-03
  8.99675439e-01  6.60359038e-04  4.55409976e-01  1.62612735e-03
  7.41092450e-04  9.97909811e-01  7.06830609e-03  1.00499236e+00
  4.52555950e-01  4.17725556e-03  1.00213137e+00  9.31193439e-01
 -3.60719911e-03  9.97247250e-01 -2.51844909e-03  5.79932376e-01
  1.40710001e-02 -6.57554410e-03  1.00696336e+00  2.21766638e-03
  8.98407235e-03  1.00950785e+00  1.00485880e+00  1.01976074e-02
  4.31673580e-01  5.88627069e-03 -5.31093795e-03 -4.01133644e-03
  1.01403705e+00  6.11893747e-03 -4.06774944e-03  4.50341926e-03
 -1.56776139e-03  6.33063609e-01  1.76695721e-03  5.31283326e-03
 -7.52591459e-03  1.01035712e+00 -1.07897387e-02  4.03124686e-01
  2.44190243e-01 -1.01627506e-03  7.50960832e-03 -3.85259509e-03
  9.79469750e-02 -3.60280788e-03  5.29442573e-03  9.99085142e-01
  3.95152927e-03 -2.91363194e-03 -7.14669759e-05  5.96165174e-01
  9.97161162e-01  1.21913148e-03  9.94518537e-01 -3.21253853e-03
  1.00304911e+00  2.77557895e-03  4.04492232e-03  3.69807448e-03
  5.40546831e-03  1.36740293e-02  1.53838887e-03  1.00042285e+00
 -2.74709005e-03  1.55438237e-01  3.01146091e-03  5.13427075e-03
  4.62297987e-04  5.81580374e-03  1.27447253e-02  1.23679212e-02
  1.00725717e+00  1.50623277e-03  1.00355374e+00  4.65608431e-01
  8.88713247e-03  5.18471277e-01  1.00732126e+00  1.50629191e-01
  8.07937860e-03 -1.79735220e-02  9.43213394e-01  1.00166465e+00
  3.89536616e-01  8.78771948e-03  1.01064122e+00  6.07496372e-03
  4.34474233e-03  5.55695664e-04 -5.66348739e-03  7.47737679e-03
  1.01120369e+00 -5.23877884e-03  4.62503952e-03  7.78954027e-03
  1.67731496e-02  1.01446400e+00 -2.88303736e-03  2.46564416e-01
 -2.22845901e-03 -2.84128694e-03  1.00681150e+00  9.96310187e-01
  3.85612395e-03  1.01172905e+00  7.57433770e-01  9.98947943e-01
 -8.86628485e-03 -4.12576781e-03  1.00810195e+00  6.51873388e-03
  9.97330383e-01  5.87619069e-01  9.71531803e-01  1.39978391e-03
  4.07747286e-03 -1.13205940e-02  5.11383259e-01 -3.75383798e-03
  1.00047471e+00  2.08073770e-03  4.68408025e-03  1.00620043e+00
  3.42579399e-02  3.74509627e-03 -3.12615153e-03 -4.50447321e-03
  6.84016322e-03  2.66394213e-03 -5.97020600e-04  7.62720786e-03
 -5.23009681e-03  7.27038128e-03 -1.80215184e-03  9.97275021e-01
  1.41265343e-02  6.34025898e-03  5.67343112e-03  2.58028457e-04
  2.08531790e-01  1.00540101e+00  1.99779329e-01  1.34563962e-03
  6.37597063e-03  5.02449757e-03 -1.18043723e-02  9.98627691e-01
  5.35073028e-03  1.02023428e+00  8.63961554e-03  1.66883178e-02
  1.28923828e-02 -1.00154940e-03  2.51721645e-01  9.33275461e-01
  5.04641699e-03  1.23686263e-02  5.82661898e-03  8.73944218e-01
  9.92038456e-01  1.89114200e-03  9.94459789e-01  5.22405672e-01
 -9.66544164e-03  3.20846458e-03  8.29658319e-03  7.63934549e-04
  4.74443376e-03  1.01497672e+00 -1.23182407e-02  9.76275199e-01
 -7.11422395e-03  3.41449121e-04  8.94996045e-03  1.48199852e-02
  7.42978480e-01  9.