[-1.53619211e-02 -2.37014222e-03  1.01294923e+00 -1.96693807e-03
  2.22027972e-03 -2.78808706e-03  1.02054701e+00 -1.28511303e-03
 -3.72515387e-04  7.41243179e-03  1.00716905e+00  1.02333979e+00
  3.62731802e-03  6.99258406e-03  1.12884674e-03 -5.22539960e-03
  1.22185113e-01 -1.14119487e-02 -1.37665345e-02 -7.97945205e-04
  3.45258159e-01 -1.50713349e-02  1.01252200e+00  1.00904438e+00
  1.01242979e+00 -9.47210671e-03 -4.67721115e-04  1.29367502e-02
  3.23738761e-04  1.01046674e+00  9.77144481e-04  1.04321625e-02
 -7.71310119e-03 -9.71970538e-03 -7.04447867e-03 -3.72366149e-03
  2.25871604e-03 -5.52956154e-03 -1.42945961e-03  1.00687182e+00
 -8.81322477e-04  5.51048538e-03  3.72139287e-03 -3.81765445e-03
  1.00935090e+00  1.15082645e-02 -1.39486301e-02  9.99728236e-04
  5.58478464e-03  1.02211995e+00  8.61179482e-03  1.01201145e+00
  6.58632177e-03  2.99263446e-03 -6.07776007e-03 -5.21093039e-03
  3.79810437e-03  1.00386794e+00  9.54975895e-03  4.42840779e-03
  1.00911060e+00  1.01239206e+00  5.31274013e-03  9.87934518e-04
 -2.63660767e-03  1.01800850e+00  1.01478359e+00  1.00991770e+00
  6.51793346e-01 -6.74267907e-03  1.16204051e-02  3.47540662e-03
  1.00927943e+00 -1.13218317e-02  1.64967158e-03  1.01706481e+00
 -2.75768278e-03  6.13282994e-03 -3.12955373e-03  9.27457498e-03
  1.01160646e+00 -1.72850354e-03  1.00631063e+00  8.85676823e-04
  9.71870378e-04 -1.49104683e-03 -1.72850354e-03 -1.30734663e-02
 -2.24886449e-03 -6.15172414e-03  1.02555789e+00  5.19576049e-03
 -4.07226162e-03  1.81407455e-03  3.99147667e-03  1.02106605e+00
 -3.28326841e-03  3.48285279e-03 -7.73287671e-03 -3.49523397e-03
  1.01088413e+00  1.01421832e+00  3.89844198e-03  1.01645625e+00
 -1.37794828e-02 -5.40201372e-03  1.28101661e-02  4.72699001e-03
  4.88659794e-03  2.17374762e-03  1.27967501e-02 -9.64256670e-03
  8.44301608e-03  3.88941580e-03  4.18096223e-01 -3.40401833e-03
 -8.02735589e-03 -1.03969113e-02 -2.94550847e-03 -1.36093172e-02
 -1.48413793e-02  5.46535563e-03  1.00643729e-02 -3.62172865e-03
 -8.61980674e-03 -4.49046110e-03  8.14232940e-03  9.12920644e-04
 -2.03392639e-03 -1.06500692e-03  1.00781762e+00 -2.60481100e-03
 -1.00827586e-02 -3.82235381e-03 -1.21841606e-04  6.84808407e-03
  7.25170068e-03 -1.47323176e-02 -1.32155759e-02  3.30836777e-03
 -2.40689655e-03 -3.75243511e-03 -9.50057274e-03  4.48869403e-03
  1.00435724e+00  1.01180958e+00 -1.69953581e-02  1.01025014e+00
 -1.45234170e-02  1.31211409e-03  8.40159840e-03  2.11536927e-03
 -1.26843936e-03  1.02207153e+00  8.04058339e-04 -5.83214869e-03
 -2.02494220e-03  1.00032203e+00 -1.93699009e-03 -1.48335798e-04
  1.01396178e+00 -4.78085835e-03  1.01839604e+00 -3.57926710e-03
  1.21133906e-03 -7.71038850e-03 -2.45247893e-03  1.01994534e+00
  1.01417464e+00  7.83408502e-04  1.00719871e+00 -1.42961999e-02
 -1.03887327e-02  8.15005043e-03 -6.26410511e-03  4.71347231e-03
 -5.25297530e-03 -1.91136894e-03  1.00953163e+00  6.04064655e-03
  6.04742308e-03  8.81800964e-03  7.03743316e-03  1.02197555e+00
 -4.69832241e-03  1.00641189e+00  1.00287911e-02  1.01860939e+00
  8.33103448e-03  1.01437712e+00 -8.26497153e-04  1.02166361e+00
 -5.06511122e-03 -9.29945055e-03 -4.15209778e-03 -6.22562268e-03
 -1.38871795e-02  5.26080624e-03 -5.59755817e-03 -9.11015680e-03
 -1.85521201e-02 -8.15631927e-03 -1.40253535e-02 -3.98936450e-03
  1.01817860e+00  1.00999941e+00  5.54210022e-03  3.48236798e-03
  6.37547645e-03 -2.06173339e-03 -1.74291150e-04  1.01969684e+00
 -1.41269297e-02  1.01656934e+00  6.76783685e-03  1.02442403e+00
 -1.73660907e-02  2.73901622e-03 -2.16389595e-03 -8.26497153e-04
 -4.00441638e-03  1.87242828e-03 -5.68587106e-03  2.44041409e-03
  1.01099791e+00 -9.52795797e-03  1.01033371e+00  1.00783119e+00
  6.56743809e-01 -1.98862739e-03  4.86964399e-03 -2.29147949e-03
 -3.71425689e-03 -2.40334077e-03 -3.66922830e-03  8.95691670e-03
  1.01638584e+00 -1.24076279e-02  5.75715922e-03  3.37390701e-03
  1.02417402e+00  1.01149989e+00  7.69653278e-03  1.01525474e+00
  1.02103446e+00 -7.45170743e-04  1.00662772e+00  1.01876221e+00
  1.37863701e-02 -5.91935104e-03  4.20452239e-03  1.01325171e+00
 -3.27274504e-04  1.02460865e+00 -1.66299976e-02  1.01326193e+00
  4.84947346e-03  2.47919458e-03 -3.17754868e-03 -1.73211836e-02
 -4.51317297e-04  8.10503625e-03 -2.91514479e-03  1.00952036e+00
 -1.15871784e-03  7.95971437e-01  4.11682068e-03  2.86466120e-04
  1.02293650e+00  1.00690476e+00  1.00284765e+00  1.67269284e-03
  3.36399257e-03  1.01433477e+00  9.79333167e-04 -8.52393622e-04
 -4.56716029e-03 -1.15794832e-03  1.01059107e+00  1.01450392e+00
  9.99854860e-01  1.30133597e-03  1.00292940e+00  1.01331649e+00
 -3.00684932e-03  1.02353115e+00  5.72305159e-02  1.00474000e+00
  4.15476209e-04 -6.84446654e-04 -1.98923898e-02  1.01121575e+00
 -7.52302567e-03  1.01722619e+00  3.88941580e-03  1.01861356e+00
 -4.08130942e-03  1.74781195e-03  1.06083054e-02  2.19938879e-03
  1.01325021e+00  1.00878985e+00  8.98727829e-03 -1.37862069e-02
  1.00588014e+00 -9.51854762e-03  1.27097902e-02 -8.95079584e-04
  2.03017833e-03  8.60449650e-03  5.22395066e-03  4.98725063e-03
 -3.28342246e-03 -2.80471753e-03 -1.30360206e-04 -1.68987263e-03
  8.02860290e-05  2.93660952e-03 -5.55871212e-03  4.34931507e-04
  5.83201902e-03 -5.35599057e-03 -4.10170518e-03 -5.83849862e-03
  1.01118289e-03  5.95090830e-03  1.50199018e-03  1.01264820e+00
  1.01157252e+00 -1.40902313e-03 -1.78974686e-03 -1.16039272e-02
 -2.18049160e-03  3.62961444e-03  1.52308753e-03 -6.53130794e-03
 -3.72689810e-03 -3.98557086e-04  1.85526955e-03  6.56738308e-03
  2.36963907e-03 -4.94325709e-04  1.00387316e+00  4.17640321e-03
  2.55445698e-04 -1.46465750e-02 -4.47540672e-03  1.00379856e+00
  1.01077255e+00  1.38218314e-02 -1.65147826e-03  1.01596286e+00
  1.01064738e+00 -3.41447975e-03  1.01673701e+00  1.01430452e+00
  9.31611879e-03  5.42800949e-03  1.01738693e+00  1.01190136e+00
 -5.60306730e-03  2.16407559e-03  1.01385764e+00  1.01382308e+00
 -6.17483468e-03 -6.75350088e-03  5.78006873e-03  1.02245606e+00
  1.00485274e+00  3.