[ 4.22932331e-03  7.38205923e-03 -7.07916912e-03 -2.89655172e-03
 -4.00419677e-03 -1.28777473e-02  4.69607754e-03  1.00877157e+00
  1.69572650e-03 -1.00343643e-02  1.00663198e+00  6.29227896e-03
 -4.26532072e-04  7.73116438e-03 -8.10127373e-03 -5.93005856e-03
 -5.34860237e-03  4.30886513e-03  1.00153689e+00 -5.47008547e-05
 -1.60585479e-03  6.08623458e-03 -3.78801331e-03 -5.05441619e-03
  5.58747347e-03 -1.26119146e-02 -2.68058644e-02  1.82937328e-03
  1.01925810e+00 -1.12520390e-02  1.10699114e-03  1.00741372e+00
 -7.00677981e-03  1.01116327e+00 -8.78677116e-03  1.01584760e+00
  2.65887432e-03 -5.55815022e-04  3.86896552e-03  9.47717580e-04
  1.00712379e+00  1.00835254e+00  4.63789916e-03  4.62772050e-03
 -9.84540398e-03 -1.14902907e-03 -5.97443294e-03 -9.13494445e-03
 -2.88231235e-03 -2.67453413e-03 -4.15255005e-03  1.00578751e+00
  6.68785778e-03 -1.58607032e-03  1.01321486e+00  1.08144582e-02
  1.16297476e-03  7.98397225e-03 -3.08487855e-03  6.93896601e-04
 -4.41551521e-03 -6.23803155e-03 -2.10600211e-03  1.00448372e+00
  2.88805399e-03  1.00971827e+00  1.01200327e+00  1.01535861e+00
  2.76338515e-03 -1.18150685e-03 -4.82652414e-03 -2.58585069e-03
 -6.81839974e-03  7.63112601e-03 -3.03589744e-03  1.25733641e-02
 -2.59380343e-03  9.91716237e-01 -6.78018263e-03  1.60585479e-03
  3.38014985e-03  1.00055582e+00  5.05449967e-03  9.70678410e-04
  6.85871056e-04  2.47010951e-03  3.49700284e-03  6.21224807e-03
 -9.63892289e-03  1.07144738e-02 -9.42636986e-03  2.77729007e-03
  3.46797865e-03  9.96136676e-01  2.23609913e-03  1.31788962e-04
  1.02409769e+00  9.98291115e-01  1.24001258e-02  1.44150920e-03
  1.01296469e+00  1.00685775e+00 -1.48690270e-02  7.91201254e-03
  1.00845038e+00  1.00757946e+00  5.60732902e-03 -5.15264064e-03
  7.14487167e-03  7.03777919e-03 -2.77417136e-03 -5.94717782e-03
  2.56148416e-03 -1.28100091e-02 -4.76799955e-03  4.97136312e-03
 -4.02296782e-03 -5.03075036e-03  2.70959823e-03  1.00240055e+00
  8.21154721e-04  1.11964669e-03  1.01387118e+00  3.07234681e-01
  4.79848581e-04 -1.37788984e-02 -1.89104448e-02 -1.37457045e-04
 -2.01126731e-02  1.00540006e+00  5.84774554e-03  1.01139503e+00
  2.70332188e-03 -1.57976563e-03  2.38894628e-03  1.00195487e+00
  1.00783429e+00  5.10915844e-03  1.00929539e+00 -1.04126728e-03
 -4.93208408e-03 -2.80969031e-04  3.49049369e-03  8.04827586e-03
  3.00673556e-03 -1.44836242e-02  1.00714340e+00  1.00591065e+00
  1.01845819e+00  1.00721154e+00  8.56757543e-03 -4.46076386e-04
  1.00507022e+00 -1.54596639e-03 -6.28989279e-03  1.02037957e+00
 -3.85742480e-03  4.54900959e-04  6.69114580e-03  1.03908956e-02
 -6.11845735e-03  1.00125058e+00  1.03163686e-03  1.84426859e-03
 -7.66371030e-03 -1.27885789e-02 -8.39359504e-04  1.01235837e+00
 -1.67239404e-02 -1.14066804e-03 -5.28425980e-03 -3.21768276e-03
 -1.17466782e-02 -1.28272488e-03 -7.82161235e-03  2.74403367e-03
  2.15811110e-02  1.01472843e+00 -1.13002381e-02  1.01536724e+00
  1.08195130e-02  3.29805534e-03 -3.57808991e-03 -5.32656062e-03
  3.45068493e-03 -3.86599535e-03 -5.92849691e-03  1.00266469e+00
  1.42759582e-02 -9.28375465e-03  1.01761148e+00  3.89224290e-03
 -4.11663808e-04  9.33038908e-04 -5.89827163e-03  1.01048666e+00
  7.16845878e-03  1.01819856e+00  1.15265866e-02 -4.39296540e-04
  3.31335616e-03 -1.14497245e-02  1.00926657e+00 -1.73108293e-03
 -5.53727630e-03  4.71422123e-03 -8.62707864e-03  1.01786329e+00
  1.01269800e+00 -8.17151598e-03  8.47575908e-03  9.54314946e-04
  1.01092217e+00  3.80781130e-03 -1.14443504e-02  9.71920876e-03
  1.01299931e+00  1.00948774e+00 -5.11650337e-03  3.46797865e-03
  1.00909046e+00  1.00404997e+00 -1.00009059e-03  1.00564279e+00
 -5.03424658e-03  1.01559503e+00  1.00814810e+00 -1.07999136e-04
 -2.39421558e-04 -9.43841844e-03 -2.49713631e-03 -9.13126189e-03
  1.01605489e+00  1.01286187e+00  1.12855894e-02  8.50120523e-03
 -1.09000122e-02  1.00513173e+00  1.00614497e+00 -9.30430768e-03
 -2.28701303e-02  4.65412502e-03 -6.57526534e-03  1.01658874e+00
  1.00887394e+00  5.02155595e-03  1.00983846e+00 -1.54109589e-04
  3.37557490e-03  1.00614594e+00  7.22642808e-03  6.67183196e-04
  1.00319584e+00 -1.07172414e-02  6.65269837e-03 -5.04605134e-03
 -6.70004853e-03  1.01450172e+00 -4.94021902e-04  7.85302709e-03
 -2.23313413e-03  1.00503331e+00 -4.26136364e-03  1.00998611e+00
 -2.42863810e-03  1.00712161e+00  4.12796698e-03  1.00971685e+00
  4.47209041e-03 -1.62539720e-03  5.97059191e-03  1.01744399e+00
 -5.14507837e-03  1.00590854e+00  1.01446726e+00  1.80000000e-03
  1.46240064e-04  2.59336100e-03  1.10623278e-02 -4.28863259e-03
 -4.92357437e-03  1.01514978e+00  1.01174159e+00  1.00549828e+00
  1.00978349e+00  1.00613975e+00 -1.32416953e-02  1.01398412e+00
  1.00434377e+00  1.01239404e+00  1.00426642e+00  1.01189212e+00
 -1.05345485e-02  8.08704440e-01  6.05879024e-03  4.55989195e-03
 -3.20733104e-04 -7.87834927e-03  1.01396612e+00  1.00776632e+00
  9.96695983e-01  1.00324488e+00  1.00881834e+00  1.01156997e+00
  1.01276350e+00  1.00291213e+00 -6.91366972e-03  4.86025762e-03
 -5.05894021e-03 -7.32860889e-03  6.46030848e-01  7.00822066e-03
 -2.87852402e-03  6.53252997e-03 -2.08863697e-03 -7.41032852e-03
 -7.26206897e-03  5.50795594e-03  1.00182937e+00 -2.80969031e-03
  8.89051273e-03 -3.01230537e-03 -2.72164948e-02 -1.01210621e-02
  1.00734589e+00 -7.79694695e-03  1.00435747e+00  4.77045707e-03
 -3.78620690e-03 -4.10560079e-03 -1.52550091e-02 -2.29229434e-03
  4.97261977e-01  4.53310869e-05 -1.33516091e-02  1.01082866e+00
 -6.17600182e-03  8.59650893e-03 -1.62539720e-03  1.01469955e+00
 -4.87619159e-03  4.04714480e-01 -4.39296540e-04 -5.63466979e-03
  1.01285844e+00 -3.04375396e-04  3.69203505e-03  1.01094824e+00
  8.05619361e-03  3.90603327e-03 -7.11724138e-03  1.00623634e+00
  1.41976984e-02  6.87285223e-05 -6.88374126e-03  4.60110532e-03
 -8.60843469e-03 -1.89393939e-03  1.01124488e+00  5.19902980e-03
  1.01871043e+00  1.01195862e+00  1.00151203e+00  1.01508356e+00
 -4.49550450e-03  1.01395228e+00  4.13365484e-03 -1.89654096e-03
  1.01861656e+00  1.