[-7.80392673e-04 -8.11297191e-04  5.44809836e-04  2.80108640e-03
 -8.37820599e-04 -3.77791017e-05  6.32365243e-05  1.07294463e-03
 -4.48812118e-04 -2.20399868e-03  6.95800083e-05  1.11514359e-04
 -1.21077347e-03  9.67582696e-04  1.15638119e-03  5.92811079e-04
 -3.84905236e-04 -1.36722653e-03 -1.09846393e-03  6.76350488e-04
 -4.14676848e-04 -3.52899371e-04  1.32236760e-04  1.16561895e-03
  6.06701399e-04 -5.00121411e-04 -2.77223732e-03 -8.95283612e-04
  4.07256735e-04  1.41573127e-03 -2.26520822e-04  1.53789533e-03
  3.76982470e-04  5.34547264e-04 -8.18020500e-04 -3.13383610e-05
  2.60184848e-04 -1.31303862e-03 -4.63336785e-04  7.92961843e-04
  7.20811373e-04 -5.20808857e-04 -1.40156686e-03  1.34800065e-03
  9.30398481e-04  2.04810249e-03 -3.16991143e-04  1.08451303e-03
 -3.86391297e-04 -1.01676254e-04 -1.29252643e-03  7.65603734e-04
  9.89010426e-04  2.31493662e-04 -9.41630735e-04  8.38779128e-04
 -6.33385441e-04  6.18446155e-04 -2.37167098e-03  1.21077467e-03
 -1.55599892e-03  1.40593036e-03  1.35440696e-03 -2.63195153e-04
 -1.26319494e-03  1.71413318e-03 -2.42443807e-04 -1.07131750e-04
 -5.20590714e-04 -4.42430540e-04 -3.68809490e-04 -5.32133327e-04
 -1.67244226e-04  1.73616652e-04  1.75448297e-04  6.87251565e-04
  1.34331794e-03 -8.42511435e-04  4.90440286e-04 -2.64886876e-04
  4.84008632e-04 -4.09086878e-04  1.60265732e-03  1.66164276e-03
 -4.21738681e-04  1.41947124e-03  9.71160819e-04  4.15195473e-04
 -2.98388638e-04  1.28081379e-03  2.85608698e-04  3.36790603e-04
 -1.56019439e-04 -2.64808744e-04  4.90834908e-04  8.08584535e-05
  1.05055049e-03 -3.27199584e-04 -8.27999949e-04 -8.44370215e-04
 -4.31192231e-04 -2.53706717e-04 -4.88918399e-04 -8.96812672e-04
 -7.29241766e-04  8.05629118e-04 -4.45797172e-04  8.47196169e-04
  6.55484479e-04 -7.19461030e-04  3.93515089e-04 -3.24171474e-04
  3.91899883e-05  3.80234422e-04 -9.60987214e-04 -3.51204639e-04
  4.57227608e-05  1.68598617e-03  3.92407262e-06 -1.67444777e-04
  4.39414869e-04 -1.44778641e-04  4.71344043e-05  9.37498064e-05
 -4.57210909e-05 -1.24130508e-04  8.15269067e-04  1.36562548e-03
  2.09407295e-03  8.02669245e-04 -9.72059261e-04 -3.03812480e-04
 -6.76107227e-04  1.80152196e-04  1.04106554e-03  8.27349794e-04
  5.43989241e-04 -9.45033994e-04  6.39813777e-04 -4.16908479e-04
 -1.03212870e-03 -5.61457105e-04  5.53568826e-05  7.88038221e-04
  2.15412662e-04 -1.20767288e-04  8.97321430e-04  1.72477886e-03
  8.40004683e-05  1.55520094e-03  8.57309420e-04  2.47376490e-05
  2.03887553e-03 -2.31566162e-05  8.95309578e-04  5.62393755e-04
 -1.08812566e-04  1.05751679e-03 -1.50253745e-04 -8.98694737e-04
  3.52809156e-04 -4.47262357e-04  2.18081663e-03 -2.67989335e-04
  6.29697125e-04 -3.57737346e-04  6.58947820e-04  1.02360766e-03
  1.40589514e-03  2.08606278e-03  2.00810266e-04  4.10438960e-04
  5.56002259e-04  2.79300282e-05 -3.28093728e-05 -1.29200041e-03
  1.48058692e-03 -2.90539248e-04  1.51792452e-03 -3.81914704e-04
 -1.30044030e-03  1.21389614e-03 -5.83235303e-04 -2.98433271e-04
 -9.70049011e-04  8.39195286e-04  4.98590308e-04 -1.38439820e-03
  4.90831851e-04  4.09087116e-04  7.32213168e-04  6.47028209e-04
  4.93537588e-04  8.98518592e-04 -9.52361371e-04  8.49797077e-04
 -3.14629712e-04 -8.76000047e-04 -9.60949785e-05 -3.71023443e-04
  9.57627684e-04 -8.00962654e-04  2.05695779e-04  5.75661187e-04
 -7.99498261e-04  9.63999867e-04  6.81625840e-04  1.09358950e-03
 -4.24259198e-05 -4.37334308e-04 -5.67386760e-04 -1.33620103e-04
  1.61569151e-03 -8.71909928e-05  9.58067445e-04  1.50586968e-03
 -7.01971819e-04  3.64074557e-04 -3.36808344e-04  1.15869605e-03
  5.96020061e-04 -3.18103844e-04  1.66391791e-03 -6.98976749e-04
  5.40013273e-04 -6.03367318e-04  2.96786889e-04  6.93601830e-04
  3.05036187e-04  1.70386092e-04 -7.11847727e-05 -1.06230692e-03
  9.85937117e-04 -5.74630373e-04  1.10484012e-03 -4.02535867e-04
  1.16126694e-04  6.87444515e-04  4.55260859e-04 -3.52808679e-04
 -7.37712451e-04 -1.12811213e-04  1.36431180e-03  1.78063120e-03
  1.27336362e-04  9.70712246e-04  1.99530649e-04  9.78869241e-04
 -5.90417998e-04  1.22428962e-04  5.69164202e-04 -9.35779407e-05
  2.11071640e-03 -1.91289050e-03 -1.11888919e-03 -5.52810480e-04
  1.40410072e-03  1.04400027e-03  8.15194546e-04  8.73405504e-04
  1.55764196e-03 -1.76114296e-03  5.79876911e-04  7.25602809e-04
  3.38654791e-04  6.32933314e-04  4.82830315e-04  8.61540284e-04
 -5.92074638e-04  5.52485275e-04 -1.27120577e-03 -9.41839886e-04
  1.46642940e-03  1.38551348e-05 -7.33800358e-04  9.29339137e-04
 -3.19192510e-04 -3.71997920e-04  2.66799986e-03  1.25582920e-04
  2.42350165e-03 -1.07630868e-03 -9.70864495e-04  5.55297156e-04
  6.52338808e-04  4.98391171e-04 -8.31272357e-04  2.77708967e-04
 -4.64808877e-04 -2.61605247e-04  1.46429755e-04 -4.23525062e-05
 -1.08287800e-03  8.41948557e-05  5.75266994e-04  4.87257635e-05
  1.09681280e-03  2.47352728e-04  7.99324197e-04  9.58846555e-04
 -4.53622772e-04  1.79140753e-03  6.76489035e-04 -7.43834810e-04
 -1.93052938e-04  5.77140395e-04  2.61796423e-04 -2.43997693e-04
 -1.15310135e-03  2.66397827e-04  3.57903090e-04  7.52818072e-04
 -1.52870996e-04  3.81622070e-04  1.65769015e-03 -9.14523669e-04
 -4.55333730e-04  2.11030336e-04 -3.15437512e-04 -4.34719052e-04
  1.33571257e-04  1.19603518e-05  1.95003387e-03 -1.83258691e-04
  3.23993260e-04 -4.41285838e-04 -4.04243701e-04 -6.89633222e-04
  6.55827556e-04 -3.83194565e-04 -6.14966072e-04  2.08425161e-03
  6.65210406e-04  1.50256223e-03  1.34988128e-03  1.58524200e-03
  1.71978108e-04  1.27432766e-03 -2.13982912e-04 -5.28899038e-04
  4.74825245e-04 -7.60810541e-04  4.95193094e-04  1.12810736e-04
  7.91931796e-04  6.95497166e-04 -3.11569500e-05  3.78521629e-04
  1.99467535e-04  9.28692203e-04  1.00617474e-03  1.23971305e-03
 -5.48095835e-04 -1.24110715e-04  8.52646980e-04 -4.33371960e-04
 -4.85976643e-04 -1.48139087e-04 -3.58896267e-05  1.02079878e-03
  1.13927254e-03 -7.11441359e-05 -7.65064502e-04 -2.79041146e-05
  6.53433184e-04 -5.73624339e-04 -4.16812879e-04 -8.43637503e-04
  1.27193260e-04 -1.