[0.00000000e+00 6.64768223e-01 0.00000000e+00 5.20980692e-04
 3.58427138e-01 6.54110836e-01 0.00000000e+00 2.37772546e-01
 1.00000000e+00 2.61509719e-01 0.00000000e+00 0.00000000e+00
 0.00000000e+00 5.73348679e-01 2.25076014e-01 0.00000000e+00
 0.00000000e+00 0.00000000e+00 1.00000000e+00 0.00000000e+00
 0.00000000e+00 1.00000000e+00 0.00000000e+00 0.00000000e+00
 0.00000000e+00 0.00000000e+00 1.00000000e+00 0.00000000e+00
 0.00000000e+00 0.00000000e+00 0.00000000e+00 0.00000000e+00
 9.65445135e-01 7.93501563e-01 0.00000000e+00 0.00000000e+00
 2.61052744e-01 4.98557011e-01 0.00000000e+00 0.00000000e+00
 1.00000000e+00 1.00000000e+00 6.99392742e-01 2.45124940e-01
 0.00000000e+00 0.00000000e+00 0.00000000e+00 7.01154008e-01
 3.24551147e-03 7.36315220e-01 1.00000000e+00 0.00000000e+00
 1.00000000e+00 3.39956323e-01 0.00000000e+00 5.99307209e-01
 1.00000000e+00 0.00000000e+00 0.00000000e+00 0.00000000e+00
 0.00000000e+00 1.00000000e+00 1.00000000e+00 5.81240299e-01
 8.92550294e-01 5.52821317e-01 0.00000000e+00 0.00000000e+00
 1.00000000e+00 6.02087551e-02 0.00000000e+00 4.25135142e-01
 3.03340785e-01 0.00000000e+00 0.00000000e+00 0.00000000e+00
 1.00000000e+00 0.00000000e+00 0.00000000e+00 1.00000000e+00
 0.00000000e+00 0.00000000e+00 0.00000000e+00 8.12698047e-01
 2.34052468e-02 4.64514264e-01 0.00000000e+00 3.41934849e-01
 5.04264942e-01 0.00000000e+00 1.70874106e-01 0.00000000e+00
 0.00000000e+00 0.00000000e+00 1.35233604e-01 4.93245056e-01
 0.00000000e+00 0.00000000e+00 0.00000000e+00 1.00000000e+00
 0.00000000e+00 0.00000000e+00 0.00000000e+00 0.00000000e+00
 1.00000000e+00 1.00000000e+00 5.70453056e-01 2.85516325e-01
 5.71222720e-01 0.00000000e+00 9.79895007e-01 0.00000000e+00
 0.00000000e+00 0.00000000e+00 0.00000000e+00 8.16791694e-01
 1.00000000e+00 0.00000000e+00 0.00000000e+00 1.00000000e+00
 1.65705665e-01 0.00000000e+00 0.00000000e+00 0.00000000e+00
 1.90582270e-02 1.38194778e-01 6.08338856e-01 0.00000000e+00
 4.40116846e-01 0.00000000e+00 0.00000000e+00 0.00000000e+00
 0.00000000e+00 0.00000000e+00 1.00000000e+00 0.00000000e+00
 1.00000000e+00 5.62096460e-01 6.30582541e-01 1.99339283e-01
 0.00000000e+00 6.03918117e-01 1.00000000e+00 0.00000000e+00
 1.00000000e+00 6.26846624e-01 0.00000000e+00 1.00000000e+00
 9.89068540e-01 7.02500564e-01 0.00000000e+00 0.00000000e+00
 0.00000000e+00 1.00000000e+00 0.00000000e+00 0.00000000e+00
 4.05202539e-03 8.63304503e-01 0.00000000e+00 0.00000000e+00
 0.00000000e+00 6.07241875e-01 0.00000000e+00 5.75144326e-01
 5.06389480e-01 4.66606422e-01 0.00000000e+00 0.00000000e+00
 0.00000000e+00 1.95727349e-01 0.00000000e+00 0.00000000e+00
 1.00000000e+00 1.00000000e+00 0.00000000e+00 1.00000000e+00
 0.00000000e+00 0.00000000e+00 3.80446869e-01 4.27909158e-01
 7.12864876e-01 2.49387439e-01 1.84900335e-01 0.00000000e+00
 0.00000000e+00 3.77325850e-01 0.00000000e+00 0.00000000e+00
 1.00000000e+00 0.00000000e+00 7.73977378e-01 0.00000000e+00
 1.17558706e-01 0.00000000e+00 4.76859505e-01 0.00000000e+00
 2.21292297e-01 0.00000000e+00 6.27288261e-01 1.90658446e-02
 1.00000000e+00 5.24507106e-01 0.00000000e+00 1.00000000e+00
 4.99816531e-01 0.00000000e+00 0.00000000e+00 7.89568624e-01
 1.00000000e+00 0.00000000e+00 9.59012196e-01 1.76204513e-01
 0.00000000e+00 5.89956216e-01 5.23744134e-01 9.86329170e-02
 4.38424905e-01 1.00000000e+00 0.00000000e+00 1.00000000e+00
 0.00000000e+00 1.00000000e+00 7.18798943e-01 8.14590327e-01
 0.00000000e+00 7.79443009e-02 0.00000000e+00 1.00000000e+00
 1.00000000e+00 0.00000000e+00 0.00000000e+00 0.00000000e+00
 0.00000000e+00 0.00000000e+00 0.00000000e+00 0.00000000e+00
 3.41041112e-01 5.91121405e-01 0.00000000e+00 1.00000000e+00
 0.00000000e+00 3.98157501e-01 0.00000000e+00 0.00000000e+00
 0.00000000e+00 3.88709105e-01 7.61222517e-02 0.00000000e+00
 0.00000000e+00 0.00000000e+00 0.00000000e+00 2.35667638e-01
 3.79994735e-01 8.32665574e-01 0.00000000e+00 1.00000000e+00
 0.00000000e+00 5.28708667e-02 3.52284536e-01 0.00000000e+00
 2.30561231e-01 0.00000000e+00 0.00000000e+00 8.44468205e-01
 0.00000000e+00 6.20896044e-01 0.00000000e+00 0.00000000e+00
 0.00000000e+00 5.13249762e-01 1.00000000e+00 0.00000000e+00
 0.00000000e+00 3.62079049e-01 0.00000000e+00 0.00000000e+00
 0.00000000e+00 0.00000000e+00 9.33190579e-01 1.00000000e+00
 0.00000000e+00 8.47196457e-01 1.00000000e+00 1.00000000e+00
 1.00000000e+00 0.00000000e+00 0.00000000e+00 0.00000000e+00
 0.00000000e+00 6.31571759e-01 0.00000000e+00 0.00000000e+00
 7.62029563e-01 2.51716550e-01 0.00000000e+00 2.06545170e-01
 4.36295427e-01 1.00000000e+00 0.00000000e+00 2.46556051e-01
 0.00000000e+00 0.00000000e+00 0.00000000e+00 4.11935111e-01
 0.00000000e+00 0.00000000e+00 0.00000000e+00 6.24799662e-01
 0.00000000e+00 2.18711002e-01 0.00000000e+00 0.00000000e+00
 1.39341544e-01 0.00000000e+00 7.13539818e-01 0.00000000e+00
 8.05649925e-01 1.00000000e+00 7.02749289e-01 2.05193302e-01
 1.76992794e-01 0.00000000e+00 7.47003811e-01 0.00000000e+00
 0.00000000e+00 0.00000000e+00 0.00000000e+00 0.00000000e+00
 8.35252851e-01 0.00000000e+00 0.00000000e+00 0.00000000e+00
 9.23668189e-01 0.00000000e+00 0.00000000e+00 8.36994196e-01
 0.00000000e+00 3.93188971e-01 5.53316761e-01 1.00000000e+00
 0.00000000e+00 0.00000000e+00 9.52789560e-01 7.56192402e-01
 1.00000000e+00 9.39180922e-01 3.18163554e-01 1.00000000e+00
 0.00000000e+00 0.00000000e+00 0.00000000e+00 2.55183093e-01
 4.60587430e-01 9.26223704e-01 7.73300057e-01 0.00000000e+00
 0.00000000e+00 1.00000000e+00 1.00000000e+00 1.00000000e+00
 0.00000000e+00 5.71953094e-01 9.93987665e-01 8.16095426e-01
 0.00000000e+00 1.45673780e-01 0.00000000e+00 5.97182990e-01
 0.00000000e+00 8.67662137e-01 0.00000000e+00 0.00000000e+00
 0.00000000e+00 0.00000000e+00 0.00000000e+00 1.00000000e+00
 0.00000000e+00 2.67501577e-01 0.00000000e+00 3.55564408e-01
 0.00000000e+00 0.00000000e+00 1.00000000e+00 0.00000000e+00
 0.00000000e+00 3.57333040e-01 1.00000000e+00 1.00000000e+00
 0.00000000e+00 0.00000000e+00 2.53375755e-01 0.00000000e+00
 2.64852609e-01 2.3833