[-6.43046730e-04 -6.21126798e-03  1.00609514e+00 -1.65429254e-04
 -3.88853475e-05 -3.24247904e-03  6.54946643e-04  2.95065204e-03
 -4.85513774e-03  3.07600530e-03 -5.03058182e-03  1.01174441e+00
  5.54942529e-03  3.81192733e-03  5.54862302e-03 -1.46166580e-03
  1.86470617e-03  1.00690398e+00  2.96286047e-04  1.56196612e-03
 -6.22661038e-04 -1.46719283e-02  1.94635991e-03  1.00887097e+00
  4.60304897e-03 -8.17982595e-05 -2.70515141e-03  1.01194803e+00
 -1.00898437e-02  9.66087409e-04  1.69041047e-03  1.00638153e+00
 -5.95348499e-03 -5.58581342e-03 -6.95272293e-03  2.83195049e-03
  3.36362067e-03  4.45533068e-03  1.01550657e+00 -5.02023673e-03
 -5.05126611e-03 -9.74930069e-03  1.01097699e+00  1.00567866e+00
 -2.03969888e-03  1.01313396e+00 -8.30338139e-04  1.01198170e+00
  1.00971333e+00  1.01716353e+00  5.20168294e-03  1.00925499e+00
  2.60418324e-03  5.26247423e-03  1.00820890e+00 -9.12391793e-03
  1.12950159e-03  1.35368289e-03  1.00648584e+00  1.83360348e-03
  3.56477551e-03 -1.79685317e-03 -3.19241448e-03 -4.18848921e-03
  1.08091100e-03  4.67959727e-03  1.00956029e+00 -2.88488740e-04
 -2.61287734e-04 -8.34471499e-03 -3.43533058e-03  1.00951253e+00
  1.00824254e+00  1.64515975e-03  4.77747934e-03  1.01061398e+00
  1.00740373e+00  1.01167231e+00 -8.60694158e-03  1.01290246e+00
  1.57139400e-03  1.00610769e+00  2.33102201e-03  4.15946445e-03
 -8.52920428e-03  4.44713889e-03  1.38462271e-03 -5.91564214e-03
 -6.93100619e-04  1.01025895e+00  1.02137574e+00 -7.56479796e-05
 -3.33786048e-03  8.30705201e-04  1.38872289e-04  1.01591889e+00
  3.73928238e-03  1.00624673e+00 -1.14030893e-02  4.70640630e-04
  1.00600449e+00  7.61648689e-05  5.14207832e-03  1.01493676e+00
 -9.34387046e-03 -2.07561365e-03  1.00772500e+00  1.00589442e+00
 -3.73226391e-03 -1.18253269e-03  1.01665578e+00 -1.51166808e-02
  1.00666932e+00 -3.57945439e-03  3.59561882e-03  1.00611971e+00
 -1.33301414e-02 -6.23144588e-03  4.10656747e-05 -5.19649594e-03
 -1.29109353e-02  1.00699145e+00  1.07564311e-03  1.21046585e-03
 -7.35025803e-03  1.00659229e+00  1.00797256e+00  2.39257832e-03
  1.00772997e+00  2.30736361e-03  1.00823131e+00  1.01025142e+00
 -3.55788913e-03  3.69249222e-03  8.82512423e-04 -2.50356935e-03
  3.26581953e-03 -5.33096866e-03  5.17096342e-03 -6.31502752e-03
  1.00621260e+00  3.12291879e-03 -4.03785752e-03 -3.35964267e-03
  3.21957754e-03  1.00582710e+00 -5.16488401e-03  1.01843203e+00
 -4.16707486e-03 -7.34674789e-03 -1.01738325e-03  1.01298379e+00
  3.63080500e-04  1.00833147e+00  3.81133760e-03  5.38700692e-03
  2.96387006e-04  4.92879224e-03 -1.63672214e-03  4.59626095e-03
  1.01029427e+00 -1.12590705e-02  1.00665330e+00  2.03716953e-03
 -9.35768718e-03 -1.09651830e-02 -4.61156088e-03  1.01118290e+00
  1.00606418e+00  2.15310418e-03  1.50446093e-05 -4.44044135e-03
 -7.84580359e-03 -5.56080116e-03  4.50917865e-04 -6.00210659e-04
 -6.11113360e-03 -1.17759379e-02  1.01820678e+00  5.17128560e-03
  1.01500744e+00  1.01067545e+00  1.41362689e-03  1.02014083e+00
  2.67742722e-03 -1.20446407e-03  1.01037789e+00  1.00824969e+00
  1.01028469e+00  2.47887504e-03  1.01661163e+00  1.00716542e+00
  3.28193561e-03  1.62695408e-03 -7.49318740e-05 -2.67279464e-03
 -4.37799407e-03 -1.54699704e-03 -2.25338603e-03 -5.86567938e-03
 -9.14785211e-03 -7.52487942e-03 -3.91284174e-03 -1.87154639e-03
  1.01137326e+00  1.01320336e+00  1.00778150e+00  1.60965268e-03
 -6.38645343e-04 -1.96820038e-03  3.08294899e-03  3.16194041e-03
  6.65979381e-05  1.00613724e+00 -5.79444926e-03  1.01741299e+00
 -1.20377259e-02 -3.16315770e-03  2.29512665e-03  2.11814875e-03
  1.00971919e+00  1.00741307e+00  1.20320292e-03  3.95489693e-03
  5.65764313e-03  1.00832485e+00 -3.14176849e-03  3.55225853e-04
  4.42055058e-03 -5.67090766e-03 -6.77832154e-04  1.00593185e+00
  4.20716261e-03  1.26184484e-03  1.00845164e+00  1.01130906e+00
  1.01815135e+00 -4.32643991e-03  3.92879088e-03  1.01177420e+00
  1.01352945e+00  7.78466343e-04  5.33907357e-03 -5.67642976e-03
  1.00663824e+00  1.30109149e-03  5.67470954e-03  1.01317198e+00
  1.01308844e+00  3.49051951e-03  1.00586473e+00 -5.41114883e-05
 -5.33120184e-03  1.00893123e+00 -5.55226695e-03  5.27562164e-03
  1.00888362e+00  4.31136465e-04  1.00825908e+00 -1.39487543e-03
  1.00815140e+00  1.01024949e+00 -8.39439134e-03  1.00672776e+00
  4.03588778e-03 -3.08667931e-03  2.37650284e-03  4.77652030e-03
  1.00747222e+00  1.79605954e-03 -7.92362803e-03  1.90035675e-03
 -2.85086958e-03  4.68688419e-03  1.06770126e-03 -1.01525197e-03
  4.16164018e-03  1.05208066e-03 -6.20713094e-03  8.65383037e-04
 -1.03666332e-02  4.06495766e-03  1.00661032e+00  3.93840648e-03
 -4.04424051e-03  5.31788720e-03 -9.80867501e-03 -3.22044762e-03
 -5.71451658e-03 -1.72543769e-03  3.62409731e-04  3.35538845e-03
 -3.81899920e-03  1.00863478e+00  1.00568847e+00  1.01162289e+00
 -5.26827172e-03  1.00595649e+00  1.00726422e+00 -1.89609133e-03
  1.01240050e+00  2.84449011e-03  5.55509920e-03  3.02090057e-03
  4.98091781e-03  1.00570188e+00  1.00852031e+00  3.79627016e-03
  1.01115854e+00  1.01814696e+00  4.66832149e-03 -1.54949374e-04
  1.00656558e+00 -8.26726514e-03  4.70611553e-03 -6.38465609e-03
  1.42368162e-03 -1.68046433e-03  2.55575779e-03  5.55335623e-03
 -2.21659250e-03 -8.02509630e-04 -4.34426882e-03 -1.11687589e-03
  3.81543649e-03 -2.17253611e-04  1.00874183e+00  1.00580870e+00
  3.76756961e-03  1.01496951e+00  1.01457994e+00 -4.87187740e-03
  1.29058262e-03  7.55207459e-04 -1.16070226e-03 -3.04352014e-03
 -9.31380276e-03  2.09738024e-03 -3.59790375e-03  1.01470829e+00
  3.35984206e-03  2.75469568e-03  2.10806091e-03  2.73229497e-03
 -6.46048119e-03 -1.76008023e-03 -1.17047048e-02 -3.22039349e-03
 -1.90512006e-03  1.00647243e+00  4.63521729e-03 -8.30167449e-04
 -2.43474816e-03  3.79765986e-03  1.01483917e+00  1.01566052e+00
  1.63689465e-03 -3.98980505e-03  4.92429942e-03  3.70416287e-03
  1.07018934e-03 -4.51475275e-04  3.72504569e-03  1.00585371e+00
 -8.86585013e-03 -3.18720601e-04  1.00631975e+00  1.01392473e+00
  1.30473534e-03 -3.