[ 9.29435371e-01 -6.19133229e-03 -6.07762053e-04  1.43231756e-02
 -6.69534554e-03 -9.19245305e-03  1.58029769e-02  1.56313174e-02
  1.59642665e-01  3.41276307e-03  3.41784986e-01  9.45991803e-01
 -1.04943477e-03  1.56990333e-02 -1.43189382e-02  5.50318414e-01
  2.15752304e-02  2.85550602e-02  1.07906908e-02  1.02705944e+00
 -2.14073983e-03  1.09448429e-02  4.02374247e-03  9.45789087e-01
 -9.81134075e-03  6.90321071e-03  8.41377253e-01  1.02337865e+00
  1.30513933e-02  1.52006509e-01  2.07222828e-02  1.68870202e-02
  4.67869397e-01  5.93704897e-01  1.02912208e+00  1.65150547e-02
  9.98121059e-01  1.23140420e-02  1.95035042e-02  1.00616971e+00
  1.59244641e-03  7.27355743e-04  1.01338398e+00  2.64401626e-01
  9.93060751e-01  1.40760543e-01  1.02146447e+00  1.82631131e-01
 -1.71188248e-03  1.18018942e-02  3.23710859e-01  8.60729825e-01
  7.41899972e-01  1.89659345e-02  8.67299065e-03  1.78054388e-02
  1.00429985e+00  6.10326552e-03  1.00130907e+00  5.96478552e-01
  4.89285460e-01  8.85832330e-01  9.01929830e-01  1.33258520e-02
  1.09237942e-02  9.44902918e-02 -2.65836837e-03  1.00676684e+00
  9.02841285e-01  6.29420924e-03  8.80899537e-01  1.87299738e-03
  1.24277630e-02  9.56901480e-04  1.85707556e-02  1.15579091e-02
  8.59338527e-03  2.62285129e-01  1.29671301e-02 -5.32105939e-03
  8.63689314e-03  1.83986416e-01  1.38884656e-02  1.39419974e-01
  4.40972686e-01  1.32223159e-02  2.05822299e-03  9.28504405e-01
  1.00866341e+00  1.20676893e-02 -1.14105820e-02  1.38867671e-02
  1.02169901e+00 -1.46406252e-03  1.08104802e-02  3.46281613e-01
  6.39487232e-03 -4.31450475e-03  5.66089128e-01  6.53715290e-01
  3.58013095e-03 -2.53307658e-03  2.60909545e-03  1.20982771e-02
  2.66553177e-03  1.76519320e-03  2.37534763e-01  2.01982574e-02
  3.19063970e-01 -4.06118353e-03  1.59599794e-02  1.00921333e+00
  5.81981948e-03  6.07307551e-03  5.92531595e-01  1.00994124e+00
  4.10124962e-03  9.99962860e-01  1.36465490e-02  7.43598287e-03
  6.13080133e-01  1.06447590e-02  3.76512777e-01 -4.08308690e-04
  7.36040388e-02  1.01598301e+00  9.77675899e-01  6.68987289e-01
  1.00306002e+00 -1.38513180e-03  5.17929116e-01 -3.26935466e-04
  4.20714400e-03 -6.67830903e-04  4.48140366e-01  1.10857732e-02
  8.62565373e-03  4.70262668e-01  1.41736142e-02  8.70360881e-03
  1.36290163e-02  6.14149670e-01  6.68740271e-03  1.44945098e-02
  9.97786804e-01  2.56818957e-03  9.36010714e-03 -2.14801279e-03
  1.25135767e-02  1.02155537e+00  1.01344442e+00  6.48896623e-03
  3.95451824e-04  1.00047175e+00 -1.13468463e-03  8.58889628e-03
  9.78695567e-01  2.01961590e-02  1.47865955e-02  4.10295533e-03
  2.53912322e-03  1.19183938e-02  2.08791892e-01  8.04441919e-03
  2.64831612e-02  4.73292394e-01 -2.72120714e-03 -6.06252674e-03
  9.42816030e-01  1.01513979e+00  1.97341780e-05  1.01326447e+00
  9.91862930e-01  1.46892693e-02  1.22190370e-02  3.91799404e-02
  2.97833461e-02  1.00185370e+00 -1.78115509e-02  1.26339758e-02
  1.28870127e-02  1.01479666e+00 -2.33162229e-03  1.74006989e-02
  1.09835565e-03  1.01695451e+00 -1.39594379e-02  3.79182713e-02
  8.38390682e-03  1.37800610e-02  7.07847580e-03 -5.41184053e-03
  9.31717226e-01  2.38048252e-01  7.75457260e-01  2.58354779e-01
 -4.40638730e-03  4.95892759e-01  1.01068276e-02  5.54632184e-03
  3.15963429e-02  1.00788458e+00  9.56972369e-03  1.01360846e+00
  9.92938120e-01  1.00530961e+00 -7.30696362e-03  9.00530399e-03
  2.37520197e-02  9.95213007e-01  7.16307788e-01  4.16468376e-01
  1.02568105e+00  1.00459951e-02  6.79128448e-01 -7.15239148e-04
  5.22101793e-01  5.95392555e-03  6.59033514e-01  7.59135196e-03
  1.01072218e+00  9.93371006e-01  1.99923348e-02  1.00483095e+00
  8.22892430e-04  4.04127843e-03  1.19557851e-02  5.53002280e-01
  3.25240267e-02  8.28943941e-02  4.60401789e-03  6.18878154e-03
  6.16685480e-01  9.95628739e-01  7.64005456e-01 -1.43190841e-02
  1.00798348e+00  5.88259195e-03  2.90210842e-02  6.96901739e-03
  2.42981280e-01 -3.03458805e-03  1.34522927e-02  6.13875753e-03
  3.27435069e-03  2.13499701e-01  1.08340857e-01 -6.18646478e-04
  5.96603913e-03  1.70875820e-02 -5.31732263e-03  6.18918122e-03
  1.68823638e-02  2.47738615e-02 -5.58701222e-03  9.97783211e-01
  4.69927356e-01  5.90130164e-03  5.95169936e-01  4.87791316e-01
  7.17149610e-01  7.28982884e-01  3.68648680e-02  4.13386927e-02
  1.85638549e-01  8.83455153e-01  1.13465315e-02  5.83634149e-03
  1.48575013e-02  1.01234927e+00  3.59963345e-01  9.07365393e-05
  1.08463501e-02 -2.20205689e-02  9.53717296e-01  1.59002669e-02
  4.69082393e-03  1.01252640e+00  1.36020364e-02  8.22386364e-03
  3.20674816e-03  3.20237588e-03 -6.92485073e-03  2.70093593e-02
  5.44511853e-01  6.83651307e-03  1.52371362e-01  1.74089838e-02
  7.15176199e-01  2.34721244e-02  9.16695076e-03  2.44918089e-01
  1.53642005e-02  6.30021571e-01  1.01407877e+00  6.63119844e-01
  2.10514573e-01  4.81249283e-03 -1.63203155e-02  1.27075944e-02
  3.90588044e-02  2.20866977e-02  9.95679587e-03  1.84615520e-02
  5.25763429e-02  5.33951238e-03  4.83802130e-02  1.00940387e+00
 -5.90148392e-03  1.74553711e-02  2.08838701e-02  6.72380020e-03
  9.99799460e-01  9.22361930e-01  1.64973448e-02  7.70776052e-02
  3.99513719e-01  5.38807486e-03  1.00184913e+00 -1.05187820e-02
  1.24789446e-02  5.11511472e-01  1.86427127e-01  6.65334949e-04
  7.03765004e-04  1.01676839e+00  3.05204471e-03  2.74098453e-03
  2.18496238e-02  5.66748231e-03  7.68663239e-03  9.23407905e-01
  1.83447320e-02  2.16222408e-02  8.14638430e-03  1.20652827e-02
  8.77113580e-02  3.69106801e-03  8.22551330e-01  2.33625688e-01
  2.31313460e-02  2.35922301e-02  9.21929988e-01  1.86704882e-02
  2.58314035e-03  2.29531698e-01  7.58584711e-01  2.68798846e-02
  2.67721198e-03  1.02260319e-02  9.48905306e-03  1.13688119e-02
  1.01107422e+00  4.21930417e-03  7.19120639e-01 -3.35305166e-02
 -7.25293247e-03  1.00143108e+00  1.44945973e-01  2.74263779e-03
  6.94598459e-01  1.13880988e-02 -1.36919453e-02  9.90405243e-01
  1.14524161e-02  1.13158190e-02  8.90506749e-01  1.55409883e-02
  1.18083549e-02  2.