[0.         1.         1.         0.9808743  1.         0.99709302
 1.         1.         1.         0.03342618 0.96875    1.
 0.87605631 1.         0.         1.         0.         0.
 1.         1.         0.99472296 0.98652291 1.         1.
 1.         1.         0.0952381  1.         1.         1.
 1.         1.         1.         1.         0.99171269 1.
 1.         1.         0.96533334 1.         0.00277008 0.96712327
 1.         1.         1.         0.62432432 1.         0.13513513
 1.         1.         1.         0.         1.         1.
 1.         0.97953963 1.         0.91105121 1.         0.86968082
 1.         1.         1.         0.76943004 0.         1.
 1.         1.         1.         0.         0.7842105  0.
 0.97894734 1.         0.71388888 0.99713469 1.         1.
 1.         0.97297299 1.         0.26775956 0.28532609 1.
 0.98694515 1.         1.         1.         1.         1.
 0.         1.         1.         0.66849315 1.         1.
 0.91135734 1.         0.07880435 0.         0.65789473 0.93314761
 1.         0.         1.         1.         1.         1.
 1.         1.         0.73668641 0.95100862 0.         1.
 1.         0.9186992  1.         0.13624679 1.         1.
 1.         1.         1.         0.97900259 0.95058137 0.99433428
 1.         0.98050141 0.99453551 0.         1.         0.99184781
 0.59193957 0.6939891  0.64364642 1.         1.         1.
 1.         1.         0.93948126 0.03055556 0.90250695 0.
 1.         0.86350977 0.19889502 0.96675903 0.01897019 0.08549223
 1.         1.         0.07799443 1.         0.98907101 0.01583114
 0.         1.         1.         1.         1.         1.
 0.83013701 1.         1.         0.09399478 1.         1.
 1.         1.         0.5308311  0.97237569 0.91712707 1.
 0.         1.         0.89880955 0.17857143 0.97058821 0.00817439
 1.         0.99462366 1.         0.77034885 1.         0.99723756
 1.         1.         0.37931034 0.31182796 1.         1.
 1.         1.         1.         0.21590909 0.84122562 1.
 1.         0.98888886 1.         1.         0.99722224 0.52095807
 1.         1.         1.         1.         0.99717516 1.
 1.         0.         1.         1.         1.         1.
 0.97694522 1.         1.         0.70422536 1.         0.9656992
 1.         0.         1.         0.95744681 0.         0.90322578
 0.99728262 0.93055558 0.99738222 1.         1.         0.85175204
 0.97237569 1.         1.         1.         1.         1.
 1.         1.         1.         1.         0.99739581 0.07611549
 0.99708456 1.         1.         0.46153846 0.99728262 1.
 0.99444443 1.         0.         1.         0.98542273 1.
 0.9870801  1.         1.         1.         1.         0.99485862
 1.         1.         1.         1.         0.63588393 1.
 0.96010637 0.98666668 0.98567337 1.         1.         0.88828337
 0.45505619 1.         0.89356434 0.         0.13672923 0.53562003
 1.         1.         1.         1.         0.99731904 0.93593317
 0.92183286 1.         1.         0.99154931 0.         1.
 1.         1.         0.7479893  1.         1.         1.
 1.         1.         1.         1.         1.         0.90615833
 1.         1.         1.         0.         1.         0.07803468
 0.         0.96143252 0.         1.         0.9923858  1.
 0.71688312 1.         1.         1.         0.67546177 1.
 0.97759104 0.31466666 1.         1.         0.98927611 1.
 1.         0.         1.         0.00273973 0.61878455 1.
 0.9942857  1.         0.93604654 1.         1.         1.
 1.         1.         1.         0.93352604 0.98055553 1.
 1.         1.         1.         1.         0.9893617  0.99731904
 1.         0.98365122 1.         1.         1.         1.
 0.00828729 1.         0.         1.         1.         0.88397789
 1.         1.         1.         0.         0.61049724 1.
 1.         1.         1.         1.         1.         1.
 0.76288658 0.08247422 1.         0.03703704 1.         1.
 1.         0.7100271  0.         0.87664044 1.         0.98630136
 0.         1.         1.         0.09749304 1.         1.
 0.99739581 1.         0.87373739 1.         0.98324025 1.
 1.         0.97802198 0.67616582 1.         1.         1.
 1.         1.         1.         1.         1.         1.
 0.08579089 1.         1.         1.         0.98857141 1.
 1.         0.95077717 0.86743516 1.         1.         1.
 1.         1.         0.         1.         0.97979796 1.
 1.         1.         0.01639344 1.         0.99444443 0.99729729
 1.         0.02362205 0.         1.         1.         0.
 1.         1.         1.         0.         0.80645162 1.
 1.         0.94382024 1.         0.0080429  1.         1.
 0.98425198 1.         1.         0.         1.         1.
 1.         1.         1.         1.         1.         0.
 1.         1.         1.         0.         1.         0.06068601
 0.99472296 1.         1.         1.         0.39005235 0.02806122
 1.         0.92045456 0.05849582 0.76021796 1.         1.
 1.         1.         1.         0.84848487 1.         0.99718308
 0.22349571 0.         1.         1.         1.         1.
 0.92265195 1.         1.         0.         1.         0.10242587
 0.98123324 1.         1.         1.         0.99736148 0.
 1.         1.         0.21808511 1.         1.         1.
 0.98540145 1.         0.99463809 1.         0.15819208 1.
 1.         1.         1.         0.91025639 1.         1.
 1.         1.         1.         1.         0.4265928  1.
 0.         1.         1.         1.         0.         1.
 1.         0.         0.         0.00842697 0.         1.
 0.93732971 0.97750002 1.         1.         1.         0.83914208
 0.98697919 1.         1.         1.         0.98913044 1.
 1.         0.99724519 1.         1.         1.         0.
 1.         0.00566572 0.99150139 1.         1.         1.
 1.         1.         1.         0.96657383 1.         1.
 1.         0.         0.97674417 0.         1.         1.
 1.         1.         1.     