[ 8.24563903e-01 -6.21126798e-03  5.51878445e-01 -1.65429254e-04
  9.99961115e-01 -3.24247904e-03  6.54946643e-04  1.00295065e+00
 -4.85513774e-03  3.07600530e-03 -5.03058182e-03  1.01174441e+00
  3.52083762e-01  3.81192733e-03  5.54862302e-03  5.44336624e-01
  1.00186471e+00  3.12528446e-01  2.96286047e-04  1.56196612e-03
 -6.22661038e-04 -1.46719283e-02  1.97273027e-01  1.00887097e+00
  6.18518272e-01  1.83178271e-01 -2.70515141e-03  1.19480313e-02
 -1.00898437e-02  2.60703092e-01  1.69041047e-03  6.38153180e-03
 -5.95348499e-03  2.14048760e-01 -6.95272293e-03  1.00283195e+00
  2.82809266e-01  1.00445533e+00  1.55065660e-02 -5.02023673e-03
 -5.05126611e-03  9.90250699e-01  1.09769924e-02  5.67865987e-03
 -2.03969888e-03  1.31339563e-02  9.99169662e-01  1.19817028e-02
  9.71333120e-03  7.37528463e-02  5.20168294e-03  9.25499335e-03
  1.00260418e+00  1.00526247e+00  1.00820890e+00 -9.12391793e-03
  1.00112950e+00  1.00135368e+00  3.24963505e-01  1.83360348e-03
  3.56477551e-03 -1.79685317e-03 -3.19241448e-03 -4.18848921e-03
  1.08091100e-03  4.45533982e-01  7.47995548e-01  9.99711511e-01
 -2.61287734e-04 -8.34471499e-03 -3.43533058e-03  4.27879561e-01
  6.67357600e-01  1.64515975e-03  4.77747934e-03  1.52023498e-01
  8.36121008e-01  1.16723104e-02  2.44693404e-01  1.01290246e+00
  6.46039581e-01  6.10768905e-03  2.33102201e-03  1.00415946e+00
 -8.52920428e-03  4.44713889e-03  1.00138462e+00 -5.91564214e-03
  9.99306899e-01  1.02589465e-02  2.13757382e-02 -7.56479796e-05
 -3.33786048e-03  8.30705201e-04  1.38872289e-04  1.59188869e-02
  3.73928238e-03  6.24673056e-03 -1.14030893e-02  4.70640630e-04
  6.00448516e-03  8.58597089e-02  5.14207832e-03  1.49367623e-02
 -9.34387046e-03  9.97924386e-01  7.72500405e-03  5.89442392e-03
 -3.73226391e-03 -1.18253269e-03  5.40375222e-01 -1.51166808e-02
  2.33410561e-01  9.96420546e-01  1.00359562e+00  1.00611971e+00
 -1.33301414e-02 -6.23144588e-03  2.00261590e-01 -5.19649594e-03
 -1.29109353e-02  6.99145123e-03  1.07564311e-03  8.64198201e-01
 -7.35025803e-03  4.42378299e-01  7.97256107e-03  2.39257832e-03
  7.72997130e-03  2.30736361e-03  1.00823131e+00  1.01025142e+00
 -3.55788913e-03  3.69249222e-03  1.00088251e+00  7.60368951e-01
  3.26581953e-03 -5.33096866e-03  5.17096342e-03 -6.31502752e-03
  6.21259581e-03  7.81598088e-01  9.95962142e-01 -3.35964267e-03
  3.21957754e-03  5.82709887e-03 -5.16488401e-03  1.84320281e-02
 -4.16707486e-03 -7.34674789e-03  5.23600705e-01  1.63230162e-02
  1.00036308e+00  5.53083746e-01  3.81133760e-03  1.00538701e+00
  2.96387006e-04  4.92879224e-03 -1.63672214e-03  7.71690118e-01
  7.54956564e-01  9.88740929e-01  6.16097993e-01  2.03716953e-03
 -9.35768718e-03 -1.09651830e-02 -4.61156088e-03  8.03411426e-01
  6.06418319e-03  2.15310418e-03  1.50446093e-05 -4.44044135e-03
 -7.84580359e-03 -5.56080116e-03  4.50917865e-04 -6.00210659e-04
 -6.11113360e-03 -1.17759379e-02  1.01820678e+00  5.17128560e-03
  4.84754424e-01  1.06754495e-02  1.41362689e-03  9.10574674e-01
  9.12145290e-02 -1.20446407e-03  6.44067327e-01  8.24969110e-03
  5.66853935e-01  9.19580261e-01  1.01661163e+00  7.53000330e-02
  1.00328194e+00  1.62695408e-03 -7.49318740e-05  9.97327205e-01
 -4.37799407e-03 -1.54699704e-03 -2.25338603e-03 -5.86567938e-03
 -9.14785211e-03 -7.52487942e-03  2.99934976e-01 -1.87154639e-03
  4.05456746e-02  1.01320336e+00  7.78150161e-03  6.08336658e-01
 -6.38645343e-04 -1.96820038e-03  3.08294899e-03  3.16194041e-03
  1.00006660e+00  6.13723784e-03 -5.79444926e-03  1.74129931e-02
 -1.20377259e-02 -3.16315770e-03  1.00229513e+00  2.11814875e-03
  9.71918765e-03  1.00741307e+00  1.20320292e-03  3.95489693e-03
  5.65764313e-03  8.32485392e-03 -3.14176849e-03  3.55225853e-04
  4.42055058e-03  2.80610922e-01 -6.77832154e-04  5.93185031e-03
  4.20716261e-03  1.26184484e-03  1.00845164e+00  1.13090649e-02
  6.68112431e-01 -4.32643991e-03  6.84890384e-01  1.17742030e-02
  1.01352945e+00  7.78466343e-04  1.00533907e+00  7.23542759e-01
  6.63824475e-03  1.00130109e+00  1.00567471e+00  1.01317198e+00
  1.30884357e-02  2.59303965e-01  5.86472989e-03 -5.41114883e-05
 -5.33120184e-03  8.93122894e-03  9.94447733e-01  5.27562164e-03
  8.88362354e-03  4.31136465e-04  1.00825908e+00 -1.39487543e-03
  8.15139506e-03  1.02494883e-02 -8.39439134e-03  6.72776476e-03
  5.63988356e-01  6.00729989e-01  6.03045177e-01  1.00477652e+00
  7.47221846e-03  1.87107919e-01 -7.92362803e-03  1.90035675e-03
 -2.85086958e-03  4.68688419e-03  1.06770126e-03 -1.01525197e-03
  1.00416164e+00  1.05208066e-03 -6.20713094e-03  8.65383037e-04
  9.89633367e-01  5.38253276e-01  6.61032452e-03  3.93840648e-03
 -4.04424051e-03  5.31788720e-03 -9.80867501e-03  2.77707407e-01
  9.94285483e-01 -1.72543769e-03  8.74952401e-02  3.35538845e-03
  9.96181001e-01  3.84379018e-01  1.00568847e+00  4.76343912e-01
  1.11222491e-01  5.95649420e-03  7.26422406e-03 -1.89609133e-03
  9.30906488e-01  2.84449011e-03  1.00555510e+00  1.00302090e+00
  4.98091781e-03  5.70188466e-03  8.52031158e-03  1.00379627e+00
  7.26366802e-02  3.74003606e-01  4.66832149e-03 -1.54949374e-04
  6.56557907e-03 -8.26726514e-03  4.70611553e-03 -6.38465609e-03
  1.42368162e-03 -1.68046433e-03  1.00255576e+00  5.55335623e-03
  9.36773583e-01 -8.02509630e-04 -4.34426882e-03  9.98883124e-01
  1.00381544e+00  3.15209278e-01  8.74182903e-03  1.90898767e-01
  7.65818723e-01  2.78571165e-01  1.45799381e-02 -4.87187740e-03
  1.74247727e-01  7.55207459e-04 -1.16070226e-03 -3.04352014e-03
  9.90686197e-01  2.09738024e-03 -3.59790375e-03  1.47082922e-02
  3.35984206e-03  1.00275470e+00  9.72323905e-01  1.00273229e+00
 -6.46048119e-03 -1.76008023e-03 -1.17047048e-02 -3.22039349e-03
  9.98094880e-01  6.47243420e-03  4.63521729e-03 -8.30167449e-04
 -2.43474816e-03  3.79765986e-03  1.48391656e-02  9.53410294e-01
  2.46801971e-01 -3.98980505e-03  4.92429942e-03  3.98722712e-01
  1.07018934e-03 -4.51475275e-04  3.72504569e-03  5.85370507e-03
  8.14809413e-01 -3.18720601e-04  1.00631975e+00  1.01392473e+00
  1.30473534e-03 -3.