[-3.81029921e-04  7.17566777e-04  1.51271221e-03  5.74891778e-05
  1.40168295e-03 -4.86758068e-04 -7.49729508e-04  1.14180608e-03
  3.51473579e-04  2.39327079e-03 -5.51150594e-04  1.30843042e-03
  7.15561074e-04  1.44307517e-03  1.79621370e-03  3.53427639e-03
  3.36624371e-03 -2.30054778e-03 -3.87503750e-03  3.09974771e-04
  8.59898205e-04  1.12723472e-03  3.61456255e-03  7.12732760e-04
 -5.61488997e-04  2.07852048e-03  5.94197755e-04  1.75918188e-03
  2.58981854e-04 -2.03955409e-04 -2.03999972e-03  2.47501381e-03
 -6.10251063e-05  6.36636915e-05 -1.74884759e-04 -2.58980424e-04
 -1.59454465e-04  1.17555897e-03  9.50516182e-04  9.27741286e-04
  1.75475989e-03 -4.45793634e-04 -1.92771470e-03  2.95096304e-03
  1.74760068e-03 -9.99305944e-05 -2.07731805e-04 -5.86985502e-04
 -2.64149915e-03 -4.22671179e-04  5.14080882e-04  1.62993010e-04
  2.61968569e-04  1.00402269e-03 -9.89763475e-05 -4.23194360e-04
 -1.09096156e-03  2.56586552e-04  1.08298234e-03  1.74852784e-03
 -2.99546685e-04  1.04712973e-03  3.28000546e-04  9.40335199e-04
  2.74525260e-04 -6.67635731e-04  4.27516212e-04  1.73075693e-03
  2.10105866e-03  8.42238643e-04 -1.50365435e-03  5.46786056e-04
 -8.38627235e-04  8.97109764e-04  4.47483136e-04  4.95488511e-04
  1.02399850e-03  1.28913633e-05 -7.50960133e-04 -6.52068888e-04
  2.44953459e-03  2.10476904e-03 -2.40000010e-04 -1.53570269e-03
 -3.43999386e-04 -6.31502030e-04 -1.86362431e-03 -1.74760044e-03
  3.43474074e-04  9.53108950e-04 -2.64966912e-04  1.20110063e-03
  3.31567459e-04  1.53113845e-03  1.09374749e-03  1.99410007e-03
 -9.50633564e-07  2.11489024e-04  6.44487783e-04  3.64244483e-03
  3.01970614e-04  5.65088238e-04 -1.85847924e-04 -2.18549819e-03
  7.46351128e-04 -1.51499937e-03  6.49719502e-04  2.67665166e-03
 -1.63908897e-03  4.59654067e-04 -3.05326708e-04 -2.14229456e-04
 -1.31784380e-03 -1.10830821e-03  2.29968602e-04  3.57113133e-04
  7.40718290e-04 -7.97458421e-04 -7.05574976e-05  8.21744364e-04
 -6.93725404e-05  3.81789501e-04  3.33028817e-04 -2.37599969e-03
  1.56912655e-03  1.30022388e-03  1.36953154e-03 -8.71228914e-04
 -1.85193411e-04  7.67515073e-04 -3.37685446e-04  1.13897841e-03
  2.11195038e-03  8.50582866e-04  7.39791300e-04 -1.22438555e-04
  9.79934840e-04  2.82974290e-03 -1.06275631e-03  2.59368790e-03
 -2.59544806e-04 -5.92291074e-04  1.08265305e-03  1.19955987e-03
  1.79705342e-03  8.24343290e-05  2.25490786e-04  1.21900379e-03
  7.02515283e-04  6.80504257e-04 -1.09937730e-04  2.88588148e-04
  1.85749609e-03  1.16867889e-03  4.05742003e-04  1.89689689e-03
  6.73387889e-04 -1.86452662e-04  9.45116190e-05  1.01879456e-03
  8.71619678e-04  1.17000317e-03  8.30621773e-04 -1.31300350e-03
  7.83192925e-04  8.05743580e-04 -1.62980362e-04 -1.50454236e-04
  1.48752903e-06  1.19712147e-04 -1.96000028e-03 -8.93532746e-04
  1.53201565e-03 -2.09564891e-03  1.72523321e-04 -8.56113812e-04
 -2.90381787e-03 -2.49316221e-05  5.79167425e-04 -1.28299745e-03
 -4.87999439e-04 -2.28037428e-03  4.17544188e-04 -2.08734712e-03
  7.01617857e-04  3.95550812e-04 -1.58104917e-03 -5.37699151e-04
 -4.88608436e-04  1.85390946e-03  7.62294562e-04  1.83458941e-04
  5.89069498e-04 -1.76073934e-03  2.48466142e-03  7.84012846e-04
  9.46107739e-04  6.83979921e-04  1.29446207e-04  3.32475084e-04
  1.16544362e-03  1.62050915e-03 -6.67795908e-04  2.11314624e-03
 -2.81029185e-05 -1.56724716e-03 -1.18763873e-03  8.90895503e-04
  2.17803874e-03  1.84430451e-03  1.80470615e-04  1.25958754e-04
 -6.72497353e-04  1.03266299e-03  2.03749894e-03  1.44429769e-03
 -1.15380908e-03 -5.06984537e-04 -2.10877054e-03  1.30511594e-03
  8.53749987e-04  2.97488955e-04 -7.46157632e-04  1.59137930e-03
 -8.94349032e-04  2.34977965e-04  3.69815630e-03 -5.94047697e-04
  1.13709248e-03 -1.14419844e-03 -9.39906834e-04  2.98068170e-04
 -1.39437429e-04  6.38514182e-04  9.38524473e-04  1.00791085e-03
 -1.36102851e-03 -9.34340542e-05  8.69037169e-04  2.68117790e-04
  1.78280987e-03  3.89186806e-03 -1.93451913e-03 -1.29749725e-03
  1.86400846e-03  1.17947343e-04 -1.25057787e-03  1.06259223e-03
 -1.25403359e-03 -2.58034451e-04  4.14694376e-04  1.72969226e-04
  8.13654860e-04 -4.72292534e-04 -1.39851602e-03  2.00902674e-03
  7.80295812e-04 -1.73618999e-04 -5.57032617e-04 -1.88752491e-03
  1.06072836e-03  1.06646991e-03  8.78008171e-04 -8.67567450e-04
 -4.76026564e-04 -1.39361896e-03 -1.48835374e-03 -1.47110086e-03
  1.38470593e-03  1.12438257e-03  2.43407778e-04 -7.38978432e-05
  1.85452008e-03 -5.39289587e-06  1.54950125e-03 -8.11567109e-04
  1.70033925e-03  6.81954863e-04 -2.43543482e-04  8.19040207e-05
  6.79084433e-04  2.59011764e-03 -8.23210086e-04  1.88076880e-03
  8.47117039e-04  1.19876767e-03  1.12817976e-03  4.86484414e-04
  1.23361264e-03  9.83539378e-04  2.35160344e-03  5.54524835e-04
 -9.36653910e-04  2.42527665e-03 -3.53205744e-04  8.37221194e-04
 -2.56964671e-04  2.11332845e-04  4.13666535e-04  5.15571507e-04
  3.39461912e-03  4.84983083e-04  1.39628925e-03  2.96511482e-04
  6.91813026e-04  2.54999229e-04  4.48604474e-04  1.77801479e-03
  4.92479976e-04  3.01602785e-05  1.50904918e-03 -1.68315885e-03
 -8.62053360e-04 -1.11132472e-03 -1.20960533e-03  1.65429357e-04
  4.00562888e-04  9.94113293e-04 -1.28819319e-03 -6.05034198e-04
 -1.19286090e-03  6.51025420e-06  1.17157734e-03  1.04299289e-03
  7.07257454e-06  2.21608973e-03  2.12077281e-03  2.70513395e-04
  1.52214601e-03  9.98719993e-05  7.90597804e-04  5.38783089e-04
  7.86308323e-04  2.25578256e-03  1.11851636e-03 -1.03449177e-03
  1.51245217e-03  2.06955052e-03 -7.03990175e-05  2.06078358e-03
  7.79487508e-04  2.03322119e-03  1.54437942e-03  4.47898631e-04
 -8.27902795e-04 -2.41962289e-03  1.63792228e-03  7.14988525e-04
  7.16087791e-04  2.62242696e-03  4.93031225e-04  8.11563771e-04
  2.19852299e-03 -1.84714440e-04  9.91275626e-04 -4.15133712e-04
  1.58515648e-03  7.14267278e-04  2.50062854e-04  2.23460995e-04
  8.70854506e-05  1.22149520e-03 -1.12575578e-03  8.12492384e-04
 -7.02951291e-04 -7.48813805e-05 -1.42327783e-03  6.18213187e-04
  9.26678489e-04  2.