[ 2.39872608e-02  6.69979889e-01  2.18606205e-02  3.97190681e-04
  3.48829616e-01  6.48810835e-01  6.26584735e-03  2.52907849e-01
  9.82192492e-01  2.60361888e-01  9.21506439e-03  4.14340763e-03
  2.00963372e-02  5.65353566e-01  1.94174156e-01 -3.36069641e-03
  1.47194952e-02  6.94884585e-03  1.01053695e+00  1.05788399e-02
  3.16841709e-02  1.01728674e+00  3.58872934e-02  3.39091170e-02
  3.96901466e-03  2.30487258e-03  1.00114391e+00  1.80051311e-02
  3.15521130e-02  8.36543117e-03 -4.75767028e-03  2.61341958e-02
  9.47698414e-01  8.10084796e-01  2.29652603e-02  3.33954187e-03
  2.82864396e-01  5.05007149e-01  1.62384706e-02 -1.04098301e-03
  1.00476218e+00  9.86732339e-01  7.19190951e-01  2.50634170e-01
  4.19532066e-03  2.07999292e-02  1.88498307e-02  7.00348011e-01
  7.34380659e-03  7.34716331e-01  1.00185865e+00  1.48079295e-02
  1.00427653e+00  3.67016019e-01  2.84012028e-03  6.10078007e-01
  1.01723165e+00  1.05829176e-02  4.75026082e-03  6.19366648e-03
  2.46988376e-02  9.93385306e-01  9.79422668e-01  5.90768272e-01
  9.01131449e-01  5.77493536e-01  3.83749815e-02 -4.58342821e-03
  1.01430930e+00  8.87739839e-02  1.59477340e-02  4.11172048e-01
  3.14574074e-01  6.30602381e-03 -7.91134427e-03  2.60406942e-03
  9.94848376e-01  2.12814944e-02  1.21369202e-02  1.02456075e+00
  5.08833204e-03 -1.39157913e-03  3.03869948e-02  8.17744713e-01
  4.32228835e-02  4.59111908e-01 -1.89817754e-03  3.42653432e-01
  5.16720185e-01  1.59391239e-02  1.29537927e-01  5.16123711e-03
  1.16400768e-02  1.53318461e-02  1.46325564e-01  4.81020590e-01
  1.11406186e-02 -6.15646788e-03  1.14046204e-02  1.00902499e+00
  5.49165571e-03  1.20723467e-02  6.28117696e-03 -1.07491181e-02
  1.00839119e+00  9.93476183e-01  5.81712812e-01  3.08636205e-01
  5.59562950e-01 -1.23507904e-02  9.72502961e-01  5.51388899e-03
  2.61053435e-02  1.59956906e-02  5.91495973e-03  8.39148768e-01
  1.00711663e+00  1.01292060e-02  1.61296449e-02  1.00110860e+00
  1.83919267e-01  5.68893429e-03  8.58778079e-03 -9.00990099e-04
  2.37211502e-02  1.45143025e-01  6.01367989e-01  3.54179127e-03
  4.38452487e-01  4.47967725e-03  5.04069235e-03  1.04034098e-02
  2.16664222e-02  6.52258375e-03  9.93420257e-01  1.45542963e-02
  1.01607520e+00  5.77944754e-01  6.16527783e-01  1.95776617e-01
  2.78966323e-02  6.17894060e-01  9.80286662e-01 -1.27226916e-03
  9.78888133e-01  6.20471811e-01 -4.54348014e-03  1.03654233e+00
  1.01291712e+00  7.37617606e-01  9.87742585e-03 -1.44423165e-02
 -1.26415425e-02  1.00715327e+00 -1.69512016e-02 -1.58982420e-02
 -5.91684628e-03  8.85103170e-01  7.54746829e-03  1.12164204e-02
  1.13237544e-02  6.29831309e-01  1.63757949e-02  5.85178606e-01
  5.25409890e-01  4.66667528e-01  8.45185795e-04  1.78397820e-02
 -3.71270492e-03  2.17550274e-01  1.15442440e-02  2.52007918e-02
  1.00469443e+00  1.00011521e+00 -7.08985192e-03  1.02675556e+00
  1.20050148e-02  2.30895830e-02  3.86102952e-01  4.48930449e-01
  7.41992487e-01  2.48059505e-01  2.05538374e-01  3.63278803e-02
 -9.62599192e-03  3.86925650e-01 -8.03903943e-03  1.84399022e-02
  9.94001166e-01  2.09461349e-02  7.81341076e-01 -3.00827673e-04
  1.29111696e-01  2.53734147e-02  4.87096066e-01  1.24337427e-02
  2.30494631e-01  1.52529534e-02  6.34144637e-01  4.51016335e-03
  1.00176605e+00  5.43991686e-01 -1.00767091e-02  1.01583434e+00
  4.94677772e-01 -9.20919114e-03 -8.16489012e-03  8.00914610e-01
  1.03701947e+00 -1.97348780e-03  9.58041186e-01  1.81221871e-01
  2.37388469e-02  5.97940668e-01  5.49845202e-01  1.17412859e-01
  4.56545397e-01  1.00733471e+00 -2.63937017e-03  1.01570197e+00
  3.35185983e-02  1.00449265e+00  7.14315358e-01  8.13329491e-01
  5.20327634e-03  7.66447387e-02  2.80377080e-02  9.78797638e-01
  9.94982680e-01  2.13964465e-02  1.97223368e-03 -3.74576648e-03
  2.69012104e-02  7.53815301e-03  7.12011526e-03  3.25374486e-02
  3.42062953e-01  6.08989503e-01  2.98328071e-02  9.87517657e-01
  2.30823124e-02  4.03444630e-01  1.34511047e-02  4.85786875e-02
  1.67600989e-03  3.87305347e-01  9.48514862e-02 -1.15327110e-02
  9.69782013e-03  2.33192547e-02 -1.48238466e-03  2.41009525e-01
  4.04032079e-01  8.52636885e-01 -1.31218523e-02  9.83908008e-01
  1.17186850e-03  4.79043993e-02  3.69472846e-01  2.23363125e-02
  2.25659270e-01  1.19081328e-02  1.66673410e-02  8.51448413e-01
  2.28248401e-02  6.17081336e-01  1.58106103e-02  3.59092989e-03
  1.15057025e-02  5.28638811e-01  9.88724985e-01  1.02160739e-02
  5.36223955e-03  3.43799510e-01  1.48052898e-02  1.30470685e-04
  2.65542039e-02  2.92851142e-02  9.53155939e-01  9.96622015e-01
  1.95870228e-02  8.59668020e-01  9.84350241e-01  1.01642846e+00
  1.00448708e+00  2.47112505e-02  5.70921697e-03  2.46284039e-02
  2.58680484e-02  6.42020003e-01 -6.96188659e-04  1.90135247e-02
  7.57598007e-01  2.57154015e-01  1.05467396e-02  2.00814413e-01
  4.65680301e-01  1.00020258e+00  8.08884836e-04  2.55509690e-01
  1.19920231e-02  1.43433926e-03  9.12456597e-03  4.12736352e-01
  4.71321332e-03  1.02573995e-02 -7.54743045e-03  6.23385123e-01
 -5.23989904e-03  1.94931260e-01  3.37109130e-02  2.01391198e-02
  1.42600711e-01  4.25277038e-03  7.27913514e-01  1.16817362e-02
  8.07740610e-01  1.01012168e+00  6.85945403e-01  1.93147880e-01
  1.90848678e-01  1.12452857e-03  7.34893641e-01  1.82265095e-02
  2.62279077e-02 -6.93433732e-03  8.40367516e-03  1.74794594e-02
  8.54862506e-01  6.51016898e-03  1.09877478e-02 -5.96276272e-03
  9.23798687e-01  1.51535744e-02  2.45164365e-02  8.31962040e-01
  1.17472803e-02  3.87959883e-01  5.42729932e-01  9.81897588e-01
  1.24794598e-02  1.74320351e-02  9.74186503e-01  7.78302804e-01
  1.00197958e+00  9.46724576e-01  3.40029310e-01  1.01572242e+00
  1.31831641e-02  2.32710744e-02  2.12688550e-02  2.55581355e-01
  4.61762412e-01  9.28184349e-01  7.51356436e-01 -6.54264596e-03
 -7.56901389e-03  1.00115121e+00  1.00944505e+00  9.94797182e-01
  2.81036174e-03  5.71845024e-01  9.96949433e-01  8.28394599e-01
  4.31839379e-03  1.38777825e-01  1.90594459e-02  6.14574231e-01
  3.22452192e-02  8.