[ 1.00197819e+00 -4.13904533e-03  1.00151969e+00  2.14185240e-03
  1.25735045e-03  1.86951954e-03 -6.89306788e-04  1.00617007e+00
 -3.21035186e-03  1.00061337e+00  1.00011179e+00  6.15508193e-04
  1.00068632e+00  3.91938187e-03 -4.06720056e-03 -8.55761835e-04
  3.65277552e-03  4.35982775e-04 -1.71774175e-03  8.71968557e-01
  1.96160495e-03  1.00379813e+00  1.00231021e+00  9.99160889e-01
  1.00158446e+00  1.00312450e+00 -3.15688868e-03  3.38657004e-03
  3.93340923e-03 -7.01333333e-04  1.00027878e+00  1.00254956e+00
 -1.52116859e-03  4.10321353e-04  1.00545644e+00  3.78897970e-03
  4.80516217e-01 -3.01175396e-03  1.00491651e+00  7.23902198e-01
 -2.05082875e-03  1.79892086e-01  1.05702531e-03  1.00521044e+00
 -4.04485820e-04  1.00555419e+00  1.00466533e+00  1.39642209e-03
  1.00441272e+00 -1.29198694e-04  1.81451715e-03  9.76011042e-01
  9.99452596e-01  1.00689795e+00 -6.03808027e-04  1.00344759e+00
  8.29752113e-04 -5.06446004e-05 -1.40833429e-03 -1.41995264e-03
  1.00367261e+00 -2.88037380e-03 -8.81402013e-04 -1.86933567e-03
 -1.37754446e-03  1.00223976e+00 -1.68240248e-03  1.00367352e+00
  1.00311469e+00  1.00623524e+00  1.00356450e+00 -4.09519415e-03
  1.00362130e+00 -1.21818670e-03  1.00176051e+00  3.89550221e-04
 -6.34523909e-04 -4.72570705e-03 -2.05607024e-03  5.60109176e-03
 -6.84935971e-04  3.69549171e-01  4.90435285e-03  4.07357276e-03
 -5.24098622e-03 -1.28829040e-03 -7.88806383e-05  1.14920796e-04
  1.00452293e+00  1.33457959e-03 -3.13634302e-03 -1.61105706e-04
  1.00547435e+00  1.00029823e+00  7.71433034e-04 -4.87025102e-03
 -1.23449701e-03 -1.24135966e-03  1.00541419e+00  1.47026534e-04
 -3.22331083e-03 -7.77335990e-04 -8.41885047e-04  9.97315686e-01
 -2.21638114e-04 -2.91556995e-03 -2.03826496e-03  4.57715844e-03
 -2.45307999e-04 -1.77987239e-03  1.00131182e+00  1.00483146e+00
  3.62887192e-04  5.39695125e-01  1.00544591e+00  1.00234028e+00
 -1.00975269e-03 -1.77580027e-03 -6.52954928e-04 -7.79484836e-04
  3.89669349e-03  1.00365781e+00  3.42089875e-03 -2.22917323e-04
  4.54995662e-01  9.99828639e-01 -4.54992389e-03 -2.35687282e-03
  9.99439036e-01 -1.34912459e-03 -4.00986454e-04  1.00074501e+00
  1.00458219e+00  1.00122672e+00 -2.01363165e-03  2.97172704e-04
  3.71607175e-03  1.67931958e-03 -9.42887036e-04 -3.79692107e-03
  1.77043667e-03 -4.17252174e-04 -2.55224433e-03  1.00029158e+00
 -3.94429034e-03  8.37833844e-04 -1.84365554e-04  3.61655193e-03
  1.00430631e+00  1.00766521e+00  9.99610203e-01  2.92708406e-04
  9.36933379e-04  9.99323049e-01  1.00199767e+00 -1.17922872e-03
 -2.32842198e-03  2.41771434e-03 -1.21113300e-03  1.00014583e+00
 -2.17445845e-03  9.98276782e-01  1.35997819e-03  1.00323776e+00
  5.50997531e-03  1.00127380e+00 -1.28211231e-03  1.00066019e+00
  9.99840717e-01  1.00481992e+00 -3.30578919e-04  4.68713092e-03
 -4.00756348e-03  1.00002752e+00  2.84813498e-01  3.79200000e-03
  6.90109890e-04 -2.06585950e-04 -2.45826324e-03  1.00653049e+00
  4.99524905e-03  9.99695592e-01 -1.65214635e-03  1.00017059e+00
 -2.31740013e-03  1.00096013e+00 -4.52946285e-03 -1.12020885e-03
  6.29762918e-04  1.11224372e-04  1.00227550e+00 -2.16642617e-03
  9.59645604e-04 -3.12924151e-04  1.38647048e-03 -2.44606863e-03
 -1.30232963e-03  1.00311414e+00  1.00078147e+00  1.00049044e+00
 -2.22606162e-04 -1.03481235e-03 -2.14382224e-03  1.00761650e+00
 -4.00568980e-03 -3.84515470e-04 -4.89761076e-03  1.61522443e-03
  4.32748703e-03 -1.57769659e-03 -2.33428725e-03  1.00215475e+00
  1.00618756e+00  1.00098685e+00  1.83319164e-03 -2.40110433e-03
  9.77003320e-02  6.82187617e-06  9.42025750e-04  5.92849763e-04
  3.86168316e-03  1.01278351e-03  1.00228214e+00  1.23280862e-03
 -1.18746731e-03 -7.64076377e-04  9.99347110e-01 -1.09341789e-03
 -8.29552398e-04  1.65254067e-03 -5.81353054e-04 -3.43494109e-04
  1.00689704e+00  9.15486161e-02 -1.00825550e-03  1.00005839e+00
  9.99357758e-01 -1.71544609e-03  1.00535169e+00 -3.69994023e-04
  1.00081543e+00  1.00264657e+00  3.30552110e-03  1.00482755e+00
 -1.55215857e-03 -7.97340023e-05 -2.83624657e-03  1.00007023e+00
  1.00158123e+00  9.99650636e-01  3.14913960e-04 -2.12359101e-03
  1.00437299e+00  3.64168002e-03 -2.15092677e-03  5.32124283e-01
  1.00210372e+00 -2.08209383e-03  1.00518963e+00  4.58866882e-04
  9.98415460e-01  4.35421984e-03  2.29862205e-03  3.18785698e-03
  1.41178952e-04  1.00508098e+00 -2.03347514e-04  5.43296045e-03
  1.00429912e+00  1.00177225e+00 -8.08330993e-04 -1.39577834e-03
  1.00472647e+00 -5.27484748e-03  1.00438228e+00 -1.60270989e-03
 -1.00638389e-03  1.11453976e-03  1.81560682e-03 -8.50124546e-04
  1.58867330e-03 -1.65606187e-03 -2.04131467e-03  4.64652993e-03
  5.05373655e-03 -7.47044204e-04 -1.43419815e-03  2.32450317e-03
  1.00606365e+00  3.08963921e-03 -2.25150182e-04 -1.24654335e-03
 -1.17531281e-03  1.00156785e+00 -3.74666667e-04 -9.03470348e-04
  1.00121566e+00  2.15400270e-03 -6.77776408e-04  6.29349907e-01
 -4.82027243e-04 -1.68941576e-03  5.81229526e-04  1.00167311e+00
  9.99354078e-01  1.00028500e+00 -5.16545580e-03  5.65506001e-04
 -2.61808661e-03  6.72141363e-04  5.50854650e-03 -8.96888889e-04
 -1.24645480e-03 -8.18901838e-04  2.03928542e-03  1.00255315e+00
  1.43865208e-03  1.00118193e+00  1.00038576e+00 -1.17572526e-03
  4.43310339e-03  5.43863301e-01 -2.78936755e-03 -1.14852391e-03
  1.00117714e+00  9.59141809e-04  1.31927586e-03  9.99677061e-01
  1.00354558e+00  1.00071066e+00 -4.63990134e-04 -6.71826703e-04
  1.00269180e+00  1.00045297e+00  3.98489189e-03  1.00125217e+00
  1.00203400e+00 -8.80740866e-04 -9.70946161e-04  1.20389911e-01
 -6.11045842e-04  1.00438067e+00 -2.33042395e-03  1.00355585e+00
  3.64833923e-03 -3.24367571e-03  9.80003667e-01  1.00074602e+00
 -6.48022305e-04  2.75703407e-03  1.00100951e+00  1.00087773e+00
  4.37666582e-05  3.07390655e-03  8.74592733e-01  1.00217887e+00
 -2.19759481e-03  4.05186004e-01  8.66638885e-04 -2.01389724e-03
 -1.79948963e-03  2.48946326e-04 -4.31176395e-03  9.98349781e-01
 -4.35372331e-04 -1.78628405e-03  1.00116256e+00  1.00651399e+00
  4.24155054e-03 -1.