[ 2.54752074e-03 -1.37601653e-03  1.01064142e+00  4.47116902e-03
  1.00997958e+00 -2.66306336e-03  7.77758443e-04  1.00613835e+00
  3.71502807e-03  4.64111010e-03  9.99583496e-01  8.34621622e-03
 -9.14476847e-04  3.99539337e-03 -7.21832677e-04  1.00159581e+00
 -3.67328007e-03  2.27969671e-03  7.09616212e-03 -1.38517137e-03
 -5.46789366e-04 -1.18456609e-02  1.00774395e+00  1.00760632e+00
  1.00848019e+00 -2.34037623e-03  1.00332204e+00  6.76691285e-03
 -8.12538641e-03 -5.50991238e-05  4.44009641e-04  4.61965726e-03
  1.75102130e-03 -3.81247346e-03 -7.68298560e-03  5.33863817e-03
  1.01244555e+00 -3.06510129e-03  1.01396844e+00 -9.08757785e-03
  5.17059031e-04 -8.61167368e-03  1.00931371e+00  3.75802782e-03
  1.00096498e+00  1.00895276e+00  1.00239037e+00  6.58194789e-03
  5.08148058e-03  1.00926829e+00  1.00957272e+00  1.00797045e+00
 -3.25596629e-03  4.97970268e-03  1.34489006e-01 -8.29998418e-03
  4.02845169e-03  2.22905339e-03  2.53560297e-03 -4.98396961e-04
  4.10707705e-03  1.00813382e+00  3.63556703e-03  3.17302285e-03
  1.00038374e+00  5.61253666e-03  7.87938949e-04 -2.28477767e-03
  1.29348364e-03 -6.90081748e-03  1.60392496e-03  4.14795704e-03
  1.00859677e+00  3.69757111e-03  7.40874140e-03  1.00726542e+00
  1.00546779e+00  1.00960761e+00 -3.26021711e-03  5.93922423e-03
  3.69141226e-03  1.00511542e+00 -5.12824537e-04 -4.26371006e-03
 -3.35513642e-04 -1.95284211e-03  1.00926777e+00 -3.63274634e-03
  1.00376642e+00  1.01022146e+00  1.01248120e+00 -2.23003342e-03
 -2.52210716e-03 -5.94016941e-03  2.01963047e-03  1.01215554e+00
 -2.01637185e-03  3.35094576e-03 -4.75886674e-03  1.75822281e-03
  5.00234792e-03  1.00777166e+00  5.55128037e-03  1.01583720e+00
 -9.89801517e-04 -2.96426549e-05  7.23848727e-03  7.11336050e-03
 -4.94747697e-03  1.66122411e-03  7.61781657e-03 -1.55818416e-03
  9.11584545e-03 -4.21731086e-03  9.26161369e-02  5.74967621e-03
  4.34905762e-04  2.06516836e-03  8.54131630e-04 -1.47135875e-03
 -9.42648945e-03  3.04412846e-03  1.00512689e+00  3.16008224e-03
  2.02045232e-03 -6.64010848e-04  8.17576320e-03 -3.96385825e-03
  3.97372339e-03  2.62526945e-03  1.00833012e+00  7.01648021e-01
 -4.91729369e-03  1.00578093e+00  3.60816275e-01  4.87124334e-03
  1.00669409e+00 -1.06787717e-03  5.12404129e-03  3.47705671e-04
  9.08208394e-04 -4.35692857e-03 -4.62677856e-03  1.44850315e-03
 -2.16556726e-04  1.00761866e+00 -2.23915789e-03  1.01273347e+00
  6.16967155e-04 -3.06209730e-03  6.89191482e-01  3.68184424e-03
  7.31382377e-04  3.18290806e-03  6.80445735e-03  1.83670934e-03
  5.71165439e-03  2.87045182e-03  3.04442973e-03  2.67829563e-03
  1.01736068e+00 -2.46760077e-03  2.32325690e-03 -1.03880975e-03
 -4.10061566e-04 -5.98830017e-03 -8.84443017e-03  1.01588410e+00
  3.97467787e-03  1.00703368e+00 -4.41393892e-04 -1.16404362e-03
 -1.42977227e-02 -5.44268262e-03 -3.59973449e-03 -1.58005780e-03
 -3.08144565e-03 -1.66112333e-02  4.12545743e-03  5.05409906e-03
  9.53418321e-03  1.23370629e-04  1.00450867e+00  1.01393199e+00
  1.17538515e-03 -3.47964972e-03  1.01364528e+00  1.01163891e+00
  1.01239278e+00  7.10029830e-03  8.77925359e-03  1.01212044e+00
 -2.18449800e-03  2.76642330e-03 -8.67120586e-03 -2.37972648e-03
 -1.14135301e-02 -2.37948637e-03 -1.50849269e-03 -4.16769090e-03
 -8.43688627e-04 -3.14865017e-03 -3.06159932e-03 -3.87479291e-03
  6.20243740e-03  3.40276814e-03  9.05232638e-03  1.00321767e+00
  1.24575573e-03  6.33517835e-03 -4.87313195e-03 -4.76368567e-03
 -1.05343290e-02  1.75832625e-03  1.00584545e+00  1.06608590e-02
 -1.48205760e-02  2.89309398e-03 -1.51681396e-04 -6.42668546e-03
  1.00922916e+00  5.00619195e-01 -1.74571904e-03  1.52364121e-03
  7.80821080e-03  1.00791380e+00  1.00652011e+00 -1.15998792e-03
  2.34423351e-03 -4.26962810e-03  3.17961425e-03  1.00650453e+00
 -3.20495646e-03 -3.39638515e-03  6.38617285e-03  8.47308356e-03
  1.01506244e+00 -1.74822468e-03  2.57984037e-03  1.75090549e-03
  1.01618340e+00  4.97565440e-03  1.37319217e-03  2.11915606e-03
  1.00725442e+00  1.00383752e+00  1.00232570e+00  1.00624804e+00
  1.00749047e+00 -6.09235682e-04  1.00574964e+00 -6.04491424e-03
 -4.20547368e-03  1.01149132e+00 -4.39135655e-03  6.20546611e-03
  1.01015956e+00  1.00613694e+00  4.47048406e-03  1.00170908e+00
  1.00970777e+00  1.01233887e+00  3.39745948e-03  1.01250794e+00
 -1.14873184e-04 -4.43066717e-03  1.01289757e+00 -3.04872766e-04
  1.01556822e+00  1.00401013e+00  1.36122617e-03  3.47232988e-04
  2.39323250e-03  1.00921697e+00 -8.28898540e-03 -3.42124042e-03
 -5.71970376e-03 -1.11494124e-03 -1.61819153e-03  4.13675371e-03
 -5.24948424e-03  1.00356709e+00  1.00409009e+00 -2.35907863e-04
 -3.35986955e-03  7.53368563e-03  1.00157404e+00  2.74063225e-03
  4.92909964e-03 -2.38591622e-03 -8.36307816e-04  3.18197461e-03
  1.00380212e+00  1.01181969e+00  1.00932711e+00  2.60176780e-01
 -2.93681119e-03  3.19721357e-04  1.00924631e+00 -1.40259523e-04
  1.00758054e+00  9.53224454e-02  4.51293126e-03  8.31881553e-01
  4.01483367e-03  1.68056326e-03  1.00881577e+00 -3.00580333e-03
  7.76504571e-03  1.00900714e+00  3.35890708e-03  1.90525744e-03
  1.00451957e+00 -4.99134319e-03  4.71429623e-03 -7.98868422e-03
 -1.14237364e-03  4.01912949e-03  1.00134137e+00  2.02553619e-03
  1.00548614e+00 -2.37884367e-04 -3.56076429e-03  9.98516300e-01
  1.82258589e-01  2.97219201e-03  1.01076305e+00  1.00489178e+00
  1.00791168e+00  3.06413342e-03  1.00870863e+00 -8.93105248e-03
  1.00927676e+00  1.38785687e-03  1.54206810e-04  1.49712176e-03
 -4.21426566e-03  1.78345673e-03 -5.33991493e-04  1.01191108e+00
  4.29564247e-03  1.24975025e-01  1.00716447e+00  4.83258123e-03
 -3.89308688e-03  5.30046659e-03 -7.96080470e-03  1.00071530e+00
 -3.98127942e-03  4.58547542e-03  3.54057568e-03  3.14312171e-03
  1.00943392e+00  1.00304602e+00  4.91290208e-03  1.97273598e-03
 -3.82617184e-03 -2.77225501e-03  7.60645726e-03  5.34111337e-03
 -1.70219532e-03  1.01015662e-03  3.74065189e-03  4.75512573e-03
  2.36912795e-03  3.54421652e-03  1.00439054e+00  1.01333852e+00
  4.10178532e-03 -4.