[ 3.70049506e-01  1.96338688e-01  9.98838265e-01 -1.14122890e-02
  4.96639424e-03  2.86652126e-03  9.94317012e-01  1.00544904e+00
 -2.20973343e-03  1.00151201e+00  4.68297972e-03  9.97237900e-01
  1.00772417e+00 -1.60142073e-02  7.12334761e-03  1.00269998e+00
 -7.68024135e-03  1.00655509e+00 -1.69675604e-03  9.98703371e-01
  1.12937313e-02  1.00714714e+00 -6.21818350e-03  6.50108538e-03
 -3.46451215e-03  1.00837045e+00 -6.30523109e-03  9.13706950e-03
  1.00072262e+00  6.77237336e-03  7.83308287e-03  1.01354638e+00
  2.54542868e-03  1.00375464e+00 -5.36504526e-03  3.32215273e-03
  1.00481307e+00  9.99811817e-01 -2.97094345e-03 -1.57913562e-02
  8.24937839e-03  9.99889935e-01  7.99800361e-01  1.18146033e-02
  8.04000049e-03  5.43100550e-03  5.33232676e-03 -8.91978207e-03
  2.71973028e-01  5.02530615e-03  4.48680884e-01  9.99650079e-01
  4.13217547e-01  5.37036009e-01  4.04756926e-01 -3.64028194e-03
  1.00547751e+00  1.57858248e-01  3.46483778e-03 -7.85893883e-03
  1.00232211e+00  9.92370404e-01  2.14787094e-01 -9.56325665e-03
  6.93957953e-01  8.46407106e-01  1.01139587e+00  8.81916408e-01
 -9.58862348e-03  6.84085064e-03  6.26484002e-03  9.97541425e-01
  1.04941919e-02  8.58652387e-02  4.07737859e-03  5.73153496e-01
 -3.48757282e-03  7.13055256e-03  8.53896599e-05  6.26707072e-01
 -1.11096666e-02  5.00812261e-01  4.08977302e-03 -5.23376892e-03
 -9.66751376e-03  1.01552464e+00  9.97688798e-01  9.96738003e-01
 -1.86702664e-04  5.39803817e-03  9.95698097e-01 -1.73592526e-03
  1.00687708e+00 -1.49539157e-02  1.00892280e+00  9.98631638e-01
  5.81982111e-03 -1.05903080e-02  8.14039522e-03  6.58527832e-03
  4.00599174e-03  2.02947220e-02  1.00344230e+00  6.59174762e-04
  5.24107993e-03  2.03464718e-03 -5.37377336e-03  7.98386294e-04
  7.98004247e-03  1.22319215e-03  1.39216956e-02  1.11889301e-02
 -4.23444282e-03  5.63110611e-03  1.00502893e+00  5.31609919e-03
  4.90928667e-03  3.67778434e-03  7.66170596e-03 -1.22737683e-03
  1.00134970e+00  9.64580206e-01  2.85450566e-03  9.96826430e-01
  1.00198545e+00  5.98739342e-03  1.67143772e-03 -2.39458270e-03
 -1.48159578e-03  8.02131384e-03  8.28400735e-03  6.84996565e-01
  2.46064783e-01  1.00475668e+00  1.00446216e+00 -2.91452087e-03
 -7.12316155e-03 -2.88561140e-03  2.65138202e-03  1.00680798e+00
  1.01028554e+00  7.61475922e-03  3.27885912e-01  1.03232946e-02
  1.00962832e+00  1.00752697e+00  4.88462239e-03  9.99337342e-01
  1.00270935e+00 -1.75374488e-03  8.13951572e-03 -1.07164124e-02
  1.37977627e-02  1.02116397e-02  6.64674587e-03 -7.81154425e-03
 -6.88981657e-03  1.00573774e+00  3.64077202e-01  1.00892153e+00
  1.00508120e+00 -3.85866578e-03  1.03378402e-02  1.07832989e-02
 -2.71333641e-04  9.73853309e-03  8.17249928e-03  4.75848635e-03
  1.00632492e+00 -3.11280206e-03 -3.03222065e-03  9.49592715e-04
  1.00053867e+00 -6.71432934e-03  6.46094689e-01  9.63616370e-01
  1.00769826e+00  1.00655940e+00  2.61334707e-01  2.54741747e-03
  1.12888252e-02 -5.10924445e-03  4.33661635e-03  1.00609193e+00
  9.95515043e-01  1.00021628e+00  1.54318249e-03  7.58052777e-03
  1.00845970e+00  3.20710929e-04  9.94543696e-01  9.98267426e-01
  9.97087428e-01  9.93056296e-01  2.35318285e-01 -6.08132948e-04
 -6.72217100e-03  1.00370775e+00  2.87195790e-01 -9.25044075e-04
  2.16332353e-03  1.00148596e+00 -8.69943308e-03  9.63112453e-03
 -8.44488899e-03 -4.81110170e-03  1.16032094e-03  1.00313658e+00
  2.92777668e-03  2.64063225e-03  6.57692987e-03 -6.80175231e-03
  1.05629057e-02  1.20816361e-02  8.47940671e-01  7.03915713e-01
  1.00555640e+00 -4.03173790e-03  1.16063524e-02  4.91065516e-03
  2.91608526e-03  2.80358128e-01 -1.28502243e-03 -6.81154639e-03
  4.37411048e-03  8.61268285e-01 -3.69632105e-04  4.43909161e-03
  1.91593110e-03 -7.18338977e-04 -1.89557306e-03  4.02454202e-03
  3.24119782e-03  6.86842655e-03 -1.83848380e-03  1.03700062e-01
  1.08110613e-02  8.05919220e-04 -2.87620278e-03  4.16151920e-03
  2.47428048e-03 -2.90089347e-03  1.00338100e+00 -1.69656780e-03
  7.69189682e-03  9.96427015e-01  8.95758438e-03  4.16749357e-01
  1.00856714e+00  9.99958789e-01  2.65245886e-01  6.79273668e-03
  5.52518580e-03  9.53364453e-03 -7.55536306e-03  1.32009476e-02
 -6.46370385e-03 -5.87368884e-04  1.54187757e-01  1.24210360e-02
  4.22985642e-02  8.18177970e-03  1.00694111e+00  9.97481620e-01
  3.54284946e-03  6.76920962e-03 -1.24693184e-03  5.88800705e-03
  1.00350618e+00  4.33430655e-01  7.12940528e-01 -1.23095494e-02
  1.05009088e-02  1.99841756e-03 -7.14466931e-03  1.54307386e-03
  1.70776014e-03 -5.41622375e-03  4.70558869e-03  3.89164104e-03
  5.31066899e-01  1.34290149e-02 -2.07699282e-02  9.98531337e-01
  3.84861823e-03  1.00263389e+00  1.00923585e+00  8.03078664e-03
  1.27834638e-02 -9.48076472e-03 -3.06633263e-03  6.53170697e-01
  9.46808632e-03  2.62740259e-01  1.91997227e-03  1.00989382e+00
  1.00502145e+00 -4.08089109e-03  5.52290549e-03 -6.50277923e-03
  5.81099634e-03  3.38776632e-03  1.02871787e-02 -6.32164761e-03
  1.00830007e+00  6.45681797e-03 -3.67366221e-03  1.00879504e+00
  1.00488380e+00  1.01444062e+00  1.00350766e+00  6.31897691e-05
  9.29408063e-03 -6.46597938e-04  1.01081013e+00  3.39460028e-03
  1.44287722e-03  6.34141893e-03  1.37622501e-02  8.54759526e-03
  1.00898991e+00  1.00368862e+00  7.25450568e-01  1.00578168e+00
  7.85445755e-03  7.94873264e-03  9.96189439e-01 -5.07084909e-03
 -1.30461532e-04 -4.98125770e-04 -4.93678135e-03  1.01188948e+00
  1.70218276e-03 -3.71456954e-03  1.01507995e+00 -7.69451861e-03
 -2.87150609e-03 -3.34784343e-03  7.44835808e-03 -9.34175367e-03
  9.56551976e-03  6.78363363e-03  1.38923932e-02  9.06087846e-03
  6.84570336e-03  9.99659711e-01  7.82089620e-03  2.07309959e-03
  1.00909179e+00  1.50264995e-02 -8.39141433e-03  4.04474927e-03
  1.00316699e+00 -1.23110888e-02  1.22092307e-02  7.07575589e-03
  1.00621988e+00  4.19496503e-03  1.30310545e-03  9.98611420e-01
  4.30964877e-03 -4.26241857e-03  9.94654971e-01  8.56653844e-03
  3.65525590e-04  4.21731420e-03  1.22526417e-02  2.72273488e-01
  7.71581413e-03  5.