[ 3.91396163e-03  4.09786835e-03  1.00704175e+00  1.00459123e+00
  1.00686891e+00 -7.74612308e-03  1.02110912e-03  1.00849602e+00
  5.15951268e-03  2.23068731e-03  1.00572905e+00  3.53623213e-03
  1.00173270e+00  1.00126322e+00  1.00425892e+00  1.85662879e-03
  1.00604149e+00 -5.40678215e-04 -5.44230720e-03  4.48700237e-04
  1.00357178e+00  7.99207841e-01  6.55607829e-01  2.22985537e-03
  1.00017728e+00 -4.11026670e-03  2.60500499e-03  1.00215959e+00
  8.00541481e-05  8.91651752e-01 -2.54541263e-03  2.35425522e-03
  1.62345553e-03 -4.05846503e-03  2.97514104e-03  1.00503768e+00
  2.90967672e-03  2.88465675e-03 -2.46975945e-03  7.21330318e-04
  3.84633461e-03  5.44387005e-03  1.00121717e+00 -5.01073307e-03
  1.83861627e-04  4.88896592e-03 -4.86527382e-03 -4.60030213e-03
  8.53085068e-01  3.99329385e-04  4.30747398e-03  1.54771346e-03
 -3.05608598e-03 -5.88817596e-04  9.99703594e-01  1.66590697e-03
  1.00184902e+00 -2.53586384e-03  9.97842374e-01  1.00223792e+00
  4.68692969e-01  9.99859186e-01  2.98293215e-03  3.16407695e-03
  1.00565304e+00 -8.73183989e-04 -3.16490536e-03 -4.35482627e-03
  1.00904301e+00 -2.96405848e-04  6.36769759e-04  1.00333735e+00
  1.00142309e+00  3.21047135e-03  1.01018440e+00 -1.52698396e-03
  3.85867847e-03  9.99353201e-01 -3.47090750e-03 -4.36284562e-03
  1.00326291e+00  9.95811606e-01 -1.45592627e-03  6.67811711e-05
 -4.91927740e-04  6.32544359e-04 -2.45384442e-03  4.36130337e-01
 -4.45500930e-03  2.16444116e-03 -4.87140962e-04  6.29443419e-01
  9.96442683e-01  5.98914774e-04  5.13477041e-04 -5.16389076e-04
  3.23162449e-03  1.00042950e+00 -2.25935173e-03  5.96912303e-03
  2.41457482e-03  2.95257359e-04  5.74816006e-03  1.00762329e+00
 -3.47895228e-03  1.00300700e+00  3.46493305e-03  4.59935796e-03
 -1.98151002e-03  2.72050713e-03  1.87005931e-03  1.08857313e-04
  1.00496805e+00 -6.74084112e-03  3.77012886e-03  2.82583691e-03
 -1.61583607e-03  1.00749571e+00  1.00461110e+00 -7.48796267e-03
 -2.45063959e-03 -4.92814517e-04  5.74581996e-03  9.95548299e-01
  1.69551964e-03  3.80525724e-03  1.82494737e-03 -8.68909650e-04
  9.97541873e-01 -5.96402571e-03  1.00293445e+00  3.01110017e-03
  5.77461593e-03  3.92722989e-03 -5.58054194e-03  1.00360367e+00
  1.00546151e+00  1.00858606e+00  1.00640895e+00  1.36204380e-03
  1.00538714e+00  1.00018434e+00  5.78311783e-03  1.00370574e+00
 -1.11616970e-03  5.59362206e-03  9.13506166e-01  7.61187356e-04
  1.00021148e+00 -4.60170813e-03 -5.32638467e-03  1.00697677e+00
 -6.47421136e-03  6.14031663e-03  1.00349317e+00  1.00587921e+00
  3.06285033e-03  2.19012181e-03  1.00083411e+00  1.00279156e+00
  1.00243831e+00  2.55327815e-03  3.43914920e-04  1.30123903e-04
  1.00203231e+00  1.01048216e+00  1.40672566e-03  1.00541945e+00
  5.56015167e-04  2.55780321e-03 -9.98287731e-04  2.45529759e-03
  3.24845361e-03 -7.57853211e-03  4.55357764e-03  1.00279622e+00
 -9.74386495e-04  2.23195955e-03  3.93907681e-03 -1.11799063e-03
  9.97562076e-01 -1.17342394e-02  1.00418612e+00 -5.14416248e-04
  1.56315736e-03  5.14212584e-03  1.10372352e-01  9.99034588e-05
  1.00199141e+00  6.39683737e-03 -1.28665884e-03  1.00621830e+00
 -2.73598451e-03 -4.68517562e-03  1.00612429e+00 -7.98680838e-03
  1.05156878e-03  9.99120666e-01  1.11063145e-03  1.39366337e-01
  1.00928717e+00 -5.42944859e-03 -5.58999176e-03  1.01201722e+00
  1.59925621e-03  1.00786468e+00 -1.21678339e-03  4.74611894e-03
  6.93363770e-03  9.99138488e-01  6.52195734e-03 -1.28430635e-03
  1.62146730e-03  3.59069738e-03  9.52510589e-04  1.00672154e+00
  1.00397369e+00  1.00203982e+00  1.54290723e-03  9.98589312e-01
  1.00688284e+00  1.00118755e+00  1.00020016e+00  7.51425208e-04
 -1.48466193e-03 -6.21458322e-03  1.00835814e+00  2.12499010e-01
  1.00460137e+00 -4.04801154e-04  1.38647735e-03  1.00593898e+00
  2.45958814e-03  6.45857200e-03 -2.30481100e-03  7.54230192e-03
 -5.22536312e-03  3.60772767e-03  1.10973785e-03 -1.59447429e-03
 -1.22355552e-02 -3.41552648e-03  1.12234583e-02  2.56991859e-04
  1.00322321e+00 -4.07043314e-03  2.50519701e-03  1.00480631e+00
  1.00392887e+00  1.00791989e+00  1.00371288e+00  9.98880672e-01
  1.00040309e+00 -1.46618236e-03 -1.39927208e-03  3.76235801e-03
 -3.76065159e-03 -2.23588925e-03 -1.54426837e-04 -2.45214487e-03
  1.00463519e+00  5.67528576e-04  1.00278258e+00 -1.51269100e-03
  1.00220396e+00 -8.26334345e-04  2.29199236e-03  1.00778366e+00
  6.16726482e-03  2.53248706e-03  1.33085368e-03  8.02944215e-04
  5.21273672e-04  9.98338710e-01  7.92459180e-04 -8.46205292e-03
  1.89959643e-03  3.94032898e-03  1.00420679e+00  2.86927246e-03
  5.07375976e-03 -3.42550283e-03 -1.03138601e-02 -1.69017709e-03
 -1.33069422e-03  1.00742017e+00  1.00465159e+00  5.09882136e-01
 -2.14732569e-03  4.57408702e-03  1.79769633e-03  1.00574582e+00
  1.00063139e+00  7.03717540e-01  1.23660798e-03  6.45483916e-04
 -5.13998755e-03 -2.50445518e-03 -3.78741143e-03  4.35966264e-01
 -1.03658083e-02 -1.19932848e-02  9.96650515e-01  1.00155837e+00
  1.00229589e+00  8.64129270e-04  4.79395228e-03  1.00716665e+00
 -9.30555932e-05 -6.57934315e-04  9.71035237e-04 -7.05313470e-03
 -6.66966119e-04 -2.94053280e-04 -2.52252926e-03  2.41280571e-03
  1.00739040e+00 -2.61338847e-03  1.00119493e+00 -1.27233857e-03
 -2.87367682e-03  1.00003548e+00  1.00650463e+00  6.31385094e-04
  1.77143595e-03  1.00105824e+00  1.00799995e+00  1.25789172e-03
 -5.89104900e-03 -4.16434502e-04 -2.74156873e-03 -3.18918258e-03
  1.00796041e+00 -2.32192411e-04  6.70598703e-04  1.00228193e+00
  1.00534177e+00  9.58171446e-02 -4.20863731e-06  6.54758442e-03
  9.97694598e-01 -7.84812925e-03  1.00529546e+00 -1.11479554e-03
  3.50624999e-01 -8.38023801e-03 -2.51772986e-03 -8.47968213e-03
  1.00594410e+00  8.42380905e-03 -5.19512223e-04 -6.37366264e-04
  9.07033472e-01  4.01329170e-03  4.59880287e-03  1.00567704e+00
 -2.29912284e-03 -4.59465758e-03  1.00225959e+00  1.00636873e+00
 -8.13645235e-03 -2.39485861e-03  5.55619161e-03  7.32652399e-04
  3.76428748e-04 -1.29313502e-03  4.91470553e-03  2.78227071e-03
  1.00709943e+00  9.