[-8.99203971e-04  1.11555509e-03 -4.91225044e-03 -3.37979553e-04
 -4.18459767e-04 -7.62278098e-03  3.68140477e-03  1.00503994e+00
  2.74522274e-03  4.28486937e-04  2.04703657e-03  4.76197467e-03
 -6.05561450e-04  4.44126316e-03 -2.12673198e-03 -4.04731709e-03
  1.66712625e-04  1.00278053e+00 -4.50832576e-03  1.00298789e+00
 -9.30450225e-04  1.00168992e+00 -7.36921768e-03 -3.76770157e-03
  1.55108192e-03 -1.44108657e-03 -1.21258164e-02  1.00749060e+00
  1.00740836e+00  2.46402180e-03 -1.01127357e-04  1.00539945e+00
 -6.42138343e-03  1.00965952e+00  1.01270561e-03  4.70181632e-03
  9.44551575e-05  1.00652240e+00  2.38418635e-03  1.00187580e+00
  9.01456320e-01  4.74039123e-03  3.15056248e-03  1.00642146e+00
  1.00393668e+00 -4.82776254e-03  7.23433950e-04 -1.29520955e-03
  8.89886312e-04  3.36146161e-03  9.67085568e-04  1.00595710e+00
  1.00821204e+00 -1.17730953e-03  1.00907054e+00  2.78396395e-03
  1.94694360e-03  4.92187785e-03 -2.62465201e-03 -5.62150134e-03
  2.32492941e-03 -5.52179115e-04 -4.29392877e-03  1.00130248e+00
 -1.49042142e-03  1.00618318e+00 -7.56836883e-04  4.18460034e-03
  1.00407361e+00  1.00463934e+00 -2.39812342e-04 -4.41165547e-03
  1.86431461e-03  1.00431128e+00  1.27918625e-03  1.00317440e+00
 -2.47773047e-03  1.00343904e+00  1.07846184e-03  6.99444423e-04
 -2.68227215e-03  1.66693567e-04  1.00426470e+00  1.42090967e-03
  9.18858833e-04  1.00667415e+00  1.00469191e+00  2.89634161e-03
 -1.78778784e-03  5.00420561e-03 -8.16164512e-03  1.32708468e-03
  3.28057758e-03  1.00432610e+00  2.18150077e-03 -1.97584612e-03
  1.00922633e+00  1.00053950e+00  1.00445446e+00  2.54974426e-03
  3.50611506e-03  1.28530982e-03 -3.92658109e-03  6.81855070e-02
  1.00328124e+00  1.00333266e+00  5.55064657e-03  9.32188414e-04
 -2.34952226e-03  6.31947547e-03  1.20143486e-03  1.48926949e-03
  6.05873776e-03 -6.77132903e-03  1.28264556e-03  1.00539425e+00
  2.36217226e-03  1.68154463e-03  2.78273733e-03  1.69612129e-03
 -1.26319485e-03  6.49290233e-03  1.00159837e+00 -4.78560976e-03
  1.96557594e-03 -2.32165053e-04 -1.34745263e-02  4.77634059e-03
 -2.75250356e-03  1.00343914e+00  1.00941184e-03 -7.78778693e-04
  1.00361845e+00 -1.59709902e-03  5.28052608e-03  1.00161716e+00
  3.18769695e-03  1.00681320e+00  1.61600130e-03  2.05710963e-03
 -3.29770084e-04 -2.55192988e-03  1.00536942e+00  1.03883774e-03
  4.22016799e-04 -3.68030180e-03  1.09886831e-03 -4.64359620e-04
  1.00993768e+00 -2.11176695e-03  1.74505283e-03 -2.48707856e-03
 -2.83985673e-05  2.07414500e-03  1.00246664e+00  7.68117446e-03
 -6.88084211e-03  1.00317389e+00  1.79337106e-03  4.83513083e-03
 -6.66651195e-03 -2.99442971e-03  1.00994648e+00  5.24130577e-04
  1.00392033e+00 -6.66473712e-03 -2.72655029e-04  1.00469130e+00
 -1.24028190e-03 -5.53995647e-03  1.29143135e-03 -8.22668893e-04
 -9.97148763e-04 -4.05725139e-04 -1.88561405e-03  2.60191245e-03
  3.02147007e-04  1.00535330e+00 -6.87554090e-03  4.18824688e-04
 -7.41809587e-05  9.05245003e-04  1.34071049e-01  1.00381891e+00
  1.08909688e-03 -6.14717620e-03 -3.07125389e-03 -2.08450588e-04
  1.00584647e+00 -7.76431315e-04  1.00207531e+00  2.30134432e-03
 -2.50743708e-04  1.00376394e+00 -4.50614988e-03  1.00510486e+00
  2.81301543e-03  6.09808295e-03  1.00552480e+00 -4.76725138e-03
  1.06000340e-01 -4.79047403e-03 -3.79142033e-04  1.00508707e+00
 -4.46771819e-03  1.00549215e+00 -7.45958647e-03  1.00263710e+00
  1.00999348e+00 -7.43332836e-03  1.15542542e-03  3.98708028e-03
  1.00296687e+00  1.97644012e-03 -1.44174294e-02  5.33464154e-03
  1.00137788e+00  6.02427359e-03 -4.15420029e-03  1.00796579e+00
 -9.60842105e-04 -3.01307487e-03  1.00159480e+00  1.00530595e+00
 -2.82095196e-03  1.00427180e+00 -1.22325204e-03 -5.01894737e-04
  1.35669568e-03 -6.09108168e-03  1.86502408e-03  1.00308017e+00
  1.00299407e+00  3.49642584e-03  1.00782653e+00  1.74604868e-03
 -1.10947968e-03  1.00413719e+00  1.00332674e+00  1.00200234e+00
 -1.62453724e-03  2.62051125e-03  1.00040814e+00  2.94315784e-03
  1.00231871e+00  2.35151082e-03  1.00562990e+00  2.51814377e-03
  1.01117483e+00  1.00253839e+00  1.00452231e+00  2.57964334e-03
  1.00628063e+00  7.47010492e-01  3.96518936e-03 -2.20297588e-05
  3.24547368e-03  1.00750750e+00 -1.57623337e-03  1.00448641e+00
  2.44561903e-03  8.04529834e-01 -4.09696068e-03  1.00385688e+00
 -2.88451267e-03  3.39795680e-03  1.00510550e+00  1.00587231e+00
 -2.80873308e-03  1.00346960e+00  5.47616399e-03  2.25366586e-03
  5.10461024e-04 -2.07419994e-05  5.03649397e-03  1.16823538e-03
  1.00168859e+00  1.14330862e-03  1.00663587e+00  1.34224342e-03
  1.00084915e-03  3.35159117e-03  1.37201603e-01  2.92397914e-01
  1.00332681e+00  3.95905297e-03 -4.32769958e-03 -6.61558745e-04
  1.00329807e+00  5.63895677e-03  3.78021053e-03  5.58198905e-03
 -3.82661652e-03  5.75244247e-03  1.00532430e+00 -9.12362280e-03
  8.49451341e-07 -2.98671439e-03  2.45876758e-03 -2.68245406e-03
 -3.74515054e-03  1.00391834e+00  1.00480947e+00  1.00651943e+00
  1.00768178e+00  1.00395651e+00 -7.89654788e-03 -1.44712756e-03
 -1.46335605e-03  8.25197325e-04  1.00582291e+00  3.30291443e-03
  1.46814835e-03  2.86068079e-03 -3.52823122e-03  3.35148861e-03
  9.97827393e-01  1.00748348e+00  1.00404014e+00  3.53849104e-03
  2.76048669e-03  1.00258671e+00 -1.29649125e-02 -1.76358325e-03
  1.00599728e+00  3.17913746e-03  4.00839138e-01  1.00338958e+00
  1.49123061e-04 -3.33632469e-03  2.99142958e-04  2.19053488e-03
 -5.97128843e-03  1.00376048e+00 -3.07283743e-03  1.00880280e+00
  2.30728515e-03  1.00477953e+00  1.03491577e-03  1.00239180e+00
 -1.67234129e-04  1.00226424e+00 -3.63189443e-03  4.60799206e-04
  7.25346757e-03 -2.90102580e-03  4.02475483e-03  1.00742772e+00
  1.37902654e-03  1.00305600e+00  1.00869811e+00  1.00626259e+00
  1.00610325e+00  1.38937822e-04 -5.82244218e-03 -8.49867735e-04
  9.97904294e-01  2.77937361e-03  1.32329718e-03  1.11370912e-03
  3.76471659e-03  1.00236598e+00  9.99171437e-01  2.25240985e-03
  6.04195525e-03  5.04141908e-03  2.58193781e-03  1.37495138e-03
  1.00440160e+00 -1.