[-1.10474385e-02  3.05963431e-04  1.01191080e+00  6.62530479e-03
  1.00805610e+00 -8.72619657e-03  2.94158076e-05 -6.28097553e-03
  6.53769038e-03  1.00902050e+00  1.01111557e+00  5.55850122e-03
  1.00519780e+00 -9.40897215e-04  1.00882667e+00 -8.72857111e-03
  3.88989816e-03  9.61348684e-04 -1.66199968e-02  1.00560315e+00
  1.62671077e-03 -2.13451546e-02  4.07592283e-03  6.17072889e-03
  1.00624342e+00  4.30213959e-03  1.00429292e+00  7.51521087e-03
 -1.75748082e-02  1.00246451e+00  9.34535074e-03  3.94256553e-03
 -7.35848737e-03 -4.93002685e-04  1.00028828e+00 -6.25534084e-03
  1.00707077e+00  1.01135622e+00  1.01314396e+00  3.79623671e-04
  1.49290346e-03  2.00372748e-03  1.01229379e+00 -4.71346808e-03
 -1.23793397e-03  4.72734837e-03  6.47043533e-01  1.01672764e+00
  4.61012404e-03  1.01657924e+00  8.91237751e-04  4.43548872e-03
  1.99340750e-03  1.01180730e+00  2.39589136e-04 -8.86375802e-03
  2.59011064e-03  1.00821265e+00 -3.81227202e-03  1.00918984e+00
 -1.46789682e-03 -6.02970133e-03 -3.18996803e-03 -3.35202749e-03
  6.61021453e-01  1.01394018e+00  1.01260674e+00  1.00409161e+00
 -3.33553537e-03 -7.49721362e-03 -4.04049811e-03  1.00367831e+00
  6.52592440e-03  1.00964051e+00  1.37233411e-01 -2.47217750e-03
 -3.72787115e-03  1.01218771e+00  1.00918354e+00 -4.38554823e-03
  1.30664452e-01  1.00483744e+00  2.15935285e-03 -1.55258327e-04
  5.05546534e-03  2.02231049e-03  1.00661422e+00 -7.29710572e-03
  4.03666253e-03  1.01500885e+00  1.02546093e+00 -8.60414066e-03
 -1.16682172e-02  4.55729990e-04  5.39958009e-04  1.01428720e+00
  1.00463136e+00  9.51670154e-03  9.97639358e-01  1.00343066e+00
  1.00326942e+00  1.01341169e+00 -5.28699389e-03  1.02776437e+00
 -1.16366895e-02 -8.46542955e-03  1.01369735e+00  2.20311490e-03
 -2.22773475e-03 -6.35063263e-03  9.93614339e-03 -1.48578788e-02
  1.01566136e+00 -1.82141664e-03  1.00810117e+00  7.43004760e-03
 -9.27808200e-03  4.10402893e-03 -4.02748979e-03 -1.35661523e-02
 -1.25238446e-02 -5.98049025e-03  5.04659794e-03  3.44836771e-05
  1.00397507e+00 -8.42062623e-03  1.01760654e+00 -6.74534483e-03
  1.00300913e+00  2.76940616e-03  1.00623802e+00  1.00493049e-03
 -4.01852378e-04 -1.34268080e-04  1.01075350e+00 -2.28101165e-03
  1.00842851e+00 -1.24586831e-02 -1.97507902e-03 -1.61446849e-03
  1.00990404e+00  1.00819024e+00 -1.25024398e-02 -1.94674807e-03
 -2.30848851e-03  8.03282051e-04 -6.07367492e-03  1.01051548e+00
 -5.20447397e-03 -1.75800792e-03  1.00640442e+00  1.00625913e+00
 -9.13612311e-03  5.60561056e-03 -9.23099321e-03  9.99707361e-01
  2.62573143e-03  1.99422918e-03 -1.22105911e-03  3.11003935e-03
  6.14517176e-03 -1.98019239e-03  4.97813444e-04  4.69456062e-04
 -5.65137945e-03 -6.12108575e-03 -5.74732885e-04  8.90902209e-03
 -2.35048533e-03  6.11310847e-03 -1.67878204e-03 -4.93889079e-03
 -9.60287585e-03  3.42560875e-03  3.55270261e-03  3.69647726e-03
  1.82284563e-03 -1.75238488e-02  1.01068665e+00  1.00606546e+00
  1.02622551e-02  1.01180530e+00  1.00436043e+00  1.01214029e+00
  2.10188082e-03  1.00304080e+00 -2.40504145e-03  1.01541285e+00
  1.01377813e+00  5.43729931e-03  1.01165803e+00  1.02004196e+00
 -1.03210997e-02 -6.01299545e-03 -7.57128279e-03  1.00527299e+00
 -6.99978252e-03  3.04514295e-03 -1.51831952e-03 -9.50229277e-03
 -7.92693957e-03 -2.98089347e-03 -3.01987136e-04  3.12221207e-03
  1.01447601e+00  1.01353778e+00 -6.72598179e-04  3.38768835e-01
  9.56028268e-04  5.00218355e-03  4.98339846e-03 -8.47255558e-03
  1.71089543e-03  1.00908298e+00  1.01153138e+00  1.79459077e-03
 -9.90021019e-03 -4.96324292e-03 -3.54808668e-03 -1.30967085e-02
  1.56807212e-03  1.01326653e+00  1.01275175e+00  1.36598570e-03
  1.29136123e-03  1.01083596e+00 -3.94936431e-03 -5.15733167e-03
 -5.76048796e-04 -6.91387354e-03  1.00737651e+00 -7.92332634e-03
 -2.76096220e-03 -7.77344990e-03  6.14409215e-03  1.01353208e+00
  5.95920047e-03 -2.56379191e-03  2.48767017e-03  1.00462815e+00
  1.02279582e+00 -3.65372827e-03  7.71763202e-03 -2.67270798e-03
 -4.02612520e-03  1.00162379e+00  1.00975816e+00  1.01713653e+00
  1.02104391e+00 -3.93296893e-03  1.00594921e+00 -1.99064349e-03
 -2.30461326e-03 -2.69640900e-04 -1.35156250e-03 -1.00280659e-02
  1.00467664e+00  7.63340643e-03  5.60560266e-03 -1.76525871e-02
 -6.76100031e-03  1.26331451e-02  1.70216942e-03  5.92880235e-04
 -3.35324525e-03  1.25013083e-03 -8.64054983e-04  1.01448774e+00
  1.11561533e-02 -3.19613835e-03 -6.13615702e-03 -3.83089635e-03
  1.00945010e+00  1.01465135e+00 -6.11770668e-03 -3.86552115e-03
 -9.62885936e-03 -2.37195923e-04 -7.95326460e-04 -7.71000723e-03
 -3.59045014e-03 -7.76988035e-04  1.00164105e+00  6.01715102e-03
 -7.41350619e-03  1.01333698e+00  1.76364785e-03  1.00430285e+00
 -7.30840379e-03 -1.43469003e-03  2.29685745e-03  7.08374320e-04
 -8.43100099e-03  1.00917973e+00 -8.78722425e-04  3.12561857e-03
 -2.27243589e-03  9.61744138e-04  7.06935292e-03  4.00656386e-01
  3.76027913e-03  1.00547529e+00  1.00164037e+00 -8.22033901e-03
  1.00841492e+00  5.83459579e-04  1.01337722e+00 -5.94609697e-03
  9.13141582e-03  1.01660795e+00  1.00767128e+00  1.00145311e+00
  4.03042889e-03 -1.02864822e-03 -2.62704035e-03 -1.35421825e-02
 -2.13235681e-03  2.11405471e-03  1.00251517e+00  2.52526517e-03
  4.15530817e-04  2.29942598e-03  1.00966390e+00 -1.27112579e-03
 -3.41718213e-04  1.00151132e+00  1.00857042e+00 -5.10396175e-03
  1.00786735e+00 -2.01520344e-03  1.01139409e+00 -1.11720296e-02
  4.68054086e-03  9.98404526e-04  1.00844233e+00 -5.55307434e-03
  6.11690116e-04  2.83858030e-03 -3.60068544e-03  1.04360387e-02
  1.01103514e+00  1.00517648e+00  3.16755197e-03  2.75228238e-03
 -1.31435792e-03 -6.06161469e-03 -2.11687955e-02 -5.69193508e-03
 -3.08563717e-03 -1.81401071e-03 -5.10146344e-03  1.39630487e-03
  1.88395944e-03 -2.78334166e-03  3.30208063e-03  4.86993825e-03
 -1.85052370e-04  6.22658589e-01  6.29959462e-03  6.57648442e-03
 -5.54018207e-03 -1.57970063e-03  3.67469687e-03  1.01743481e+00
 -6.32507740e-03  1.00232845e+00 -1.28836962e-03  9.07566030e-03
 -3.07146554e-03 -2.