[0.         1.         1.         0.         1.         0.
 0.         1.         1.         1.         1.         0.59070881
 0.         0.         0.         0.10951066 1.         0.
 0.         0.         0.         1.         1.         0.
 0.         0.         0.         0.         0.         0.
 1.         0.         0.         1.         1.         0.
 1.         0.         0.         0.         0.         1.
 0.         0.         1.         0.03961348 1.         0.
 0.01822357 1.         1.         1.         0.         0.
 0.         0.         1.         0.         1.         0.
 0.         0.         0.         0.         0.         1.
 0.         0.         1.         0.         1.         1.
 0.         0.20356907 1.         0.71468732 0.         0.
 0.         0.         0.         1.         1.         1.
 0.         0.         0.         1.         0.         0.
 0.         0.         1.         0.         0.         0.
 0.         0.         0.         0.42389626 1.         0.7252633
 0.         0.         0.         0.         0.19307313 0.
 0.         0.         0.         0.         0.         0.
 0.         0.         1.         1.         1.         1.
 1.         0.         1.         0.         0.         0.
 0.         0.         0.         1.         1.         0.34313383
 0.         1.         0.         0.         1.         1.
 1.         1.         0.         0.66466396 0.         0.
 0.         1.         0.         0.         0.         0.
 0.         0.         0.         1.         0.         0.
 0.         1.         0.         0.         1.         0.
 0.         1.         0.         1.         0.         0.
 0.         0.         0.         0.         0.         0.
 0.         0.         0.         0.         0.         1.
 0.         0.         0.         0.         1.         0.
 0.         0.         1.         0.         0.         0.
 0.         0.         0.         0.         1.         1.
 0.         0.         0.         0.         0.         1.
 0.         1.         0.         0.         0.6214336  0.
 0.         1.         0.         0.         0.         0.
 1.         0.         0.         1.         0.         0.
 0.         0.         0.         0.         1.         1.
 1.         0.         0.         0.         0.         1.
 0.         1.         0.         0.         0.         0.
 0.         1.         0.         0.         0.         0.
 0.         1.         0.         0.         0.         1.
 0.         0.         0.         0.         1.         0.
 1.         0.         1.         1.         0.         0.
 0.         0.         0.         0.         0.         0.
 0.         0.         0.         1.         1.         0.
 1.         0.         1.         1.         0.         0.
 0.         0.         0.         1.         1.         1.
 0.         1.         0.         1.         1.         1.
 0.         0.         0.         0.         0.         0.
 0.59091745 0.         0.         1.         1.         0.
 1.         0.         0.         0.         0.         0.
 0.         0.         0.         0.98763275 0.         0.
 0.         0.         0.         0.         1.         1.
 0.         0.         1.         0.         1.         0.
 1.         0.         1.         1.         0.         0.
 1.         0.         0.27885088 0.         1.         0.
 0.         0.         0.         0.         0.         0.
 0.         1.         0.         0.         0.         0.
 1.         0.         0.         0.         0.         1.
 0.         0.         0.         1.         1.         0.
 1.         0.         0.         0.         1.         1.
 0.02917068 0.         1.         1.         1.         0.
 1.         1.         0.         0.         0.         1.
 0.         0.         1.         0.         0.         0.
 0.         0.         0.         0.         0.         1.
 0.         0.         0.         1.         1.         0.
 0.         0.         1.         0.         0.         0.1536265
 1.         1.         1.         1.         0.         0.94374145
 0.         0.         0.93650282 0.88643547 0.         0.
 1.         0.         0.         0.         0.         1.
 0.         0.         1.         0.         0.         0.
 0.         0.         0.         1.         1.         1.
 0.70260918 1.         0.         0.         0.         0.
 0.         0.         0.         0.         1.         0.
 0.         0.         1.         0.         0.         0.
 1.         1.         0.         0.         0.         0.
 0.         0.         0.         0.         0.         1.
 0.         1.         0.         0.77136202 0.         0.
 0.         0.87656365 0.15640917 0.         1.         0.
 0.01384162 1.         1.         0.         0.         0.
 0.         0.         0.31413115 0.         1.         0.
 0.         0.         0.         0.         0.         0.
 0.         1.         0.         1.         0.         1.
 0.         0.         0.         0.         1.         0.
 0.         0.58535353 1.         1.         0.         0.95712501
 0.         1.         0.         1.         0.         1.
 0.         0.         1.         0.         0.         0.
 1.         0.         1.         1.         0.         1.
 0.70750392 0.         0.         1.         0.         0.
 1.         0.         0.         0.         0.         1.
 0.         0.         0.         1.         0.33083565 0.
 0.         0.         0.93940524 1.         0.         1.
 1.         0.         1.         1.         1.         0.
 1.         0.         0.         1.         1.         0.
 0.         0.         0.         0.         0.         0.
 0.         0.         0.0168754  1.         0.         0.
 0.         1.         1.         0.         1.         0.
 0.         0.         0.         1.         0.         0.
 0.         1.         0.         0.         0.         0.
 1.         0.         0.         0.         0.       