[-6.57184715e-04 -8.28438443e-04 -1.28505467e-05 -7.60836461e-04
 -5.19671395e-04 -2.15795370e-03  3.21962479e-04 -1.22073915e-03
 -1.09188465e-03 -1.12240344e-03 -1.54409772e-03 -1.56913934e-03
  3.32899648e-04 -6.02656702e-06  2.69835857e-04 -1.21460902e-03
 -2.36963003e-03  2.59863062e-04  1.11651875e-03 -6.61891430e-04
 -1.46391981e-03 -1.28417695e-03  2.31213875e-03 -8.21952846e-04
 -9.49576312e-04 -8.49030958e-06  7.06642331e-04 -7.47655885e-04
 -9.43882250e-04 -6.39552729e-04  1.67619080e-03 -3.03518127e-04
  5.26510497e-04 -3.13788093e-04 -1.22551432e-03 -2.06964315e-04
  2.73021066e-03  8.08192806e-04 -3.77374159e-05  3.74190193e-04
 -1.39714770e-03 -8.17451479e-04  1.70139988e-04 -9.98707282e-04
  5.69603945e-04  7.20848086e-04 -1.70898815e-03  4.62984313e-04
 -2.95441837e-04  1.20775706e-03 -1.15340277e-03  9.34245812e-04
 -1.53706581e-03 -4.27261127e-05  1.68974886e-03 -2.29753161e-03
 -2.53545570e-05 -1.67976187e-04  2.00526932e-03 -1.51592011e-03
  1.49562497e-04  2.74716015e-04 -1.29833446e-03  4.07963244e-05
 -2.09105188e-03  8.09560433e-04  1.48591639e-04  1.15201068e-03
  9.94000000e-04  4.20920884e-04  1.58230322e-03  1.66609249e-04
  4.82384077e-06 -1.25564461e-03 -4.41652015e-04 -1.68390469e-04
 -5.09821167e-04  1.95935501e-03 -5.06945367e-04 -2.71928872e-04
  9.99875942e-04 -9.52414637e-04 -6.73649594e-04  2.12480039e-03
 -2.47637113e-03 -3.89490107e-04  1.89330021e-03 -1.36004138e-03
  4.87929183e-04  6.62717638e-04 -1.00281084e-04 -1.61858814e-03
  8.66126613e-05 -1.05034518e-04 -4.44713118e-04  2.36835990e-03
 -1.73565401e-04 -1.32737923e-04 -4.44968719e-04 -6.01981810e-04
  1.66453509e-03  1.65668743e-03  6.85227367e-04 -7.08651924e-04
 -1.22600000e-03 -1.04215911e-04 -7.95414033e-04  3.12284052e-04
 -5.22090422e-04 -1.14825478e-03  2.00642055e-03 -2.55597224e-03
 -2.29939589e-04 -2.33952470e-04  3.24166787e-04 -4.19745458e-04
 -1.97120939e-03 -1.86418815e-03 -1.79953063e-03 -2.62426567e-03
 -9.94342844e-04 -1.31829867e-03  6.13016355e-04  1.41938431e-03
  5.38826049e-04 -9.59927668e-04  7.82144647e-04 -2.12109594e-03
 -6.22675138e-04  2.85372474e-04  3.96001938e-04 -7.63442519e-04
 -1.47604217e-03  2.90768068e-04  1.98785012e-04  8.36472929e-04
 -1.49597792e-05 -2.41320000e-03  6.20408662e-04 -7.90210720e-05
 -7.40451437e-04  1.87523320e-05 -7.26238814e-04 -1.52547769e-03
 -2.63281633e-03 -1.34781197e-03 -1.70628030e-03  1.12973995e-03
 -1.77073779e-03 -2.14501238e-03  1.70871282e-03 -6.93529227e-04
 -7.75963368e-04  5.98798380e-04 -1.01150766e-03  7.08892474e-05
 -1.36324614e-03 -6.90941988e-04 -9.05161171e-04 -8.33309331e-05
  1.52640842e-04 -1.97980582e-04  3.53558478e-04  1.86141364e-04
 -4.02782425e-04 -3.53925558e-04 -1.53653165e-03  4.94807073e-05
 -1.81431445e-05  3.59745957e-04 -2.06583650e-03  4.26195567e-04
 -4.68922319e-04  1.23913812e-03 -1.33810650e-04 -8.68133922e-04
 -1.57552732e-03 -8.84074950e-04 -7.37301897e-05  8.59160768e-04
 -1.62593008e-03  6.30532787e-04  8.62999557e-04  1.21641730e-03
 -5.74672509e-04 -1.07140030e-03 -4.97814385e-04  1.14731675e-04
  1.86055376e-03 -2.73453041e-04  1.07353003e-03  1.63445668e-03
 -4.15320861e-04 -9.96657501e-04  8.11242560e-04 -7.60947675e-04
 -3.52356593e-03 -7.40023958e-04 -8.40919023e-04  3.24909586e-05
 -1.22605141e-03 -1.66450650e-03 -1.53348693e-03 -1.78055508e-03
 -2.51859852e-04  1.37503238e-06  1.33039044e-03  5.60375284e-05
  1.86290372e-04  3.94434716e-04 -8.52477346e-05 -3.27552530e-04
 -8.54964548e-04  2.13817331e-04  4.70569129e-04  1.09348517e-03
 -2.02789498e-03  5.97657312e-05 -2.38807496e-03  8.77144400e-04
 -1.57181198e-03  1.23380170e-03 -1.05859373e-03 -2.07794525e-04
  1.09234895e-03  3.44115002e-05 -3.08156046e-04 -7.13404713e-05
  4.88217154e-04 -1.03319613e-04 -5.47223181e-04 -1.00737957e-03
 -3.08690294e-05 -1.26247259e-03  8.81665873e-04  3.99492339e-05
  3.87737351e-04 -5.65716946e-05  4.53694190e-04  9.75250831e-06
  9.06748174e-04 -1.01522351e-03 -4.41623911e-04 -3.91151184e-04
  6.72635940e-04 -4.22540823e-04 -1.18939125e-03  1.58517596e-03
 -2.86703484e-04 -1.32298041e-03 -1.34924596e-03  7.79272642e-04
 -1.43044003e-03  1.43983781e-03 -3.93693996e-04 -6.47119160e-04
  1.17416466e-03 -8.77483839e-04  1.55246089e-04  7.88773682e-04
  7.14541115e-04  5.22048412e-04  9.52051476e-04 -1.64335178e-03
 -8.96684484e-04 -2.09057522e-03 -1.15444124e-03 -1.09345009e-03
  1.22558192e-03 -4.10734531e-04 -1.60207936e-03 -1.10745766e-03
  7.35050161e-04  2.30077737e-05 -1.00161001e-03 -7.04487843e-04
  4.85171294e-05 -1.32634160e-04 -7.25772570e-04  6.05396919e-04
  9.67840708e-04  4.08647182e-04  9.07405366e-04 -7.54541155e-04
 -9.45026808e-04 -1.92988088e-04 -1.02082325e-03  9.96587163e-05
 -4.64931863e-05  2.03153264e-04 -1.03500931e-03 -2.67132317e-04
  1.59790084e-04  2.98475600e-04  1.10709156e-03 -4.09607375e-04
  7.04684499e-05  1.97180575e-04  3.90992591e-04 -8.05986054e-04
  8.53273010e-04  9.47805954e-04 -1.18652395e-03 -5.28033580e-04
 -2.14490527e-04 -3.89754663e-04  5.99260186e-04 -5.42988694e-04
  1.34516452e-03  4.49013878e-04  2.53256515e-03  8.46892099e-06
 -4.32534453e-04 -1.02486054e-03 -3.13160295e-04 -1.01584108e-03
  2.08819707e-03 -1.14921342e-03  1.78318114e-03  7.79048570e-05
  5.79742493e-04 -2.14722218e-03  1.41295630e-03 -2.21884910e-03
 -5.88647818e-04 -1.44773032e-04 -1.18657783e-03  8.57485646e-05
 -5.59209104e-04 -1.07986765e-04 -1.74051621e-03 -2.29028996e-03
 -4.57835925e-04 -4.58455618e-04 -1.21490076e-03  2.07862065e-04
 -1.67693022e-03 -2.85442967e-04 -4.94936272e-04  4.49232967e-04
 -1.02287383e-03  4.88660089e-04 -7.96660397e-04  1.56527766e-03
 -2.10781085e-03 -6.87249686e-04  7.91807550e-04 -5.14418137e-04
  2.96928162e-05  2.36655169e-05 -2.07222827e-04  6.76019973e-04
 -1.18749483e-03 -6.80126904e-04 -1.94685576e-04  2.62086276e-03
 -1.39547703e-04 -1.06721498e-03  2.88443622e-04  4.14144117e-04
 -1.67179547e-04 -1.21976468e-03 -1.31414213e-03  6.32207603e-04
  1.17100603e-03 -1.27570660e-03 -9.82998180e-04  1.50228335e-04
 -1.91935484e-04 -1.