[-3.11462735e-03 -6.22754065e-04  1.00018418e+00  1.00104755e+00
  1.28239841e-01  1.65000000e-05  4.64970549e-04  9.99896244e-01
  6.82120500e-05 -8.44101820e-04  1.13807419e-03 -5.45166295e-04
  1.89284601e-05 -2.07837139e-04  3.40430664e-01 -5.33947952e-05
 -7.50547848e-04  2.13042414e-04  8.04657744e-01  2.89354892e-05
 -4.84478514e-04  3.28286062e-04  1.24459680e-04  4.26586610e-04
  9.67481619e-04  2.52492724e-01 -1.92013696e-03  5.85167787e-04
  3.45421051e-01 -2.27197475e-04  2.30701863e-01  5.34487787e-04
 -2.77826813e-04 -2.73500000e-04  1.12742789e-04 -1.36929236e-04
  9.99961904e-01 -6.71476713e-05 -8.14077508e-04  2.27331439e-04
 -7.83023738e-05  4.96686163e-01  9.95540320e-04  1.32543076e-04
  1.12485524e-03  7.22592140e-01 -9.90976241e-05 -4.78277200e-06
  1.00059423e+00 -9.67250000e-04  5.65888918e-04  5.61865433e-06
  7.22577036e-01  6.84415846e-04  3.96626629e-04  1.29579817e-03
 -1.67869641e-04  1.00090131e+00 -2.49082997e-04 -5.63711979e-04
 -1.36893318e-04 -6.98225535e-04  1.00061916e+00 -7.81547781e-04
  2.69636702e-04  1.97432762e-03 -1.27330432e-04  1.59917233e-05
  1.18173706e-04 -3.14565027e-03 -8.58287772e-04  9.99773912e-01
 -1.22157367e-03  5.73984071e-01  4.13489694e-04  6.03250085e-04
  5.11499111e-04  1.82962737e-05  1.08556473e-04  1.30851581e-03
 -3.03148129e-04 -4.80301609e-04  1.00060745e+00 -5.43076652e-04
 -7.26513611e-04 -5.80103504e-05 -3.10110269e-04  4.20682098e-05
 -8.64942418e-05  6.88299459e-01  9.97346826e-02  1.23527615e-03
  4.08104683e-04 -1.18869440e-03 -1.15893695e-04  8.27910777e-04
  1.00097863e+00 -2.36703618e-04  9.62488072e-01 -8.13958152e-04
  6.75472567e-01 -1.17345635e-04 -1.61932445e-04  8.31102178e-04
  3.86902340e-04 -4.14514916e-04  6.89722317e-04  5.96798566e-01
  7.14231938e-04  5.39907041e-04  2.71583801e-04 -2.37675120e-04
 -2.00826167e-03  3.81277287e-04 -3.36703693e-04 -8.29096739e-05
 -3.07354500e-05  2.04048736e-03  1.19104516e-03  5.95559393e-04
 -7.11823204e-05 -1.28717412e-04  6.79308886e-01  9.84795671e-04
  1.91258770e-03  7.32164335e-04  5.98188812e-05  3.28858152e-04
 -1.87713331e-04 -3.07584741e-04 -5.28023503e-04  1.20624622e-01
  1.05327778e-01  6.20484703e-01  7.34509541e-07 -2.58459393e-04
  3.41766502e-04  4.56909323e-04  3.51826219e-01  4.75657821e-04
  8.27773788e-04  7.30572064e-01  9.99499020e-01  1.00021824e+00
  9.99681120e-01  3.90279737e-04  9.48593766e-04 -1.45784052e-04
 -4.02718525e-05  2.15264830e-05  9.99987384e-01  1.85132947e-06
  1.00127157e+00 -2.77223439e-04 -2.27946902e-04  2.01406230e-04
 -3.42979538e-05 -2.09750000e-04  1.15019462e-05  2.39000000e-04
  1.00006582e+00  4.28529662e-04 -7.12207257e-04  7.12738436e-04
  2.05453740e-04 -3.12365630e-04  1.00036682e+00 -2.02620968e-04
 -3.09269602e-04 -2.15099909e-04  9.80268715e-04  2.23215452e-04
 -6.83742298e-04 -1.77312925e-04  2.97110270e-04 -7.04734411e-04
 -5.00025874e-05  9.99800073e-01  5.63962403e-01 -5.65955873e-04
  7.42592580e-04  1.71566475e-03 -4.15165018e-04  5.16298910e-01
 -8.22500000e-05 -3.54424828e-04 -3.09218596e-04  2.91536138e-05
  1.00084685e+00  5.09483244e-05 -2.04701590e-04  1.00027018e+00
  4.36214873e-04  7.53811634e-03 -2.35626599e-04 -8.12466853e-04
  4.73659182e-04 -2.89382258e-04  1.86275532e-01  1.78813454e-01
  2.26705516e-04 -2.38414813e-05 -7.16665494e-04  1.41947080e-03
 -2.98153745e-04 -1.05154599e-04  1.00084919e+00  9.99429254e-01
 -3.22370197e-05  5.36485584e-04 -9.67479956e-04  1.34278326e-04
 -3.69033920e-05 -3.90397548e-05  9.99949342e-01  3.50734376e-04
 -1.30805531e-04 -2.71565268e-05 -2.80297667e-04  1.84471300e-04
  8.26735291e-04  1.76568342e-04  2.83131701e-04  1.99798323e-04
  4.83591054e-04  8.19931887e-04  9.99611164e-01  8.17125562e-01
  7.10141571e-04  2.94740224e-04  9.99762606e-01  3.04060259e-04
  5.46839616e-01 -2.06086749e-03  3.78476211e-02  8.88628006e-01
  5.54276836e-05 -8.55178645e-04 -3.24015807e-04 -3.10157924e-04
  2.01573099e-05  3.77407018e-05  2.87961656e-04  6.79618461e-04
  1.00080487e+00  1.64043684e-03  1.00045489e+00  9.08783198e-01
 -4.76636484e-06 -6.17873383e-04  9.99673661e-01 -1.99408785e-04
  1.31804169e-03  9.99565000e-01  8.56200222e-04  6.00889394e-01
 -1.19297649e-03 -4.54193237e-04 -6.66598564e-04  5.74440382e-01
  2.43637871e-05 -2.91156696e-04  4.71147599e-04  6.26811455e-04
  3.63053782e-04  3.06538000e-04  1.47119361e-04 -4.97250000e-04
  1.42155579e-04  9.99793813e-01  1.00078520e+00  9.99971702e-01
  9.01350003e-04 -5.44296990e-05  6.88343335e-06 -1.33231115e-04
  6.74532384e-01  8.45714756e-05  9.99954949e-01  5.56810150e-01
  3.24775544e-03  3.86581663e-01  3.43750218e-04  2.15071654e-04
 -6.22828961e-04 -2.57374182e-04  9.99550444e-01 -6.60655284e-04
 -3.50634847e-04  1.00064751e+00  3.89343449e-04  1.00074749e+00
 -3.75531579e-03 -1.16647877e-03 -5.70570541e-04 -1.43419862e-04
 -1.11248113e-04  1.88634488e-05 -4.83464946e-04 -7.05231253e-05
 -5.80233333e-05 -1.58059761e-04  5.30761005e-04  1.00142756e+00
  1.07579871e-04  1.00022777e+00 -5.81165786e-04 -2.83572629e-04
  1.00028536e+00 -4.86862179e-04 -6.51958672e-04  7.09386485e-04
  6.39432448e-04 -4.05566414e-04  1.96701321e-04  6.90575869e-04
  1.00078229e+00  2.74561572e-03  6.40717002e-05 -4.75061067e-04
  1.00000117e+00 -4.83214653e-04  4.45430300e-04 -1.13678873e-03
 -2.44083251e-04 -2.75430735e-04 -3.50148068e-04 -1.90582769e-03
  5.67135215e-04 -2.77119012e-04  9.99780322e-01  1.65051440e-04
 -1.03238090e-03  2.30826190e-04  4.43834424e-01  3.87608374e-01
 -3.16366468e-04 -1.94188318e-04  3.09911226e-01  8.23325841e-04
 -2.52522645e-04  1.00061509e+00 -8.87652039e-04  9.99784086e-01
  4.65042136e-04  7.60839562e-04  2.07077836e-05  7.53728802e-01
  6.26701889e-04  1.20385581e-04 -9.20910973e-05  9.99620384e-01
  7.21286586e-04  1.58059951e-03  5.67153706e-01  2.44903195e-04
  1.20376857e-04  1.00015560e+00 -6.17796807e-05 -9.38789759e-04
  1.00037692e+00  6.87899191e-05  5.87640088e-04  1.43513549e-01
  4.08616058e-01 -1.93496291e-04  3.98688083e-04  9.99903263e-01
 -6.17192833e-04  6.