[ 5.64606966e-03  1.00730708e+00  1.01125834e+00  1.00574137e+00
  1.00869427e+00 -4.37469388e-03 -2.99419066e-03  1.01277104e+00
  9.33382362e-03 -3.34951429e-05  1.00996839e+00  3.76448140e-03
 -5.65619733e-04  3.07131111e-01  6.67504944e-03  4.29431552e-03
  1.01168606e+00  3.20146712e-03  7.73038970e-01 -2.67436526e-03
  1.01061684e+00  1.01125921e+00  1.00709577e+00  3.24498231e-03
  9.99035513e-01  9.98082292e-01  9.98362996e-01  1.00344975e+00
  4.17550439e-03 -1.72184122e-03 -2.91269746e-03  3.81436235e-03
  1.00554895e+00 -9.70221527e-04  8.24149364e-03  6.56015343e-03
  6.57837414e-03  6.88116843e-03  1.00567368e+00 -7.12413756e-03
  8.65121797e-03  7.21126604e-03  1.32205614e-03 -6.77689981e-03
  1.00886541e+00  3.95243650e-04 -5.77221091e-03 -9.34694294e-03
  1.00387477e+00  2.51154681e-05  6.41071546e-03  1.00830077e+00
 -1.45277551e-02 -2.12138902e-03 -4.62207503e-03  3.77319651e-03
  1.00268518e+00 -1.22133084e-03  9.98974173e-01  1.00617541e+00
  7.21269016e-03 -3.27409198e-04  5.04377174e-03  6.06883458e-03
  1.00703725e+00  4.16153738e-03 -2.91630501e-03  4.36299093e-01
  1.01406028e+00 -3.79366866e-03 -1.90756246e-04  1.00793078e+00
  9.44263187e-04  1.00643826e+00  1.00567622e+00 -1.40530612e-03
  1.00598157e+00  2.34550694e-01  9.97144527e-01 -2.80285347e-03
  9.15045231e-04  9.94225730e-01  1.00261360e+00  2.70442849e-03
  2.96407694e-04 -5.17458094e-04  7.63678350e-01  8.60571114e-01
 -1.25319112e-03  5.16328142e-03 -6.83863636e-04  1.00643293e+00
 -7.32961912e-03 -5.30947942e-03 -2.02362955e-04  5.47967960e-03
  9.11236335e-03  1.00107145e+00 -8.15389166e-03  2.15471570e-03
 -3.34815270e-03 -2.84189440e-03  1.00644848e+00  9.70344376e-03
 -5.29306122e-03  1.01006907e+00  3.82474094e-03  5.40983015e-03
  9.96337780e-01  1.00804180e+00 -7.53603277e-04  1.44988059e-03
  1.00839248e+00 -9.02420400e-03  7.79846012e-03  5.40678887e-03
  1.00094259e+00  1.01158609e+00  1.10786075e-02 -7.21036789e-03
  1.25246142e-03 -7.49501039e-04  1.01024525e+00 -1.03788138e-02
  3.18305971e-03  7.08366607e-04 -6.69792091e-04  1.00659280e+00
 -2.34036095e-03 -7.97681080e-03  1.00528308e+00  1.00949693e+00
  1.01040386e+00  3.49912629e-03 -5.74390889e-03  4.83193879e-03
  1.01095947e+00  1.00640788e+00  1.00891941e+00 -3.35633349e-03
  5.97898852e-03  1.00223667e+00  1.43932193e-02  6.26098417e-03
  1.00415729e+00  4.98744840e-01 -3.64433955e-03  1.00611833e+00
  4.62036102e-04 -3.49921443e-03 -6.29422254e-03  1.39082811e-01
 -5.80089022e-03  4.59985270e-03 -4.65580448e-04  5.80193497e-04
  4.60550555e-03  1.00346676e+00 -1.75541824e-04  3.23269136e-03
 -1.75176991e-03  3.82338827e-03 -2.02775510e-03  3.70772026e-03
  1.00593637e+00  1.01795184e+00  2.43507673e-03  1.00703164e+00
  1.48521554e-03  5.11545176e-03 -6.09141608e-03  1.00678219e+00
  2.18275243e-03 -7.98181966e-03  1.00957041e+00  1.00529774e+00
 -5.08918781e-03  1.84208277e-03  1.00949232e+00 -7.44598648e-03
  9.96805765e-01 -1.59594216e-02  3.66705987e-03 -9.43735948e-04
  6.07930150e-03  7.49038039e-03  9.99190907e-01 -2.77199572e-04
  1.00411335e+00  6.60829673e-03 -1.97673469e-03  1.91120025e-03
 -5.99746768e-03  9.93711425e-01  1.14943398e-03 -7.89451571e-03
  3.95388700e-03  9.97516019e-01  3.01899069e-03  1.72275196e-03
  1.60553437e-01 -4.07422088e-03 -6.85878061e-03  1.01380512e+00
 -2.29352080e-03  9.99610519e-03 -4.35368196e-03  6.77875116e-03
  1.32609918e-02 -5.20372226e-03  5.47821237e-03  9.98490034e-01
  9.99923339e-01  3.71545488e-03 -2.16077669e-04  1.00733006e+00
  5.26967279e-03 -6.38367715e-04  3.07198187e-03  9.92415664e-01
  2.00725049e-03 -8.26334999e-05  9.92192199e-01  1.00932158e+00
  1.44637780e-03 -4.42831298e-03  1.01297693e+00  9.92101173e-01
  1.00563283e+00  1.38229076e-03  3.17896353e-03  6.90265899e-01
  1.00260645e+00  1.00914419e+00 -9.90107055e-04  7.15709779e-03
 -1.02120159e-02  6.59722324e-04 -8.14337374e-03 -3.48669340e-03
 -1.59594216e-02 -7.25438928e-03  8.90805726e-04  2.64637217e-03
  6.51973226e-03 -5.05164682e-03 -2.01298096e-03  1.00732304e+00
  1.00388041e+00  7.36469912e-03  3.42349027e-03  9.96343671e-01
 -1.91290584e-04  2.73334894e-01  7.03527923e-04  6.09073092e-03
 -4.76011269e-03  1.12704855e-03 -5.37570816e-04 -1.32918428e-03
  6.25316867e-03 -6.06165273e-04 -2.80480220e-03 -3.34144864e-03
  1.00716459e+00 -2.02626948e-03  6.01306122e-03  9.38959041e-03
  7.12604005e-03  1.00462321e+00  7.48895488e-03  1.00485727e+00
 -4.10912277e-03  5.14121460e-01  1.52326531e-03 -1.65126758e-02
  1.00935768e+00  1.00647337e+00  3.12676427e-03  1.00989088e+00
  9.02050393e-03 -1.65729690e-03 -1.74377555e-02  1.84114364e-03
  3.61832220e-03  1.01207710e+00 -3.98399503e-03  6.41798791e-03
  1.00222077e+00  1.00870467e+00  4.47271940e-03  6.80301838e-03
  1.00226815e+00  1.00764559e+00  9.98788879e-01  7.99354594e-03
  9.94944726e-01  9.98173723e-01 -8.76013339e-03  9.93869796e-01
 -1.22174131e-02 -1.77420408e-02 -1.97917829e-04  1.78727903e-03
  3.67705275e-04  1.51037354e-01  8.76237422e-03  1.01185607e+00
 -8.13469388e-04  3.26747007e-03  1.00172352e+00 -2.00154389e-02
 -2.51493233e-03  1.01577032e-03  9.99155918e-01  4.34684061e-03
  2.97473789e-01 -6.71553755e-03  5.57185488e-03 -5.65410161e-03
  9.99970768e-01 -5.40484948e-03  1.00894001e+00  9.97863545e-01
 -4.02241372e-04 -8.02626587e-04  8.47179177e-03  3.35925747e-03
 -2.04392879e-03 -3.89775604e-04 -1.33304947e-03  9.95866316e-01
  1.01562375e+00 -1.92738375e-04  1.00202130e+00  1.00445038e+00
  1.00856438e+00  3.64571429e-03  9.99965328e-01  1.00316467e+00
  9.96016437e-01 -1.30559538e-02  1.00836695e+00  1.00194234e+00
 -1.11758160e-02 -9.81438622e-03  9.95712248e-01 -9.20383060e-03
  7.83032993e-03  2.48384978e-01 -7.63145909e-03  2.83340152e-01
  7.52269777e-01  6.09017953e-03  1.01246003e+00  1.00900118e+00
 -2.64636983e-03 -6.97069932e-03  2.18635307e-03  5.83223400e-03
 -9.47972823e-03 -3.75556242e-03  6.09540858e-03  1.43291314e-01
  1.00202066e+00 -1.74375629e-03  1.00677322e+00  2.19359825e-03
  6.99331590e-03  1.