[1.         0.         0.         1.         1.         1.
 0.         0.         0.         0.         1.         0.
 0.         0.         0.         1.         0.         0.
 0.         0.         0.         0.40441335 1.         0.
 1.         0.33340681 0.29829926 0.         0.         0.1238711
 1.         0.         1.         0.         0.         1.
 0.         0.         0.         1.         0.18824707 0.
 0.         0.46581651 1.         0.         1.         0.
 0.         0.         0.97553146 0.         0.         0.
 0.         0.         0.         0.         0.90870082 0.
 0.11876035 0.         1.         0.         0.         0.52800951
 0.         1.         0.         0.         0.         1.
 1.         0.         0.         1.         0.83279395 0.
 1.         0.         0.         1.         1.         0.
 1.         1.         0.14032817 0.         0.         0.
 0.         0.         1.         1.         0.         1.
 0.         1.         0.         0.         0.         0.
 0.         0.         0.         1.         0.         0.
 0.         0.         0.         1.         0.12811899 0.
 0.         0.         1.         0.         1.         0.76080067
 1.         0.19447569 0.         0.         1.         0.
 1.         0.         0.         0.         0.03307395 0.75813954
 0.         0.         0.         0.         0.         0.49056888
 0.         0.         0.         0.         0.         0.52067743
 1.         0.         1.         0.87225873 0.83442909 0.
 0.         0.         0.         1.         0.76373977 0.
 1.         1.         0.         1.         1.         0.
 0.         0.61932793 0.         0.         0.         0.65991323
 0.         0.         0.         0.         1.         1.
 1.         0.         0.         0.         0.         1.
 1.         0.         1.         0.         0.84125686 0.
 1.         0.         0.72621286 0.19748638 1.         0.
 0.         0.         0.         0.         0.         1.
 0.         0.         0.         0.         0.         1.
 0.         0.         1.         0.         1.         0.
 0.         1.         0.         0.         1.         0.
 0.         0.79623732 0.48744547 0.         0.         1.
 0.         0.         1.         0.         0.         0.
 0.         0.         0.         0.         1.         0.
 0.         0.         0.         0.         0.         0.
 1.         0.         0.         0.         1.         0.
 0.         1.         1.         1.         0.         1.
 0.         0.         0.         0.         0.         0.
 0.         0.         0.         0.         0.         0.
 1.         0.         0.         0.         1.         1.
 0.         0.         1.         0.         1.         0.
 0.90880687 0.         0.         0.         1.         0.
 0.         0.         0.         0.27374955 0.         0.
 0.         0.9450071  0.         0.         0.         1.
 1.         0.47555853 0.79217875 0.11277356 0.         1.
 1.         0.         0.         1.         0.70949509 0.98735192
 0.         0.         1.         1.         0.0980163  0.
 0.         0.         0.         0.         1.         0.
 0.         0.         0.08832472 0.21865226 1.         0.
 0.         0.         0.         0.         0.         0.97770552
 1.         0.7793858  0.         0.         0.         0.
 1.         1.         0.15054818 0.         0.         1.
 1.         1.         0.         0.         1.         0.
 1.         0.         0.         0.         1.         0.
 0.7305103  0.         0.         0.         0.         0.
 0.         1.         0.         0.         0.909292   0.
 1.         0.         0.         0.         0.         0.
 0.         0.85468283 0.         0.         1.         0.
 1.         0.         0.         0.         0.09138302 0.01464937
 0.         0.         0.         0.         0.         1.
 0.         0.36166358 1.         0.         1.         0.
 0.74938106 1.         0.         0.         0.         0.
 0.         0.         1.         0.         0.         0.
 0.44630441 0.95148437 0.         0.         0.07126212 0.
 0.24925422 0.14811461 1.         0.         0.         0.
 1.         0.         1.         0.         0.         0.
 0.         1.         0.         0.         1.         0.
 0.         0.9407484  0.         0.         0.         1.
 1.         1.         0.         0.         0.         1.
 0.         0.         0.         1.         0.93929727 0.
 0.         0.         0.         0.         0.         0.
 1.         0.         0.         1.         0.         0.
 0.         0.         0.         0.         0.         0.
 1.         0.         1.         1.         1.         1.
 0.         0.         0.         0.         0.         0.22294525
 0.         0.         0.54925295 0.         1.         0.
 0.         0.         0.         0.87363929 0.         0.
 0.         1.         0.         0.         0.         0.
 0.         0.         0.         0.83611081 0.         0.
 0.         0.         1.         0.         1.         0.06480297
 1.         0.         0.         0.         1.         0.
 0.         0.         0.         0.         1.         1.
 0.         0.         1.         1.         0.97797803 0.50479405
 0.1067424  0.         1.         0.         0.         1.
 0.4345617  0.         0.         0.         0.         0.
 0.         0.         1.         1.         1.         0.
 0.         0.         0.         0.         1.         1.
 0.16918321 0.6317604  0.         0.0098131  1.         1.
 0.         1.         1.         0.         1.         0.
 0.79550508 0.         0.         0.         0.         0.
 0.         1.         0.         0.29923196 1.         0.
 0.         0.         0.         0.         0.65997165 0.
 0.         1.         1.         0.         0.85947018 0.
 0.         1.         0.         0.         0.         1.
 0.         0.         0.         1.         0.64513087 