[0.         0.         1.         0.         1.         0.
 0.         0.         0.76995814 1.         1.         0.
 1.         0.         1.         0.         0.         0.
 0.         1.         0.         0.         0.         0.81144466
 1.         0.         1.         0.         0.         1.
 0.         0.         0.         0.         1.         0.
 1.         1.         1.         0.         0.         0.
 1.         0.         0.         0.         0.         1.
 0.         1.         0.         0.         0.         1.
 0.         0.         0.         1.         0.         1.
 0.         0.         0.         0.         0.         1.
 1.         1.         0.         0.         0.         1.
 0.         1.         1.         0.         0.         1.
 1.         0.         1.         1.         0.49525467 0.
 0.         0.         1.         0.         0.         1.
 1.         0.         0.         0.         0.         1.
 1.         0.18672373 1.         1.         1.         1.
 0.         1.         0.         0.         0.38343796 0.
 0.         0.         0.         0.         1.         0.
 1.         1.         0.         0.         0.         0.
 0.         0.         0.         0.         1.         0.
 1.         0.         1.         0.         1.         0.
 0.         0.         1.         0.         1.         0.
 0.         0.         1.         1.         0.         0.
 0.         0.         0.         1.         0.         0.
 1.         1.         0.         0.         0.         0.
 0.         0.         0.         0.         0.         0.
 0.         0.         0.         0.         0.         0.
 0.         0.         0.         0.         0.         0.
 0.         0.         0.         0.         1.         1.
 0.         1.         1.         1.         0.         1.
 0.         1.         1.         0.         1.         1.
 0.         0.         0.         1.         0.         0.
 0.         0.         0.         0.         0.         0.
 1.         1.         0.         0.         0.         0.
 1.         0.         0.         1.         1.         0.
 0.         0.         0.         0.         0.         1.
 1.         0.         0.         1.         0.         0.
 0.         0.         1.         0.         0.         0.
 0.         1.         0.         0.         0.         1.
 1.         0.         0.         0.         0.         1.
 1.         1.         1.         0.         1.         0.
 0.         0.         0.85145939 0.         1.         0.
 0.         0.         0.         0.         0.         0.
 0.         0.         0.         1.         0.         0.
 0.         0.         1.         1.         0.         0.
 0.         0.         0.         0.         0.         0.
 1.         0.         0.         1.         0.         1.
 0.         0.         0.         0.         0.         1.
 0.         0.         0.         1.         0.         1.
 0.         1.         1.         0.         1.         0.
 1.         0.         0.         1.         1.         1.
 1.         0.         0.         0.         0.         0.
 1.         0.         0.         0.         1.         0.
 0.         0.47805519 1.         0.         1.         0.
 1.         0.         0.         0.         1.         0.
 0.         0.         0.         0.         1.         1.
 0.         0.         0.         0.         0.         0.
 0.         0.         0.         0.         0.         0.
 0.         0.         0.         1.         0.         0.
 0.         0.         0.         1.         0.         1.
 0.         0.         0.         0.         0.         0.
 0.         0.         0.         0.         0.         1.
 0.         0.         1.         0.         0.         1.
 0.         1.         0.         0.         1.         0.
 0.         1.         1.         0.         0.         1.
 0.         0.         1.         0.         1.         0.
 0.         0.         0.         1.         0.         0.
 1.         0.         0.         0.         0.         1.
 1.         1.         1.         1.         1.         0.
 1.         0.         0.58474004 0.         0.         0.
 0.59082897 0.         0.         1.         0.         1.
 1.         0.         0.         0.         1.         0.
 1.         0.         0.         1.         0.         1.
 0.         1.         0.         0.         0.         1.
 0.         0.         0.         0.         0.         0.
 1.         0.         0.         0.         0.         0.
 0.         0.         0.         0.         1.         0.
 0.         0.         0.         1.         0.         0.
 0.63565539 0.         0.         1.         0.         1.
 0.         0.         0.         0.         0.         0.
 0.         0.         0.         0.         1.         0.
 1.         0.         0.69042451 0.         0.         0.
 1.         0.         0.         0.         0.         0.
 1.         1.         0.         0.         0.         1.
 0.         1.         0.         0.         0.         0.
 0.         0.         0.         1.         0.         0.
 0.         0.         0.         0.         0.         0.
 0.         1.         0.         0.         1.         0.
 0.         1.         1.         0.         0.         0.
 0.         0.         0.         0.         0.         0.
 0.         1.         1.         0.         0.         0.
 1.         1.         0.         0.         0.         1.
 0.         0.         1.         0.         1.         0.04250449
 1.         0.         0.         0.         0.         0.
 0.         0.         1.         1.         0.         1.
 1.         0.         0.71739805 0.         0.         1.
 1.         0.         0.         0.         0.         0.
 0.         1.         0.         1.         0.         0.
 0.         0.30359623 0.         1.         0.         1.
 0.         0.         0.         0.         1.         0.
 0.         0.         1.