[-0.01124173  1.00218698  0.99883827 -0.01141229  1.00496639  1.00286652
  0.99431701  1.00544904  0.99779027  1.00151201  1.00468298  0.9972379
  1.00772417 -0.01601421  1.00712335  1.00269998  0.99231976  1.00655509
  0.99830324  0.99870337  1.01129373  1.00714714  0.99378182  1.00650109
  0.99653549  1.00837045  0.99369477  1.00913707  1.00072262  1.00677237
  1.00783308  1.01354638  1.00254543  1.00375464  0.99463495  1.00332215
  1.00481307  0.99981182  0.99702906 -0.01579136  1.00824938  0.99988994
  1.00202847  1.0118146   1.00804     1.00543101  1.00533233  0.99108022
  1.01109533  1.00502531  1.00568155  0.99965008  1.00199927 -0.01140569
  1.00039897  0.99635972  1.00547751  0.99576791  1.00346484  0.99214106
  1.00232211  0.9923704   0.99839152 -0.00956326  1.00111835  1.00436469
  1.01139587  0.99477705 -0.00958862  1.00684085  1.00626484  0.99754142
  1.01049419  1.01300424  1.00407738  1.00736074  0.99651243  1.00713055
  1.00008539  1.00044124 -0.01110967  1.00999861  1.00408977  0.99476623
 -0.00966751  1.01552464  0.9976888   0.996738    0.9998133   1.00539804
  0.9956981   0.99826407  1.00687708 -0.01495392  1.0089228   0.99863164
  1.00581982 -0.01059031  1.0081404   1.00658528  1.00400599  1.0127413
  1.0034423   1.00065917  1.00524108  1.00203465  0.99462623  1.00079839
  1.00798004  1.00122319  1.0139217   1.01118893  0.99576556  1.00563111
  1.00502893  1.0053161   1.00490929  1.00367778  1.00766171  0.99877262
  1.0013497  -0.01023189  1.00285451  0.99682643  1.00198545  1.00598739
  1.00167144  0.99760542  0.9985184   1.00802131  1.00828401  1.00715763
  0.99177092  1.00475668  1.00446216  0.99708548  0.99287684  0.99711439
  1.00265138  1.00680798  1.01028554  1.00761476  1.00253412  1.01032329
  1.00962832  1.00752697  1.00488462  0.99933734  1.00270935  0.99824626
  1.00813952 -0.01106609  1.01379776  1.01021164  1.00664675  0.99218846
  0.99311018  1.00573774  1.01511263  1.00892153  1.0050812   0.99614133
  1.01033784  1.0107833   0.99972867  1.00973853  1.0081725   1.00475849
  1.00632492  0.9968872   0.99696778  1.00094959  1.00053867  0.99328567
  0.99525998  1.00541823  1.00769826  1.0065594   1.00385277  1.00254742
  1.00119527  0.99489076  1.00433662  1.00609193  0.99551504  1.00021628
  1.00154318  1.00758053  1.0084597   1.00032071  0.9945437   0.99826743
  0.99708743  0.9930563   1.00419484  0.99939187  0.99327783  1.00370775
  0.99972082  0.99907496  1.00216332  1.00148596  0.99130057  1.00963112
  0.99155511  0.9951889   1.00116032  1.00313658  1.00292778  1.00264063
  1.00657693  0.99319825  1.01056291  1.01208164  0.99958803  1.00602964
  1.0055564   0.99596826  1.01160635  1.00491066  1.00291609  1.00586823
  0.99871498  0.99318845  1.00437411  1.01443723  0.99963037  1.00443909
  1.00191593  0.99928166  0.99810443  1.00402454  1.0032412   1.00686843
  0.99816152  1.00746941  1.01081106  1.00080592  0.9971238   1.00416152
  1.00247428  0.99709911  1.003381    0.99830343  1.0076919   0.99642702
  1.00895758  1.00795781  1.00856714  0.99995879  1.01577589  1.00679274
  1.00552519  1.00953364  0.99244464  1.01320095  0.9935363   0.99941263
  1.00552404  1.01242104 -0.00950878  1.00818178  1.00694111  0.99748162
  1.00354285  1.00676921  0.99875307  1.00588801  1.00350618  0.99943943
  1.00599417 -0.01230955  1.01050091  1.00199842  0.99285533  1.00154307
  1.00170776  0.99458378  1.00470559  1.00389164  1.00848252  1.01342901
 -0.02076993  0.99853134  1.00384862  1.00263389  1.00923585  1.00803079
  1.01278346 -0.00948076  0.99693367  1.00449575  1.00946809  1.00664875
  1.00191997  1.00989382  1.00502145  0.99591911  1.00552291  0.99349722
  1.005811    1.00338777  1.01028718  0.99367835  1.00830007  1.00645682
  0.99632634  1.00879504  1.0048838   1.01444062  1.00350766  1.00006319
  1.00929408  0.9993534   1.01081013  1.0033946   1.00144288  1.00634142
  1.01376225  1.0085476   1.00898991  1.00368862  0.99597979  1.00578168
  1.00785446  1.00794873  0.99618944  0.99492915  0.99986954  0.99950187
  0.99506322  1.01188948  1.00170218  0.99628543  1.01507995  0.99230548
  0.99712849  0.99665216  1.00744836  0.99065825  1.00956552  1.00678363
  1.01389239  1.00906088  1.0068457   0.99965971  1.0078209   1.0020731
  1.00909179  1.0150265   0.99160859  1.00404475  1.00316699 -0.01231109
  1.01220923  1.00707576  1.00621988  1.00419497  1.00130311  0.99861142
  1.00430965  0.99573758  0.99465497  1.00856654  1.00036553  1.00421731
  1.01225264  1.00903008  1.00771581  1.00054413  0.99638176  1.01259974
  1.00631118  1.0039199  -0.00945361  0.99998822  1.00683521  0.99894926
  1.00724961  0.99971331  0.99673591  0.99699623  1.0003953   0.9979461
  0.99120599  1.00189197  1.01017983  0.99393169  1.00300485  1.00489933
  1.00379678  0.99075938  1.00177074  1.00576895 -0.01384526  0.99393377
  1.00277703  0.99654169  1.00867911  0.99611979 -0.01014261  1.00361818
  1.00950767  1.00656566  1.00604972  1.00776653  1.00327302  0.9951138
  1.00686964  0.99924101  0.99621397  1.00999073  1.00236713  1.00931578
  1.00972013  1.00598493  0.99708268  1.00579919  0.99817275  1.00134653
  1.00069362  1.0043372   0.99900948  1.00501777 -0.02061603  1.00363587
  1.00620671  0.99223997  1.01512077  0.9907377   1.0073534   1.00929574
  1.00503641  1.01017432  1.00853495  1.00384956  0.99459492  0.99963602
  1.00396552  1.00105739  0.9970345   1.00526954  0.99595146  1.00742942
  1.00195154  1.00865239  0.9988718   1.00128189  1.00993399  1.00622009
  0.99127528  1.00360367  0.9995086   1.00536606  0.99798313  1.00630371
  0.99327896  1.00919109  1.00236839  1.0048886   0.99938304  0.995429
  1.0069847   0.99516596  1.00076679  1.00629242  1.01033669  1.00339691
 -0.0164166   1.00142757  0.99679981  0.99301519  1.00353402  1.00712434
  1.0073732   1.00258763  0.9911337   1.00010272  1.00487364  1.00697031
  1.00489377  1.00372985  1.00334221  1.00225329  1.00573973  1.0058905
  0.9925641   1.00650388  1.00162632  0.99467888  1.00941414  0.99585674
  1.00427445  0.994948