[0.0078329  0.96448088 0.62849873 0.33924052 0.99193549 0.
 1.         0.89866668 1.         0.01075269 0.87397259 1.
 0.95161289 0.95442361 0.16085792 0.99729729 0.21388888 0.81305641
 0.         0.90533978 0.83565462 0.         0.70478725 0.04166667
 0.14615385 0.         0.07458564 0.99450547 0.0026738  1.
 0.01388889 0.96816975 0.         0.26133335 0.99147725 0.42894736
 0.00271739 0.11369509 1.         0.28165373 0.         0.
 1.         0.99740261 0.11227154 0.85411143 0.11494253 0.83195591
 0.48710603 0.88055557 0.99452055 1.         0.16756757 0.64420485
 0.02216066 0.04899136 0.03733333 0.98153037 0.03571429 0.1408046
 0.85444742 1.         0.1631579  0.02240896 0.04461942 1.
 1.         0.98300284 0.36494252 0.         0.         0.8151899
 0.96758103 1.         0.59358287 0.98969072 0.38287154 0.99439776
 0.64397907 1.         0.89017344 0.94133335 1.         0.20110193
 0.66226912 0.99447513 1.         0.         0.99735451 0.94710326
 0.97820163 0.89002556 0.8604061  0.         0.84615386 0.99740261
 0.96596861 0.98480242 0.85405403 0.80939227 1.         0.88283378
 0.98373985 1.         0.         0.0630137  0.77093595 0.1025641
 0.         0.00529101 0.04312668 0.00278552 0.98481011 0.17302799
 0.03561644 0.9285714  0.00761421 0.         0.08423913 0.95945948
 0.00273973 1.         1.         0.         0.94864863 0.31301939
 0.97002727 0.97409326 0.39572191 0.02307692 1.         1.
 0.32947975 0.99727523 0.47272727 0.625323   1.         0.
 0.52234638 0.0298103  0.79831934 1.         0.         0.75977653
 0.33048433 0.06914894 0.         1.         0.49712643 0.50938338
 0.01966292 0.95580113 0.00243309 1.         0.33427763 0.66141731
 0.         0.42535213 0.11051213 0.93103451 0.99726778 0.0786802
 0.30809399 0.56703913 0.         0.26050422 0.47814909 0.95890409
 0.42553192 0.44686648 1.         0.         0.         0.95300263
 0.99178082 1.         0.97002727 0.         0.92391306 1.
 0.99147725 0.93956041 1.         0.74677002 0.23097113 1.
 0.99411762 0.88861984 0.78932583 0.61012655 0.98637605 0.86410254
 0.98921835 0.01396648 0.83798885 0.40773809 0.         1.
 0.         0.         0.0027248  0.         0.29945055 0.99737531
 1.         0.62953371 0.55585831 0.99436617 1.         0.
 0.0027933  0.99719888 0.9921875  1.         0.00271739 0.47765362
 0.         0.94133335 0.00849858 0.12103746 0.02279202 0.59598851
 0.99728262 0.79781419 0.61621624 0.97808218 0.90488434 1.
 0.08625337 0.99734747 0.94101125 0.91970801 0.82506526 0.86015832
 0.8345679  0.41624364 1.         0.085      0.95212764 1.
 1.         0.45244956 0.84593838 0.20481928 0.96083552 0.98378378
 1.         0.98128343 0.56603771 0.98118281 0.99728996 0.92265195
 0.75064933 0.72549021 0.71270716 1.         0.96883851 0.01114206
 0.04904632 0.99117649 0.04166667 0.96610171 0.85969388 1.
 0.7844156  0.00259067 0.95923913 0.04043127 0.00857143 0.9887324
 0.23393317 0.22252011 0.49562684 0.94765842 0.         0.99738902
 0.70845479 0.59891599 0.57526881 0.65951741 0.75616437 0.99178082
 1.         0.         0.91642654 0.94508672 1.         0.38560411
 0.         0.01355014 0.4417344  0.00280899 0.78474116 0.43307087
 0.         1.         0.45967743 0.93193716 1.         0.87150836
 0.5289256  0.31179774 1.         0.00817439 0.87027025 0.83285302
 1.         1.         0.7279793  1.         0.95249999 0.44
 0.74934036 0.94722956 1.         0.21333334 0.         0.95923913
 0.93455499 0.14470284 0.67195767 0.97707736 0.95844877 0.
 1.         0.6234414  0.09090909 0.93139839 0.99722224 0.86842108
 0.7723785  0.         0.65768194 0.96508729 0.98888886 0.5
 0.77173913 1.         0.01344086 0.80167598 0.86666667 0.99728996
 0.86274511 0.71191138 0.58187133 0.94147581 0.         1.
 1.         0.99441344 0.160221   0.94778067 0.99715906 0.99195713
 1.         0.86486489 0.81944442 1.         0.58900523 0.72941178
 0.19241193 0.25       0.60152286 0.49709302 0.00573066 0.
 0.99479169 0.97527474 0.6748634  0.05263158 0.59154928 0.97282606
 1.         0.29651162 0.         0.05898123 0.         0.17630854
 0.8416422  1.         0.41032609 0.38057742 0.00547945 0.99729729
 0.         0.47323942 1.         0.95202023 0.75826973 1.
 1.         0.94794518 0.94910944 0.48412699 0.61398965 0.00284091
 0.94933331 0.98866856 0.99727523 0.66475642 0.99469495 0.
 0.         0.47208121 0.         1.         0.74011302 0.93066669
 1.         0.37866667 1.         0.66754615 0.33141211 0.01340483
 0.88857144 1.         1.         0.         0.67741936 0.92183286
 1.         0.33952254 1.         0.12365592 0.82051283 0.93814433
 0.60109288 0.32402235 0.98421055 0.98961037 0.         1.
 0.40935671 0.30726257 0.         0.97464788 0.06756756 0.49729729
 0.47668394 0.168      0.67567569 0.79665738 0.98697919 0.45292622
 0.97982711 0.94750655 0.28831169 0.51741296 0.         0.99723756
 0.00533333 0.76178008 0.69168901 1.         0.06122449 0.00831025
 0.99416912 0.96850395 0.0878187  0.50393701 0.         0.13114753
 0.85863876 0.65340906 0.99212599 1.         0.41011235 1.
 0.78706199 0.00289017 0.96010637 0.95833331 0.01108033 0.72192514
 0.95549738 0.         0.11956522 1.         0.99715102 0.98285717
 0.6898396  1.         0.96685082 0.45628417 0.85915494 0.96590906
 0.69209808 0.23955432 1.         0.39830509 0.98933333 0.91644204
 0.99127907 0.         0.81351352 0.94736844 1.         0.01917808
 0.98904109 0.64507043 0.08635098 0.         0.96408838 0.86470586
 0.09921671 0.04166667 0.         0.01714286 0.45125347 0.99705017
 0.14814815 0.03217158 1.         1.         0.20949721 0.63483149
 0.96495956 0.         0.         0.82535213 1.         0.11271676
 0.9972145  0.54324323 0.94010419 0.64829397 0.98630136 0.16402116
 0.81844378 1.         0.         0.         0.91598916 0.03835616
 0.04935065 1.         0.98191214 0.62864721 0.99473685 1.
 0.98157895 0.61315787 0.2172702  0.99435025 0.46242774 0.83620691
 0.91689008 0.87228262 0.44215938 0.46839079 0.         0.01319261
 0.03380282 0.83466667 0.19154