[3.71198235e-01 3.00423128e-01 2.00327556e-01 3.63215277e-01
 1.55734023e-01 7.64301969e-01 3.97034386e-01 7.76071638e-01
 4.35844729e-01 8.63505113e-01 7.00279451e-01 1.58485915e-01
 2.01526383e-01 9.34221191e-02 8.42951448e-01 9.13790426e-01
 1.56402646e-01 2.23727264e-01 3.14746333e-01 2.78373427e-01
 4.58654251e-01 5.69767238e-01 6.36043395e-01 8.51748270e-01
 3.97568735e-01 3.73291026e-02 4.16534920e-02 8.06044429e-01
 1.15483825e-01 6.90573962e-01 9.67042976e-01 5.87847711e-01
 5.56448497e-01 3.32064779e-01 3.62378603e-01 6.18964778e-01
 6.56128755e-01 9.32642974e-01 6.09573998e-01 9.32381377e-01
 3.36849931e-01 9.17241265e-01 9.13503475e-01 3.58261581e-01
 4.29990404e-01 1.73015750e-01 8.77189820e-01 3.10464357e-01
 7.29126380e-01 5.63224464e-01 6.62709859e-01 1.69565986e-01
 8.46741094e-01 7.68009739e-01 4.04292350e-01 9.87903181e-02
 8.65634000e-01 2.81003127e-01 9.80015142e-01 9.32493140e-01
 9.57872583e-01 1.50300015e-01 4.90038785e-01 8.52409352e-01
 2.93716509e-01 1.39437740e-01 5.37217615e-01 5.44773565e-01
 8.02114296e-01 5.06754616e-01 7.22202993e-01 1.97619308e-01
 9.60227194e-01 1.81528118e-01 6.91284683e-01 6.76550804e-01
 5.10806868e-02 1.20898466e-01 3.31996512e-01 8.58280045e-01
 8.49088343e-01 8.71658330e-01 3.47689669e-01 7.83235447e-01
 1.85906949e-02 9.66255251e-01 1.69511596e-04 3.70774875e-01
 3.90399762e-01 7.68108590e-01 4.31191136e-01 6.93693646e-01
 6.74481506e-01 3.59065150e-01 1.80504835e-01 7.57527273e-01
 8.54430366e-01 7.74623864e-01 8.59290440e-01 6.05044817e-01
 4.93134906e-01 7.73689342e-01 2.33065459e-01 3.43553949e-01
 2.58774648e-01 2.34002329e-01 1.29742027e-02 4.14158340e-01
 1.16733738e-01 6.08939721e-01 6.45120291e-01 4.70062938e-02
 2.20846889e-01 6.29940351e-01 3.71304943e-01 7.39557503e-01
 9.07215674e-01 4.16255405e-01 1.79069350e-01 4.19211081e-02
 7.60413155e-01 5.32854746e-01 3.16687196e-01 6.61514366e-02
 2.00745309e-01 1.23353400e-01 5.61296063e-02 1.95647263e-02
 9.57061379e-01 9.92266705e-01 2.07091907e-01 5.88811158e-01
 3.59513203e-01 7.21533016e-01 2.81146507e-02 9.72504574e-01
 3.02901187e-01 2.37187363e-01 5.34220403e-01 5.67440044e-01
 3.82637450e-01 6.37998082e-01 9.04797556e-01 5.11468825e-01
 2.68794186e-03 4.04808835e-01 3.90742169e-01 3.88637950e-01
 9.33904542e-01 3.78707471e-01 2.64134535e-01 5.98563520e-01
 1.47563344e-01 6.85844849e-01 1.45554345e-01 9.66990699e-01
 8.68936242e-01 9.68073648e-01 3.38670655e-01 2.64528420e-01
 2.94423509e-01 5.11587198e-01 9.77003608e-01 3.16281779e-01
 1.52206122e-01 2.33980847e-01 5.48334615e-01 3.65273399e-01
 7.97957782e-01 4.20434461e-02 9.07301908e-01 8.15883846e-01
 6.74631362e-01 4.38078142e-02 3.73341527e-01 3.28469025e-01
 3.33215026e-01 6.20032903e-01 7.06369052e-01 1.59915048e-01
 4.14469349e-01 7.24779105e-01 4.15312438e-01 2.76355085e-01
 8.91587147e-01 9.21820101e-01 2.43834426e-01 9.12954443e-01
 6.66220570e-01 5.94960389e-01 1.28527168e-01 4.26779593e-01
 3.27438864e-01 1.99760250e-01 9.18559029e-02 3.56387836e-01
 6.09684847e-01 2.49052339e-01 5.33649009e-01 4.80898224e-01
 7.94923293e-01 1.22631353e-01 1.64735319e-02 9.70093167e-02
 1.90428116e-01 9.16420602e-01 4.81903106e-02 8.36055961e-01
 7.12576906e-01 1.45704054e-01 1.99434586e-01 1.12246905e-01
 4.70756161e-01 8.80042329e-02 5.15819291e-01 7.56895640e-01
 4.71316324e-01 9.11432693e-01 4.79540344e-01 1.11663692e-01
 3.47336193e-01 1.72968583e-01 3.31934239e-01 9.31553118e-01
 1.93337019e-01 6.73510834e-01 3.93741744e-01 1.02991927e-01
 3.81138412e-01 2.25549645e-01 3.00595619e-01 7.57995137e-01
 9.05991889e-01 9.32633080e-01 3.98271610e-01 2.31903181e-01
 5.00361745e-01 6.03624309e-01 4.24647074e-01 1.84280364e-01
 2.35680642e-01 1.17911790e-02 1.02727485e-01 3.80423853e-01
 1.04712662e-01 4.69566496e-01 6.52366019e-01 8.33290812e-01
 1.72946932e-01 3.95741663e-01 1.87398438e-01 3.91981610e-01
 9.06640312e-01 3.35608331e-01 7.79062656e-01 1.39375959e-01
 8.10959888e-01 8.01473975e-01 9.25180950e-01 2.41543855e-01
 6.41769881e-01 7.01557850e-02 4.90377440e-01 8.51904281e-01
 4.22550306e-01 4.07894810e-01 2.92063577e-03 3.18706067e-01
 8.30181555e-01 4.17791650e-01 9.82754117e-01 7.78968681e-04
 1.29478317e-01 2.53230536e-01 6.12853021e-01 1.05925907e-01
 4.33355610e-01 2.59976970e-01 5.39308624e-02 3.29002565e-01
 7.55438934e-01 3.21111429e-01 9.49732524e-02 4.75104454e-01
 8.59213627e-01 4.71758988e-01 3.17448027e-01 3.77127109e-01
 1.64524439e-01 6.68074234e-02 7.78844428e-01 6.38871811e-01
 1.01572188e-01 3.96665117e-01 3.67679994e-01 3.10489392e-01
 6.05498634e-01 7.37935574e-01 3.46133681e-01 4.70717368e-01
 4.59791172e-01 5.53963748e-01 4.99360616e-01 4.35465289e-01
 5.00089003e-01 5.75168002e-01 8.22650627e-02 5.25894667e-01
 4.55242987e-01 3.62164085e-01 7.58440118e-01 8.20165238e-01
 3.61710471e-01 3.16895561e-01 6.20391929e-01 6.16909529e-01
 1.03699680e-01 6.06778841e-01 4.84931042e-01 4.04693549e-01
 3.12403627e-01 8.72510963e-01 4.72388722e-01 6.25146823e-01
 6.53452806e-02 2.70527219e-01 5.99360502e-01 2.54104789e-01
 1.66241604e-01 3.17158812e-01 9.26543810e-01 5.03393117e-01
 9.23069355e-01 3.44202870e-01 5.49872983e-01 4.65323335e-01
 6.72722649e-01 1.83082070e-01 9.93201216e-01 8.58543487e-03
 3.46393139e-01 6.21690424e-01 4.35070980e-02 7.71191924e-01
 3.07718064e-01 7.53691882e-01 1.22755424e-01 5.22981961e-01
 8.62643212e-01 9.00024250e-01 6.05327594e-01 1.38919502e-01
 3.13826713e-01 5.56425552e-01 6.58883793e-01 2.62059633e-01
 1.29249958e-01 1.78727081e-01 7.15242078e-01 6.07994588e-01
 9.11610441e-01 7.10060331e-01 3.15135469e-01 3.89854406e-01
 9.66072694e-01 5.52678836e-02 4.90961166e-02 2.86617803e-01
 4.30868695e-01 9.72720488e-01 7.54680143e-01 9.52761513e-01
 8.86822866e-01 9.21649493e-01 3.83383852e-01 7.56882402e-01
 9.41264914e-01 7.90557272e-01 6.21924356e-01 2.44948863e-01
 7.49737025e-01 9.87816598e-01 4.87367296e-01 7.92692787e-01
 3.52896496e-01 1.48448110e-03 2.20757576e-01 9.83532975e-01
 7.05349279e-01 5.42512731e-01 9.44340766e-01 2.34495873e-01
 3.26952216e-01 1.1811