[-1.21236832e-03  5.14658122e-04 -4.85710323e-04 -3.84119057e-04
 -3.92650620e-04 -6.10907813e-04  1.13070510e-03 -2.50690903e-04
  2.53338602e-04  1.44167647e-03  4.66683517e-04 -1.14840581e-04
 -1.28583864e-03 -4.78954282e-04  9.38935307e-04  7.65356525e-04
  8.18701261e-04 -4.09197984e-04  6.69708491e-04  8.50900510e-04
 -1.23682496e-03 -7.60524665e-04 -1.28201703e-04 -8.87999296e-04
 -7.14792701e-04 -4.71985869e-04 -1.41948760e-03  1.23205520e-03
  3.13239641e-04 -7.54673127e-04  2.93558280e-04  5.05636114e-05
  3.91999722e-04  1.20282595e-03 -8.43190882e-04 -5.52657235e-04
 -3.62665660e-04  1.73787083e-04  1.25394176e-03 -2.64089753e-05
 -1.46666255e-03 -2.21474879e-04  1.34490499e-03 -3.35978909e-04
  1.19281481e-03  3.84117864e-04 -8.05814639e-04  5.62106199e-05
  2.59042204e-06  5.97320093e-04 -5.36139944e-04  1.07502924e-03
  3.98216316e-05 -4.53436689e-04 -3.33653400e-04  3.99998665e-04
  2.87977322e-04 -3.95126231e-04  4.11056827e-04  2.96040301e-04
  2.67610222e-05  7.81347543e-04  7.52058889e-04 -1.43761671e-03
  2.97261347e-05  1.86628655e-04  4.02800291e-04 -1.07732898e-03
  9.28066835e-04 -1.85066534e-03  6.93344748e-04 -5.35310643e-04
  7.76058728e-04 -4.78977024e-05  7.95767938e-04  1.87180631e-04
  7.49345681e-04  3.98110268e-04  5.92821074e-04 -3.17914051e-04
 -1.49315831e-04 -1.50135069e-03  4.05345635e-04 -8.34659335e-04
 -2.98730325e-04  5.42956761e-04 -2.26743742e-04  7.23018122e-04
  1.62934072e-03  7.28751438e-04  6.38156681e-04  2.77348960e-04
  4.64004553e-04  1.12129813e-04 -2.24168248e-04 -2.99149372e-04
 -1.73388388e-04 -8.98811118e-04 -4.24149745e-04  5.58341967e-04
 -8.70793899e-04 -9.59728821e-05  9.22682194e-04  1.01645887e-03
 -3.38692847e-04  2.22425707e-03  2.77345102e-04  5.05269560e-05
 -1.94690489e-04  1.02508159e-03  7.09430365e-04  7.75540479e-04
 -5.46699123e-04 -1.31999993e-03  7.54797140e-04  6.48742953e-04
 -4.74684505e-04  1.53640145e-03  2.97242214e-05 -9.60703682e-04
  4.03524716e-04 -5.86052099e-05 -4.51868001e-04  7.21039605e-05
  1.81326876e-04  2.05832946e-04 -1.05929913e-03  6.83973166e-04
  6.29343959e-04  4.53133604e-05  1.60059668e-04 -1.17523246e-03
 -2.09334718e-03 -6.29340860e-04  2.37640796e-03  1.24631404e-03
  1.30810196e-03 -3.86758160e-04  1.33331407e-04  6.40303203e-04
  6.58665119e-04  2.82922392e-04 -7.63153174e-04 -1.04585786e-03
  5.22657451e-04 -5.05813841e-05 -2.24041194e-04 -1.97346288e-04
  1.98435035e-03 -4.08000946e-04 -5.01732931e-04 -8.66658336e-04
 -5.06772908e-04  5.89322452e-04  3.28000069e-04  5.73345813e-04
  4.10696171e-04 -5.18284400e-04  5.58743344e-05  5.91987929e-04
  1.21937336e-03  1.89627438e-03 -5.92514142e-05 -2.05833662e-04
  1.95801457e-03  4.32236083e-04 -3.36323195e-04  2.56179877e-04
 -8.27271410e-05 -1.11500633e-03  1.70510998e-03  2.13618730e-04
 -5.28000116e-04 -1.21611176e-03 -1.32806539e-03 -1.11733006e-03
  1.05642232e-05  1.70903804e-04 -5.30658813e-04 -4.82685970e-04
  2.64043073e-04  3.46566595e-05 -1.30407952e-03 -1.61006508e-05
  3.49459390e-04 -3.41575916e-04 -1.38667058e-03  1.17095449e-03
  1.47272224e-03  2.23894147e-03 -8.18098162e-04  3.04777026e-04
  9.22658316e-04  3.12306332e-04 -8.05425470e-04  2.48907923e-04
  9.69031146e-04 -9.55953675e-04 -1.28002339e-04  6.14646150e-05
  1.08960466e-03 -2.40040372e-04  1.37110834e-03 -7.23383653e-04
  1.04800587e-03 -3.76497381e-04  2.08024985e-04 -2.37316345e-04
  7.99996793e-04  1.04697552e-04 -2.48314678e-04 -4.72142808e-04
 -4.05485977e-04  1.01096558e-03  1.00360308e-03 -1.07466030e-03
  3.01726938e-04 -2.02692183e-04  6.18807799e-04  1.60899396e-04
 -5.57346193e-04 -7.93623485e-04  3.04433927e-04 -1.04572193e-03
 -5.52191223e-04 -4.66745355e-04  7.44001150e-04  2.13452277e-05
  2.48514215e-04 -3.76088716e-04  1.29366198e-03 -9.78684819e-04
  1.18133098e-03  1.22609030e-04 -5.05185673e-04 -5.13786637e-04
  9.06305944e-05  9.95199091e-04 -8.10652301e-04  2.74645965e-04
 -5.28140326e-04  9.92078805e-04 -4.10650294e-04 -6.26782172e-04
 -1.40535083e-03  1.91794979e-03  8.56187395e-04  4.99968448e-04
 -4.53345924e-04 -9.36198840e-04  9.89378904e-04  7.66037691e-04
  7.58694448e-04 -8.05120135e-04  5.32615331e-05 -1.53558809e-03
 -5.65625606e-04  6.96163789e-04 -8.37324896e-04 -2.50751904e-04
 -4.10694264e-04  1.42146769e-03  6.85543939e-04  3.59987337e-04
  3.46754675e-04 -6.43157025e-04 -1.14628303e-04  1.95941763e-03
 -3.79112213e-04 -9.59346835e-05 -2.05314576e-04  7.09348897e-04
 -7.46661308e-04  9.94703957e-04  4.44829853e-04 -7.21701501e-05
  1.10005289e-03  9.59990025e-05  9.97502072e-04  2.64241868e-04
  2.40032200e-03 -2.10404269e-03  3.19997549e-04  1.29182007e-03
 -1.20134449e-04 -2.42669299e-05 -5.89153600e-05  1.35225769e-03
 -1.20081335e-04 -4.96136129e-04  4.98769588e-04  2.08222822e-04
 -1.01500267e-03  1.46681235e-03 -3.94899565e-04  7.60048618e-04
  7.67995337e-04 -6.50185486e-04  1.69684893e-03  3.86789674e-04
  1.62762849e-03  6.93452786e-05 -3.60861602e-04  6.05340914e-04
  5.50959576e-06 -9.81348152e-04  4.45363063e-04 -1.25446209e-04
  1.40949784e-03 -1.97299891e-04 -1.92000151e-04  1.19374019e-03
  6.34813996e-04 -4.24126210e-04  6.13888692e-04 -2.61457933e-04
 -1.60450732e-04  3.81484085e-04  1.05070675e-03 -1.41652751e-04
 -3.57566698e-04  5.84092763e-04  1.62690151e-04 -4.48049474e-04
  1.18191220e-03  1.54736037e-04  1.25356578e-03 -6.79994256e-04
  9.55247490e-04 -6.39996529e-05 -7.89078634e-04  1.09065945e-03
 -1.76415839e-04  1.52535048e-03  4.72144716e-04 -2.32633002e-04
  9.23796592e-04  1.35466306e-03 -1.25083618e-03 -7.60522756e-04
 -3.25438482e-04  2.37536116e-04  9.32886809e-04  5.55053463e-04
  5.52014425e-04 -2.13316270e-04  1.05163988e-03  2.95999075e-04
  1.72319445e-03 -3.62706032e-04  1.04561202e-03 -9.78685772e-04
  1.26665932e-03  1.36507446e-03 -3.36203344e-04  9.46994771e-04
 -9.11999226e-04  1.62794334e-04  1.14132212e-03 -5.62698315e-04
  4.77630732e-04  1.33334860e-03  3.12043706e-04  6.79992587e-04
  4.97162380e-04 -3.09820396e-04  1.31466270e-03 -3.92223873e-04
 -2.10693877e-04 -8.