[-1.72945364e-02  4.30476625e-03  1.49689270e-03  7.70058456e-03
  2.10055143e-03  1.49544723e-03  1.05714988e-02  9.48397436e-03
  3.86729633e-03 -1.29435835e-02  4.75513015e-03  1.00761064e+00
 -6.54080145e-03 -1.38326531e-03 -8.66270739e-03  5.80999965e-03
 -1.50062194e-02 -2.57480584e-02  1.06136521e-02  7.63615815e-03
  4.75120201e-03 -4.62004995e-03  1.01082137e+00  1.00660133e+00
  1.01190539e+00  6.07656171e-03 -6.98458485e-03  1.01102926e+00
  7.07645327e-03  4.02386334e-03  4.67514064e-03  4.88364366e-03
  7.53118337e-03  1.00913093e+00  2.05211921e-03  7.02383671e-01
  4.01085449e-01  8.53798336e-03  3.31758799e-03  1.00636856e+00
 -1.31658155e-03  8.39169910e-03  4.29902379e-03  8.92054151e-03
  1.01470487e+00  9.93320858e-01 -3.45644909e-03 -3.10655188e-03
  8.00022949e-03 -5.76774596e-03  2.30800423e-03 -2.44181465e-02
  1.01373746e+00  1.01377519e+00  6.83231883e-04  8.28522177e-01
 -7.25415440e-03 -1.51610712e-02  5.74267063e-03 -2.50605932e-03
  6.96135069e-03  3.50675029e-03  6.77159895e-03  4.89961615e-03
 -8.34905824e-03  9.54566817e-03 -3.00639343e-04  6.47652103e-03
  1.01194477e+00 -1.47249060e-02  9.27610625e-03 -1.46489796e-03
  1.00665204e+00  1.00835570e+00  9.52057262e-04  1.00880464e+00
  4.49370991e-03  1.01125489e+00  3.61354976e-03  5.44326531e-03
  7.18709517e-03  9.99097913e-01  1.24978472e-03  9.53111118e-03
 -9.88869493e-04  7.30984382e-03  1.46018566e-02  1.01187602e+00
  8.70145730e-03  4.69873006e-03 -4.58345819e-03  1.00446870e+00
  9.78648639e-03 -2.14974641e-03  2.17547327e-03  1.01194589e+00
 -1.38973549e-02  1.01130123e+00 -4.92004181e-03 -1.39390087e-02
 -5.26283891e-03 -1.46619292e-03  1.11348220e-02 -3.08991238e-02
  2.85359370e-03  9.73877551e-04  1.00354943e+00  5.20434487e-04
  6.02916439e-03 -2.88299406e-03  4.25467290e-01 -3.56029333e-03
 -2.90456765e-02  1.00902148e+00  9.06680603e-03  4.22090318e-03
  5.56606327e-03  4.10961711e-03 -1.16794893e-03  1.00842278e+00
  1.00753843e+00  5.29236948e-03  3.92908657e-03  1.69995582e-03
 -5.29304051e-04  5.61673469e-03  7.67934339e-03  1.08706119e-02
  4.20101181e-03 -1.68766623e-02 -2.79991227e-04  1.17942841e-03
 -7.04210181e-03  4.27246244e-03  6.76139864e-03  3.32678985e-03
  6.35162969e-03  4.19117302e-03  4.50448980e-03  1.00789573e+00
  4.85238061e-03 -1.63795864e-03  2.72054498e-03 -1.62974421e-02
  1.00706604e+00  5.42499149e-03 -5.96943998e-03  5.79537403e-05
 -1.29046474e-02  3.69268042e-03  7.57663341e-03  1.00835083e+00
 -1.46947455e-02  1.59283387e-03  4.33479051e-03 -6.82092256e-03
 -5.77450143e-03  8.24584515e-03  6.60175538e-03 -6.72122130e-03
  1.01084228e+00  5.84795864e-03 -5.07279290e-03  5.64300850e-03
  5.54493681e-03 -9.57089948e-04  1.01046166e+00  3.87183673e-03
  9.97007167e-01  1.00481743e+00  3.87124604e-04 -1.03594809e-03
  5.76532346e-03  1.42331743e-03 -6.71639188e-03 -2.69378544e-03
 -2.86077054e-03  3.40952658e-03 -1.03626366e-02 -1.69953260e-02
  8.21792809e-03  6.25618543e-03  4.97936329e-03  1.91314753e-03
  6.95550190e-03  7.74306688e-03  2.14348904e-03  8.94061612e-03
  1.00659956e+00  5.15518970e-04  2.57904270e-03  7.25397257e-03
  1.01108844e+00  5.62957110e-03  1.00819393e+00  9.32640317e-03
 -9.11055632e-03  3.91796107e-03  1.01044387e+00  1.04406477e-04
  5.80318394e-04  2.24997274e-03  5.51948342e-03  9.96535542e-01
  1.36313788e-03  5.44695652e-03  1.00767368e+00  7.64261456e-03
  1.91117046e-01  1.00232050e+00  3.56476206e-03 -5.48212399e-03
  2.12282512e-03  4.63571879e-03  1.72646430e-03  5.01534040e-03
 -3.91187279e-03 -4.54247772e-03  3.39866331e-03  4.47100814e-03
  3.37198110e-03  1.00338209e+00  8.10247633e-03 -1.74607930e-02
  1.00091499e+00  1.00746649e+00 -1.36569812e-02 -1.08863915e-02
  8.71484589e-03 -2.64020391e-03 -2.58002224e-04  1.00255532e+00
  5.90166837e-03 -4.98150656e-03  4.57577639e-03  4.16926007e-03
 -8.69088963e-04  5.83352432e-03 -7.31155130e-04  8.93545728e-03
  1.00522794e+00  8.11955267e-03  1.01018203e+00  5.37344205e-03
 -6.87426641e-03  3.12614090e-03  4.93858651e-03  7.02448101e-03
  1.96596384e-03 -9.45826245e-03  2.98281997e-03 -1.91641551e-03
 -1.35498850e-04  5.28412414e-03 -1.94719207e-02  3.86247866e-03
 -1.47700450e-03  2.41587669e-03  1.31694336e-03  1.39259678e-03
  1.00978318e+00  6.52356851e-03  1.00419420e+00  1.00912757e+00
  1.00380283e+00  1.06262982e-02  1.01206581e+00  1.00278951e+00
  1.44671033e-02  1.01169443e+00  6.56385311e-03 -3.42903425e-03
 -9.02639489e-03  1.00756359e+00  1.83362907e-03 -1.54320845e-03
  1.00939331e+00  1.10232757e-02  1.00660908e+00 -8.11687538e-03
 -3.77632589e-03 -1.14870290e-02  4.29653193e-03  3.99936423e-03
  4.61414402e-03 -1.69423459e-04 -2.20000000e-04  4.83407062e-03
  2.65041360e-03 -1.73581929e-04  9.28679691e-03  1.00261156e+00
 -2.45706402e-02  2.03632571e-03  5.37629387e-03 -6.35009770e-05
  3.86746271e-03  3.23010373e-03  3.39550165e-03  1.00452587e+00
  1.00628340e+00 -4.47398670e-03  4.31001801e-03  1.14813437e-03
  7.48733777e-03 -1.79298277e-03  4.60300840e-03  4.74206139e-03
 -9.61821285e-04 -9.22860491e-03  5.96722207e-03  1.75253223e-04
 -1.30751380e-02  1.34133986e-03 -1.03059475e-02  1.01055671e+00
  7.57632977e-05  1.00496620e+00 -9.28372553e-04  3.06153126e-03
  3.76708174e-03  5.25164855e-03 -3.82204082e-03  2.34152047e-03
 -4.17923110e-04 -3.96191323e-03  1.00302718e+00 -3.53739667e-04
 -1.65310069e-03 -5.69217759e-04  1.00650918e+00  1.62693878e-03
  6.39163501e-03 -1.15110127e-02  3.22277068e-03  1.00603186e+00
  7.20417686e-03  3.34688179e-03  9.95751673e-01 -7.65842499e-03
  4.34567397e-03  9.33592196e-04  1.00838030e+00  1.00746000e+00
  1.00777672e+00  1.01151158e+00  3.71836735e-04  1.07905000e-02
  5.85203169e-03  6.45323825e-03  6.15221393e-04  7.47732968e-03
  2.61093140e-03 -4.08343236e-03  1.00125433e+00 -6.47192768e-04
  1.00868860e+00  6.58043937e-04  3.96449131e-03 -1.16829449e-03
 -1.16890575e-02  1.71468609e-03 -2.71901492e-02  8.83756562e-03
  5.58487477e-03 -1.60126715e-05  1.10964510e-02  1.00865011e+00
  4.27221342e-03 -1.