[0.5799208  1.         0.         0.66661284 0.         0.85739449
 0.48222268 0.         0.         0.         1.         0.
 0.         0.         0.         0.         0.40918664 1.
 0.         0.59775835 0.         1.         0.         0.
 0.         0.         0.         0.55496084 0.         0.
 1.         0.         0.83608206 0.         0.8160381  0.
 0.8124811  0.         1.         0.47593938 0.         0.
 0.26204024 0.         0.11544112 0.         0.33112754 0.34682774
 0.         0.         0.         0.         0.         1.
 0.         0.         0.         0.         0.         0.
 0.         1.         1.         0.         0.         0.
 0.         0.         0.42673288 0.         0.         0.35225616
 1.         0.         1.         0.         0.         0.
 0.         0.         1.         0.         0.58806009 0.
 1.         0.         0.         0.         0.         0.
 0.         1.         0.43689841 0.76199119 0.         0.73788908
 0.         0.         0.         0.         0.         1.
 0.         0.         0.         1.         0.         0.
 0.         0.         1.         0.66716996 0.         0.
 0.         0.         0.         1.         0.         0.41827697
 0.         0.33610738 1.         0.         0.         0.
 0.         0.         1.         0.81017556 0.         1.
 0.         1.         0.         0.         0.         0.
 0.         1.         1.         0.         0.         1.
 0.         1.         1.         1.         0.         0.
 0.24214281 0.         0.         0.         0.         0.
 0.         1.         0.         0.         0.         0.
 0.         0.95310484 0.         0.31802322 0.6901767  0.
 0.         0.         0.         1.         0.50332995 0.
 1.         0.         0.         0.68876413 1.         1.
 0.96405468 0.         0.         1.         0.88783301 1.
 0.         0.31153837 0.         1.         0.68814441 0.
 1.         0.         0.         0.         0.13088464 0.84972163
 0.         0.         0.         0.         0.         0.
 1.         0.         0.         0.         1.         0.
 0.         0.         0.         1.         0.65514308 0.
 0.         0.         1.         0.         0.         1.
 1.         0.         0.         0.         0.89288071 0.
 0.         0.73521001 0.         0.54865273 1.         0.
 0.         0.         1.         0.         0.39688364 0.
 0.         0.         0.         0.         0.         0.
 0.         0.15544456 0.         1.         0.         0.
 0.         1.         0.         0.         0.         0.
 0.         0.         1.         0.         0.         0.24206878
 0.         0.         0.         0.         0.         0.
 0.         0.         0.         0.25753125 1.         0.
 1.         0.         0.         0.         1.         0.
 0.         0.         1.         0.         1.         0.
 1.         0.         1.         0.         1.         0.
 0.         0.         0.07606666 0.         0.         0.
 0.         0.         0.         0.         0.         1.
 0.         0.         0.         0.         0.         0.
 0.         0.         1.         0.         0.29459419 0.
 0.         0.         1.         1.         0.         1.
 0.         0.70380021 0.         1.         0.07131313 0.
 0.         1.         0.         0.         1.         1.
 0.         1.         1.         1.         0.         0.
 0.         0.68405962 0.         0.         0.         0.
 0.         0.         0.33780671 0.         0.         0.23431353
 0.         0.         0.         1.         0.6373875  0.
 0.         0.         0.         0.         0.         0.87039546
 0.42031924 0.59607293 0.         1.         0.         0.55539412
 0.16304081 0.         0.         0.         0.41104985 0.12625174
 0.40150801 1.         0.         0.         0.         0.11885236
 0.         0.74855214 0.         1.         0.         0.
 0.         0.         0.         0.         0.         0.9221418
 0.         0.         0.14948156 0.         0.         0.
 0.         1.         0.         0.         0.         0.
 0.         0.         0.         0.         0.1219898  0.
 0.         0.         1.         0.         1.         0.56140749
 0.         0.         1.         1.         0.         0.
 0.         0.         0.         1.         0.35935188 0.
 0.         0.         0.         0.34116234 0.         0.
 1.         0.         0.56814135 1.         0.         0.
 0.         0.         0.         0.         1.         0.
 0.         0.         0.         0.         0.         1.
 0.         0.53963247 0.         0.         0.         0.96521679
 1.         0.         0.         0.87047815 1.         0.
 1.         0.04565286 0.69708414 0.         0.68336808 1.
 0.         0.         0.         0.         0.60543575 0.
 1.         0.         0.         0.         0.         0.
 0.         0.         0.         0.23415402 1.         1.
 0.94522989 0.19211173 0.79704211 0.         0.         0.
 0.88495653 0.         0.         1.         0.         0.
 0.38437258 0.         0.         0.         1.         0.
 0.         0.         0.3942653  0.         1.         0.
 0.12995083 0.08334185 1.         0.83716896 1.         0.
 0.         1.         0.         0.         0.5063974  0.21214668
 0.         0.         0.         0.         0.         0.
 0.         1.         1.         0.         0.         0.65117346
 0.         1.         1.         0.9016052  0.         0.03567913
 0.         0.17229552 0.         0.         1.         0.794498
 1.         0.         0.         0.         0.43303465 0.
 1.         0.72342477 1.         0.70704798 0.84466971 1.
 0.35073223 0.         0.         0.         0.         0.
 0.         1.         0.         1.         0.64754895 0.
 0.         0.         0.41877907 0.         0.         0.
 1.         1.         0.46109358 0.         0.         0.
 0.44115884 0.         0.         0.20200667 0.         0.
 1.       