[0.69269473 0.97184375 0.62480134 0.63760996 0.30304165 0.38185664
 0.10858732 0.29815019 0.42155288 0.66351088 0.16293361 0.04426174
 0.81239754 0.3869129  0.46952427 0.13080278 0.86067976 0.57405287
 0.3636382  0.83855284 0.01526215 0.88079554 0.94663796 0.61480389
 0.535252   0.90665457 0.33344582 0.45404276 0.83331517 0.92450175
 0.463452   0.87466611 0.99056444 0.39913044 0.53649964 0.88135025
 0.05137504 0.9664594  0.02959867 0.5832848  0.49866327 0.05507364
 0.53760856 0.24628053 0.15310217 0.80310472 0.74670333 0.6226817
 0.64350325 0.12021102 0.79744378 0.29765145 0.38795871 0.89399513
 0.26303932 0.58297909 0.44294946 0.68792953 0.21130339 0.6891337
 0.62179882 0.62022051 0.6493773  0.97049906 0.94536666 0.13676014
 0.6397661  0.0353555  0.53262968 0.38742502 0.13006527 0.30084114
 0.38138582 0.92558934 0.17212951 0.98851697 0.02918876 0.42228886
 0.22213331 0.81993422 0.63856831 0.70669671 0.09704553 0.33109962
 0.60553633 0.22024993 0.40092484 0.38291136 0.43510928 0.15241649
 0.88876546 0.39659232 0.70624755 0.01682078 0.50592878 0.47377523
 0.49297756 0.36920349 0.75153529 0.77736075 0.2711919  0.1671487
 0.52514305 0.27859439 0.99272442 0.97678906 0.45584985 0.83106158
 0.8795383  0.95882844 0.289511   0.97472772 0.32437401 0.24819086
 0.67154836 0.27875817 0.07054164 0.30067333 0.47406039 0.57162333
 0.43500396 0.02550722 0.20676492 0.22243733 0.01448169 0.11577536
 0.12685643 0.17506184 0.14723649 0.52453255 0.87863429 0.55963382
 0.85887446 0.78444399 0.65430785 0.19296341 0.67904126 0.56252133
 0.50141932 0.24255682 0.33635371 0.27079648 0.5679885  0.89976919
 0.41789264 0.14324694 0.2075043  0.13416264 0.42618265 0.55800858
 0.85660257 0.32724444 0.44911821 0.92849682 0.58334635 0.5338913
 0.58988358 0.85627429 0.98220182 0.45071656 0.25129139 0.95782518
 0.93450994 0.70465698 0.79715041 0.37816475 0.77485327 0.40382584
 0.69314366 0.82651267 0.06009316 0.36133484 0.72284703 0.98641385
 0.96969957 0.87968831 0.23465029 0.99604324 0.91055904 0.90431549
 0.95115306 0.75186194 0.7049778  0.41876266 0.96168996 0.93579655
 0.26493067 0.2840177  0.89796557 0.88851067 0.46934309 0.4682075
 0.9492521  0.50687559 0.67440953 0.6061034  0.00477518 0.05995651
 0.92827773 0.63895894 0.30827719 0.8257967  0.12516096 0.92882223
 0.15219285 0.21424794 0.37427057 0.48575895 0.22969072 0.6278649
 0.39742808 0.3728147  0.20433802 0.43382728 0.50162981 0.64730326
 0.178212   0.80442504 0.84789884 0.78818844 0.19355308 0.10056399
 0.16176303 0.97500648 0.59309798 0.105125   0.7667834  0.11252323
 0.54908943 0.45008483 0.68635942 0.40648525 0.06406559 0.69634064
 0.9575824  0.4553346  0.60583797 0.26923188 0.83753667 0.34548751
 0.23985473 0.43420094 0.50362759 0.6428025  0.15404007 0.71623684
 0.89734885 0.42655218 0.10558074 0.31405692 0.2250355  0.33987875
 0.39155777 0.50247612 0.16520226 0.10468907 0.05332179 0.46896567
 0.04557408 0.51207045 0.10046305 0.88724914 0.55488463 0.62652475
 0.58386961 0.9010034  0.99531145 0.57362904 0.36014052 0.27457554
 0.87004476 0.09467991 0.81622155 0.04667614 0.42903839 0.94077577
 0.20810269 0.1379636  0.79967124 0.09768361 0.6215479  0.22470568
 0.77021257 0.48837995 0.37878707 0.24284441 0.307526   0.42626002
 0.91443884 0.61406617 0.09334954 0.22435242 0.65423769 0.5055633
 0.22949401 0.16083839 0.76295427 0.37459521 0.32509713 0.17946514
 0.93884658 0.89270198 0.80914119 0.06846645 0.23556068 0.13530565
 0.04605323 0.87109722 0.89816532 0.37341973 0.5534381  0.548134
 0.86536354 0.61714281 0.67262856 0.44555838 0.19095141 0.98467039
 0.36756224 0.07382251 0.70781605 0.655877   0.73381612 0.76543328
 0.09509268 0.57556533 0.28441218 0.08712496 0.6261123  0.29883459
 0.77866693 0.7097757  0.25769032 0.00660199 0.53684521 0.73319739
 0.72175083 0.09271246 0.36430799 0.30227896 0.06751963 0.51737098
 0.88652252 0.10601249 0.79802009 0.76733553 0.18940331 0.62455824
 0.73934061 0.71531603 0.53946351 0.40849294 0.3270248  0.22475684
 0.06487763 0.13044031 0.88527743 0.24943612 0.15657073 0.70855717
 0.10702141 0.08299633 0.37264335 0.31072989 0.5760192  0.76745478
 0.9383211  0.59924528 0.53717557 0.07670685 0.48782464 0.15101484
 0.72274168 0.01113276 0.42477504 0.75219544 0.48723982 0.15021431
 0.04007908 0.27537626 0.83047366 0.7819202  0.7151112  0.76901838
 0.81639017 0.11241804 0.37220659 0.85159411 0.48212721 0.50777279
 0.34284037 0.86757107 0.09506362 0.60448015 0.11785611 0.50970626
 0.94344524 0.7440053  0.40567815 0.6095633  0.09921585 0.45783246
 0.66489872 0.06822909 0.80327797 0.13673684 0.67717607 0.66341261
 0.33006464 0.18114657 0.56684431 0.97284342 0.69034754 0.22046062
 0.85253016 0.02039473 0.2958351  0.25425112 0.34935602 0.16615539
 0.12597819 0.32355734 0.41391337 0.984551   0.99466109 0.78052529
 0.69389452 0.87374281 0.29823827 0.25659876 0.25674884 0.67009534
 0.69340902 0.75360189 0.03657236 0.02411966 0.5607796  0.36215216
 0.58960144 0.20381579 0.31418986 0.51088744 0.6186484  0.01983049
 0.36318659 0.76165029 0.33339545 0.63956478 0.85217461 0.13040653
 0.46113746 0.2025503  0.74601788 0.95598435 0.78257682 0.34389869
 0.08366673 0.78129929 0.31902116 0.88379655 0.92790663 0.65363226
 0.60767327 0.81360071 0.728081   0.40463072 0.12157781 0.28313776
 0.88914709 0.78140626 0.49571202 0.08078861 0.1466736  0.59200505
 0.03130637 0.09355665 0.84495122 0.67523913 0.91440118 0.65317735
 0.27961382 0.07134121 0.37511326 0.09217557 0.50169869 0.8584149
 0.97190967 0.58364946 0.90878217 0.84577189 0.10493318 0.2104273
 0.99772738 0.97484478 0.42468397 0.11152406 0.78850753 0.4817417
 0.18738477 0.34958013 0.87458779 0.8135867  0.54081465 0.90170885
 0.12366146 0.21307714 0.28186795 0.48091697 0.56414338 0.06426525
 0.87780421 0.66206565 0.5054755  0.4390382  0.10026976 0.10000357
 0.24865082 0.0387351  0.55769541 0.40722586 0.82252555 0.92071492
 0.55524633 0.74834374 0.62071714 0.07194065 0.57948124 0.30970529
 0.50453752 0.42877153 0.79286344 0.26390727 0.15104986 0.98538331
 0.62971325 0.20968891 0.92914324 0.33635293 0.75