[0.02086912 0.62238603 0.26896671 0.66415114 0.52550643 0.0126005
 0.84464662 0.15758181 0.24501815 0.24177105 0.47212052 0.09559963
 0.46679276 0.17433731 0.23301297 0.0479751  0.68906764 0.10424904
 0.00208642 0.22514047 0.62890819 0.40672656 0.21478398 0.20086541
 0.41600206 0.6062989  0.63250665 0.81718643 0.62977528 0.09204893
 0.45233124 0.43724194 0.67165351 0.56600702 0.55060673 0.69525142
 0.14871603 0.69033183 0.08744802 0.75380501 0.87917776 0.59016023
 0.46801533 0.83127586 0.50677002 0.42767692 0.79616158 0.24437558
 0.53608016 0.20520997 0.95338325 0.90993212 0.64823619 0.51449543
 0.869637   0.42207153 0.69736881 0.87235022 0.51511272 0.04240732
 0.40162686 0.90876058 0.13903929 0.1633815  0.82348103 0.59160206
 0.25497997 0.80410319 0.52498743 0.87731244 0.37379003 0.64996621
 0.58188306 0.66292754 0.20398561 0.79134007 0.22603138 0.32016934
 0.13065145 0.97432757 0.28109312 0.39327425 0.8562235  0.45285847
 0.79928731 0.20754618 0.47650851 0.81177796 0.0592133  0.54954238
 0.07801639 0.13587974 0.20384121 0.95349031 0.63278717 0.9813245
 0.70643483 0.20916213 0.62165737 0.26070575 0.78422393 0.56023936
 0.76519069 0.23767959 0.12794284 0.13753799 0.56057996 0.43642086
 0.2478405  0.53304781 0.62316694 0.62727788 0.5037557  0.94357668
 0.06310955 0.04607187 0.06684553 0.10427669 0.64721833 0.52746649
 0.72557569 0.77594363 0.29938927 0.8958945  0.71073266 0.74885735
 0.66616667 0.10114767 0.04834547 0.71218523 0.86144887 0.67167384
 0.85360691 0.0516339  0.06391308 0.58250048 0.11510054 0.27566991
 0.05536889 0.6212599  0.81349596 0.88302874 0.29094665 0.31868417
 0.96867273 0.59285031 0.01326425 0.86114813 0.13064588 0.70686068
 0.20555831 0.72812837 0.84646102 0.52484866 0.66195459 0.43415329
 0.50449587 0.47143289 0.38327364 0.27072697 0.02392823 0.88902632
 0.59871983 0.74282783 0.38911032 0.39155853 0.99453314 0.03699381
 0.24213207 0.73463941 0.20320693 0.68453247 0.94975515 0.57729326
 0.89800411 0.24369398 0.81507233 0.48078712 0.95042632 0.67920476
 0.10524339 0.84051513 0.62176548 0.88027956 0.16262265 0.53405859
 0.26500659 0.59128555 0.06184474 0.91045536 0.2103733  0.5547449
 0.10250771 0.90306825 0.02140264 0.13305963 0.37513828 0.23346918
 0.28305038 0.93513368 0.51877706 0.80061573 0.38005864 0.95785502
 0.59700281 0.33490869 0.5389233  0.52757496 0.77379989 0.97488548
 0.44151873 0.92122686 0.12823948 0.31665835 0.64858612 0.14013463
 0.44998201 0.62823395 0.75646095 0.56254203 0.5187162  0.78716483
 0.93840578 0.25255388 0.70397775 0.11743286 0.26521962 0.80245359
 0.71702452 0.87358818 0.19212037 0.02760367 0.58428959 0.41228332
 0.49798392 0.66152452 0.14253816 0.69858671 0.54612838 0.66274122
 0.50356927 0.31562086 0.50643122 0.22468659 0.69361953 0.84363755
 0.5729002  0.06098873 0.50179493 0.27628888 0.84148427 0.97807429
 0.62192635 0.86949695 0.54490481 0.22944582 0.35659955 0.90438118
 0.24761593 0.40428251 0.56894629 0.65673275 0.90260698 0.99993905
 0.06364592 0.729616   0.22686149 0.98552261 0.27976957 0.49501272
 0.25579487 0.06154025 0.36436218 0.128282   0.25019861 0.36667548
 0.54611413 0.67852316 0.94092245 0.83472402 0.06612719 0.04878849
 0.41038587 0.98348229 0.44855658 0.99049538 0.87787403 0.41484409
 0.70686336 0.98184216 0.16358092 0.66617598 0.41825047 0.29457501
 0.27252022 0.59947688 0.26319771 0.65119934 0.11780186 0.96295088
 0.12216263 0.40768123 0.74703787 0.34357941 0.89920981 0.53955304
 0.51901605 0.82138451 0.01542025 0.11552955 0.97412172 0.43040733
 0.52438345 0.46702192 0.21088606 0.68959571 0.30981489 0.05502701
 0.31292653 0.18187788 0.48693017 0.56767026 0.40152022 0.37722125
 0.72715763 0.35006512 0.98096851 0.33323154 0.27176706 0.36101213
 0.85311328 0.02363361 0.51213202 0.50344548 0.52846852 0.57987514
 0.4029548  0.2360068  0.03543188 0.85464013 0.19552999 0.16053643
 0.83956633 0.62837532 0.41124574 0.24668916 0.56662069 0.56303448
 0.85043383 0.89894973 0.83014797 0.64005906 0.90131222 0.72534365
 0.29495594 0.71762814 0.02997785 0.58990199 0.98960891 0.28380852
 0.27208413 0.75542965 0.00950282 0.32837789 0.95309737 0.7439064
 0.61139182 0.96869674 0.13555966 0.87702649 0.27832456 0.87905009
 0.93492913 0.836131   0.84391691 0.3558515  0.79382077 0.46479658
 0.79432415 0.36439324 0.52254252 0.61746189 0.19421379 0.684621
 0.27730099 0.5990652  0.37503224 0.39367291 0.63909585 0.59210507
 0.21708871 0.82539802 0.6399465  0.38956534 0.95525776 0.7506709
 0.88836815 0.7010009  0.33178108 0.00872423 0.71554338 0.20503767
 0.37869755 0.39681234 0.51905828 0.42645869 0.40030417 0.22415067
 0.42305649 0.35997159 0.81817614 0.01362049 0.36482111 0.08458249
 0.09203985 0.66696057 0.31263708 0.61173247 0.51236031 0.66988538
 0.19939671 0.30300723 0.61925007 0.30723263 0.35035967 0.65675948
 0.03062473 0.84795648 0.85108788 0.40652024 0.25713071 0.62138228
 0.81975983 0.09354164 0.54732259 0.59294008 0.96062784 0.78628459
 0.51168751 0.03330396 0.0243566  0.17246661 0.98886878 0.21208501
 0.33676603 0.10249597 0.57039762 0.9927378  0.09066546 0.52378556
 0.44336217 0.73296485 0.3202993  0.62055758 0.90448109 0.2285619
 0.00383791 0.43753463 0.61367138 0.80125881 0.44920941 0.93690396
 0.71195798 0.05965404 0.95356823 0.82770023 0.59385934 0.82491856
 0.29169488 0.34403583 0.93905301 0.27896305 0.25065382 0.57977339
 0.84500484 0.06720159 0.81733251 0.71141756 0.8192966  0.71762582
 0.56426432 0.12869755 0.30280257 0.97533454 0.31909825 0.39540581
 0.26296314 0.30491179 0.59248524 0.01330085 0.21479216 0.26366091
 0.25632916 0.43902795 0.9902346  0.46530131 0.97032744 0.66866233
 0.29744438 0.77705937 0.13293295 0.27893631 0.5661174  0.23106128
 0.82756652 0.2193198  0.70297392 0.24368625 0.1718365  0.70489695
 0.8018421  0.51548919 0.33742228 0.63256662 0.80046916 0.22860386
 0.48472159 0.02459993 0.7393489  0.91900724 0.49075311 0.97458301
 0.12231169 0.44828092 0.68656957 0.12986993 0.54977231 0.60620656
 0.62684993 0.41315732 0.60877068 0.09246135 0.77477321 0.92960422
 0.32444063 0.65462955 0.5590178  0.868493   