[-5.79249624e-03  4.27797831e-04 -1.63875535e-03 -1.29933847e-02
  6.93912339e-03  5.21025254e-03  1.00562874e+00  3.87505926e-03
  9.96693440e-01 -5.34183262e-04  1.00163835e+00 -4.30346220e-03
  1.00977183e+00 -1.02560849e-02  4.33965412e-03 -1.05219366e-03
 -3.95027670e-05  1.88810907e-03 -1.85099280e-03 -1.67617554e-03
  1.00883377e+00  2.31961449e-03  5.23152399e-01  6.88342114e-01
 -2.61658978e-03  1.00791682e+00  9.93451579e-01  5.51722573e-03
 -4.55180414e-03  1.00625179e+00  1.00536161e+00  8.01397866e-03
  1.42488349e-03  6.97610532e-05  1.00232067e+00  2.31973452e-03
  8.73685743e-01  2.87085560e-03 -3.49544252e-03 -5.77231993e-03
  4.40411063e-03  3.39842643e-03  8.12426141e-04  7.01303206e-03
  7.87424460e-01  3.22101255e-01  1.00441665e+00 -6.28140166e-03
  1.00816295e+00  3.54012461e-03  1.53256552e-01  1.00079403e+00
  9.43476983e-01 -4.50628369e-03  1.43531047e-01  1.48690244e-03
  4.75058883e-03  1.00246253e+00  1.11364424e-01 -5.82241628e-03
  1.00017161e+00 -2.24897163e-03  4.95132797e-01 -5.54631579e-03
  2.69222121e-03  4.18844362e-03  9.83911064e-03 -6.66112566e-03
 -8.00711806e-03  6.93959946e-03  1.51906031e-03 -3.44288243e-03
  5.58103502e-03  7.53794172e-03  9.99154528e-01  3.95845028e-03
 -5.00914183e-03  3.87359944e-03  9.97639686e-01  1.00240992e+00
 -4.56784231e-03  1.00282584e+00  7.61304131e-03 -4.02568242e-03
 -1.16696547e-02  1.00798733e+00  8.53880311e-03 -4.48853304e-03
 -3.65438580e-03 -3.83847317e-03 -5.47512225e-03  9.98326359e-01
  2.55932240e-01 -1.33590007e-02  1.00492371e+00  9.98822462e-01
  2.69479210e-03 -4.55235489e-03  1.01101820e+00  7.33920122e-04
  2.51117614e-03  5.63665482e-03  4.42373010e-04 -6.90669984e-04
  4.26876677e-03  1.64032171e-03 -8.30526316e-04 -3.17412461e-03
  1.00684054e+00  4.78508746e-04  7.58202729e-03  1.11071968e-02
  4.46491034e-03  9.99401704e-01  2.78742264e-03  4.22995468e-01
  3.64416219e-03  2.54449510e-03 -5.49247053e-04 -2.56089358e-03
  1.00506498e+00 -4.79820890e-03  9.67406257e-01 -1.45982170e-03
  1.00490797e+00  1.00770111e+00  1.00771857e+00  3.00788977e-03
 -3.68262574e-03  9.95443630e-01 -7.70557127e-04  6.49007848e-03
 -3.87650095e-03  3.04713805e-03  5.18165696e-03  1.00200093e+00
 -9.44502789e-03  9.94013330e-01  4.14475154e-04  1.20387326e-03
  1.00956873e+00  1.00453529e+00  1.00582409e+00  7.84495728e-03
  1.00221816e+00  6.82737998e-03  8.69272278e-01  2.14483379e-01
  2.81808667e-03 -1.77839098e-03  1.00164085e+00 -6.46044340e-03
  8.48122669e-03  1.00836783e+00 -6.74967023e-04 -2.57991280e-04
 -6.77320771e-03  1.98654419e-03  1.00703984e+00  1.41170107e-03
 -1.84404796e-03 -8.63516619e-04  1.00277445e+00  1.00323058e+00
 -1.14378987e-03  8.65154836e-03  4.22112791e-03  1.85875806e-03
  1.00772676e+00  2.08580177e-03  2.06746474e-03  3.62536822e-03
  5.28246317e-01 -3.36019041e-03 -1.79909349e-03  2.09483358e-03
  1.00468715e+00  1.00739283e+00  3.20346853e-04  3.96061885e-03
  9.94107914e-01  2.04147923e-01  1.00301368e+00  1.00158343e+00
  1.00095153e+00  2.45265678e-03 -3.33678120e-03  5.76877835e-03
  1.00187201e+00  1.00077839e+00  9.27495212e-01  1.00029894e+00
  1.00069229e+00  9.97036972e-01  2.75485248e-03  3.30338762e-03
 -1.10556496e-03  1.00674189e+00  4.04870306e-04  3.06620468e-03
 -9.05377747e-04  1.00159118e+00  9.76190476e-04  6.33304428e-03
  6.17152094e-04  1.00374632e+00 -1.59597030e-03  1.31966748e-03
  4.73866482e-03  9.98839858e-01  3.80378830e-03 -4.37735198e-03
  6.26233482e-03  1.01102090e+00  3.45583339e-03  3.56270738e-03
  1.00612510e+00  3.72687251e-03  6.53526869e-03  1.00652542e+00
 -3.00497619e-03  5.05969888e-03  3.82659005e-03  1.00206558e+00
  1.00247742e+00  1.00769602e+00 -8.36700415e-04  3.31350878e-04
  1.00066538e+00 -4.01305028e-03  1.00214295e+00 -3.03842358e-03
  1.00095670e+00  1.00052708e+00  2.01091786e-01  3.88660058e-03
  8.13018791e-03  6.83539496e-03  5.95488090e-05  1.00498971e+00
  3.37972243e-03 -1.48354342e-03  1.00288953e+00 -2.25601206e-03
  1.62936215e-03  8.08040762e-02  1.01318841e+00  1.00260588e+00
  4.19291298e-03 -5.10723557e-04  5.94951586e-03  4.32399251e-03
  9.07477427e-04  1.00732947e+00 -7.87861405e-03  7.54222695e-03
 -5.26447921e-03  1.00264391e+00  1.00602543e+00  5.48140340e-03
 -5.24246209e-03  1.00221046e+00  2.67378082e-03 -5.03133580e-03
  8.93355662e-04  1.00612813e+00  1.00333494e+00  4.21859825e-03
  1.57674001e-03  1.00491254e+00  1.00030794e+00 -6.87953352e-03
  2.18982314e-03  2.84487907e-03 -4.79496189e-03  1.94361589e-03
  1.00424882e+00 -4.93561850e-03  1.00493310e+00  4.62896256e-03
  2.66167424e-03  3.43592437e-03 -1.81205301e-02  2.92759589e-03
  2.74209747e-03 -4.76848695e-04  8.15763859e-03  8.53471910e-03
  7.24421153e-03 -8.19583077e-03  8.44104933e-01  4.46491034e-03
  4.81246256e-03  8.30915300e-01  6.42487445e-03  6.46965722e-03
  2.42141315e-04 -2.40105263e-03  4.70250394e-03 -1.09961383e-02
  6.27478921e-03  7.98825319e-04  1.00451737e+00  9.95386978e-01
  2.37473502e-01  6.06863784e-03 -1.59755750e-03  4.43630315e-03
  1.00754864e+00  7.62542899e-03  1.00117817e+00  1.00212128e+00
  9.58596626e-04  2.53944185e-01  5.17754063e-03  1.00351254e+00
  3.94100541e-01  4.46603641e-04  1.00250453e+00  1.00740328e+00
  1.00840949e+00  1.00239169e+00 -4.55074359e-04  1.00851306e+00
  6.33872837e-03  3.47073679e-03 -5.84145449e-03  1.00068756e+00
 -6.48187972e-04 -1.23865082e-03 -1.36105468e-03  5.07040912e-03
  1.00265167e+00 -9.54832501e-03  1.00876999e+00 -3.11799589e-03
 -5.53604420e-03 -3.34119961e-03  1.00153935e+00 -8.84010389e-03
  5.67752869e-03  5.53776906e-01  2.38016776e-03  3.30336267e-03
  2.54076792e-03  9.98211367e-01  3.78485903e-03  7.30473478e-01
  6.16297121e-01  7.21632971e-03 -6.06787330e-03  6.79894737e-03
  1.49426641e-03 -3.50668353e-03  1.00619403e+00  7.89404834e-03
  5.48946329e-03  9.09263132e-04  1.00021675e+00 -3.42234664e-03
  5.84726471e-01 -1.84947368e-03 -6.84750932e-03  6.70563717e-03
 -3.42241929e-03  9.97252547e-01  5.73282627e-03  1.71086540e-01
  2.09025794e-03  1.