[ 1.00148257e+00  1.00022347e+00  1.00110181e+00 -8.21678567e-04
  1.00379716e+00  9.98962335e-01  7.38181292e-04  1.00227724e+00
  1.00250680e+00  1.26398699e-01  5.50101744e-04  1.00304950e+00
  1.00070647e+00  1.00166580e+00  6.74504681e-04  1.11038667e-01
  1.00305945e+00  1.33354245e-04 -2.94619820e-03  4.75827755e-04
  1.84006772e-04  1.00060951e+00  6.48392157e-04  1.46267360e-04
  1.00052137e+00  1.00012255e+00  1.00029996e+00 -2.45293564e-04
  5.88441032e-04 -1.36473256e-03 -1.16411684e-03 -1.83747392e-04
 -3.97125915e-04  5.73873125e-04  1.40092691e-01  1.00204723e+00
  1.00161863e+00 -5.92512675e-04  7.45625368e-01  4.27038488e-04
  1.18078985e-03 -4.07718973e-04  8.03014098e-04  1.10349167e-04
 -1.67981079e-04  6.37731960e-04 -2.62170294e-03  1.24191109e-04
 -2.35548818e-04  5.56732420e-04  1.00171465e+00  6.71921014e-04
  4.37471621e-04  7.13951137e-04 -4.70854370e-04  1.00102371e+00
  1.00128525e+00 -4.67411893e-04 -1.33555716e-03 -2.25964814e-04
  1.00181681e+00  1.00054343e+00 -2.63123737e-04  1.48442573e-03
  1.00134727e+00  1.00104997e+00  8.52135907e-01 -2.92715599e-03
  1.00191215e+00 -3.74547878e-04  4.28761172e-04  2.18436290e-04
 -8.77414791e-04  1.00081591e+00  1.00197611e+00  1.00045389e+00
  2.10085422e-03 -1.00174872e-03 -2.12077595e-03 -1.22683714e-03
  1.00083844e+00  9.99136784e-01 -4.71526276e-04  1.00068401e+00
 -1.06696413e-03  1.00080290e+00  9.99369232e-01  3.03362639e-02
 -1.55629656e-03  1.00066335e+00 -1.29575266e-03  1.54488287e-03
  5.88225165e-01  6.13311308e-05  1.00062901e+00  9.99666509e-01
  1.00158033e+00  3.39529570e-04 -1.36551636e-03  1.00409460e+00
  6.88808636e-04  1.19245612e-04 -4.37299569e-05  1.25341261e-03
 -4.87352454e-04 -2.92836147e-05  6.59955313e-04  1.00213231e+00
 -2.12560704e-03  1.44860862e-03  8.82450557e-01 -9.38232373e-04
  1.00214965e+00 -2.07580742e-03  1.00083581e+00 -9.49929506e-04
  6.46415683e-04  1.00112233e+00  1.28734424e-03  5.23026640e-01
  3.75129486e-04 -7.11672694e-04  7.41333834e-04 -2.25522716e-03
  6.52311454e-01 -1.00340119e-03  1.00056732e+00  3.86595791e-01
 -1.05546947e-03 -5.88022123e-04  9.99711889e-01  1.00247518e+00
  1.00266769e+00  1.00099906e+00 -3.95197040e-03 -1.90220962e-04
  1.44377204e-04  2.13268865e-03  3.64926737e-04  1.00155183e+00
  1.00164898e+00 -8.97669360e-05  1.00210026e+00 -9.28335630e-05
  1.31592085e-03  9.03112148e-01  3.04788571e-05  1.63495154e-03
 -1.13313389e-03 -1.47575247e-03 -2.27799449e-03  1.09203059e-03
  2.19064210e-01  8.52628271e-04  1.00153476e+00 -2.14477629e-04
  1.25859708e-03 -4.42889829e-04  6.99082798e-01  1.38210898e-04
  8.37508467e-04  2.78163047e-04 -8.68727600e-04  3.62864846e-04
  1.15892992e-03  1.00188334e+00  1.00048224e+00 -1.74953361e-04
  7.14170867e-05  3.88233541e-04 -8.01392413e-04  8.38114594e-01
  1.64260218e-04 -2.89178139e-03  5.68910214e-04  6.76711442e-04
  1.14693144e-01 -4.44285314e-04  8.04647956e-04  3.21834040e-03
 -1.13183545e-03 -4.58919947e-03  7.59047614e-04 -6.21480008e-04
  1.00056085e+00  1.00212560e+00 -2.51698429e-04  6.49302119e-04
  1.00250485e+00 -1.61901460e-04 -8.58634020e-04  1.23304922e-03
  1.00030006e+00 -3.17233343e-03 -1.52847898e-04 -2.59290181e-03
 -2.59617654e-06  6.00095790e-04 -6.69174708e-04 -6.25864584e-04
  1.03018070e-03 -7.73786267e-04 -2.33595375e-03  7.64784121e-01
  4.62918355e-04  1.08048088e-03  1.00000550e+00  3.54085658e-04
  1.00212374e+00 -1.76941367e-04  1.00196345e+00  2.56154891e-05
  1.00142521e+00  1.00032215e+00  1.53168845e-03  1.44840488e-03
 -4.11345083e-04 -1.07396351e-03  4.01928466e-05  9.99372564e-01
 -6.12227956e-04 -2.45021437e-05  1.00140125e+00  3.80347871e-04
 -5.81052772e-04 -1.34127151e-03  1.00231143e+00 -1.96981063e-05
  5.46917746e-04 -1.19124866e-03  7.24659772e-04  1.00125767e+00
  1.00068751e+00  1.29808591e-01 -9.79567168e-04  9.34372793e-01
 -1.45242556e-03  9.98925035e-01 -1.38986906e-03 -2.47275410e-03
 -2.09019111e-03  1.00149833e+00  9.99701659e-01 -3.03987276e-04
 -7.98931095e-04 -1.57606309e-03  1.00110439e+00  6.90092275e-05
  7.66198551e-04  3.61182512e-04 -2.58478256e-05  1.00101071e+00
  1.01231373e-03  9.99602118e-01  9.99039786e-01  8.78558875e-01
  1.00148040e+00 -1.59328233e-03  1.00127313e+00  1.20631710e-03
 -1.25847209e-04  1.00105732e+00  1.65965256e-03 -1.51733418e-03
  2.06367283e-04  7.34710791e-01  6.70019254e-04  1.00182588e+00
 -3.93908314e-04  1.00030955e+00 -1.43786625e-03  1.00015942e+00
 -1.15007148e-03  9.98949343e-01  4.63837801e-04 -1.36506894e-03
 -2.13029581e-05  1.00062532e+00  2.47035665e-04 -7.08852245e-04
  1.56474319e-05 -1.72877515e-04 -2.18391520e-03  9.99859458e-01
  1.46620990e-01  1.00290332e+00  1.06880124e-03  1.81334947e-04
 -5.39067797e-04  4.60304808e-01 -8.66013141e-04  1.00091151e+00
 -3.37293034e-06  1.00309144e+00  7.97726971e-04  1.00043146e+00
  9.98994252e-01 -1.79419873e-03 -4.37922281e-04  5.16251513e-01
 -2.08170331e-03 -2.17178417e-03  1.90273893e-04  1.00035175e+00
  1.00046100e+00  2.54177398e-03  1.00144348e+00  1.00228450e+00
  1.61722976e-03 -1.05052073e-03  1.00202365e+00 -1.67258895e-03
 -8.63290997e-04  5.63581807e-01 -9.42014910e-04  8.35430744e-06
  1.08048088e-03 -4.25426565e-04  1.79118936e-01  5.05684191e-01
  8.98092763e-01  4.87386723e-04  6.59135331e-04  1.00143886e+00
  1.58914278e-03  1.24912794e-03  6.98891835e-04 -1.83774678e-04
 -5.12632812e-04  8.74274510e-04  4.19549961e-04  1.00023467e+00
  1.00239270e+00  8.98507875e-04  1.00110647e+00  1.00098251e+00
  1.00166121e+00 -2.93369883e-04 -9.00807926e-04  1.81958848e-04
 -1.13240136e-04  1.00133873e+00  1.00199848e+00  3.54305768e-01
 -1.20440683e-03 -2.18885303e-03 -1.11405067e-03 -1.36705638e-03
  6.79468552e-04  1.60169793e-03 -8.03064760e-04  1.00111409e+00
 -1.49335176e-04  1.49234183e-04  1.79352979e-03  4.94072390e-04
 -7.03256214e-04 -9.61357282e-04  9.99544050e-01 -6.60621499e-04
 -1.02646470e-03  2.13109030e-05 -2.50362965e-04  1.59173469e-03
  1.00100842e+00  5.94462667e-04  1.04054902e-03  3.13416465e-01
  5.20999697e-04  9.