[ 8.59146886e-03 -1.84028486e-02  9.87280762e-01  1.01733347e+00
 -1.06134422e-02  9.87200300e-03 -1.09691781e-02  7.29533450e-01
  9.87954252e-01  4.72679780e-01  9.41419573e-01  6.80899737e-01
  9.98205251e-01  2.36860396e-01  3.55857901e-01 -2.36250365e-02
  1.23148164e-02  9.94903689e-01  9.82056069e-01  2.73519956e-01
  1.02272634e+00  3.74699018e-01  6.21627902e-02  3.60637377e-01
  8.50077866e-01  1.89879909e-02 -3.50415799e-02  3.80278621e-02
  1.03910605e+00  2.32751094e-02 -8.62294292e-04  2.58073300e-01
  4.32320442e-03  1.00712632e+00  7.22425914e-04  1.00064789e+00
 -3.56768232e-03  1.00191157e-02 -3.14754946e-03 -6.67460398e-03
  8.54404641e-03  3.55184069e-01  2.19427262e-02  9.98928049e-01
  1.47847217e-02  1.43826359e-02  1.07857961e-02  7.09691242e-01
  2.57508608e-01  4.48951597e-03  7.90437443e-01  5.41132787e-03
  9.58468123e-01  1.58845030e-02  1.03033219e+00  6.00356363e-01
  1.37993748e-02  1.00569532e+00  9.88528397e-01  4.20148227e-02
 -1.26896552e-03 -1.67990501e-02  9.82358852e-01  4.95943613e-01
  1.91079221e-01  6.43566140e-01  1.29875022e-02  1.01244755e+00
 -8.87168601e-03  1.41485701e-02 -1.82191822e-02  2.26895200e-01
  3.76917812e-02 -2.11070528e-02  2.06556317e-02 -1.35912924e-02
  4.83864885e-01 -1.09073691e-03  6.00258058e-03  1.06696413e-02
  1.23071807e-03  1.56909844e-02  2.21215608e-01  1.30511464e-03
  9.91502833e-01 -7.33419054e-03 -9.59181861e-03  7.92935411e-01
  2.56234841e-01  1.24456379e-02 -2.51775739e-02  1.00397516e+00
  3.35686297e-01  9.97442470e-01  3.23520482e-02  6.29011471e-01
 -1.78620690e-03 -2.99699324e-02  6.44708084e-01 -3.02822798e-03
  8.77825955e-01 -4.92099169e-03  1.02332297e+00  1.02548071e+00
  2.76549685e-01 -2.01677743e-02  1.02077434e+00  1.97445263e-02
  9.99247692e-01  5.60474650e-01  7.51835887e-01  2.59581488e-02
  1.82630215e-03  1.31476499e-02  2.82797082e-02  1.35151881e-02
  8.93664384e-03  2.77414628e-02 -1.04306550e-02  1.49059829e-03
  3.31827263e-02  1.85743680e-02  5.81840725e-01  9.88786665e-01
  1.01648254e+00  1.51317433e-03 -3.22175203e-02  3.59395289e-01
  5.76872118e-01 -6.58722652e-03  2.68040338e-02  2.26480716e-02
  6.47761147e-02  1.42592800e-02  4.82659368e-01  1.66793590e-02
  1.54515280e-02  1.53922617e-02 -1.33162873e-02  7.79771116e-04
  1.01635959e+00  6.27635905e-01  1.99950136e-02  9.25104432e-03
  9.60027454e-01  1.00550540e+00  6.82527933e-01  8.89637050e-01
  2.35234822e-02  4.48305693e-02 -6.46506300e-03  2.38900344e-02
  2.25421217e-01 -2.01738292e-02  6.26300650e-03  3.17486592e-01
 -2.27958199e-02 -7.20256600e-03  9.91768734e-01  2.38701388e-02
  1.01217295e+00 -2.06033155e-03  1.99849825e-02  6.02000701e-01
  1.93219729e-01  4.31762423e-01  1.64245034e-01  5.42972766e-01
  2.35060486e-01  5.88922095e-02 -1.83288580e-02  2.35321441e-02
  1.01240358e+00  2.34037667e-02  7.17786499e-01 -1.54589372e-03
 -7.61487629e-04  8.96507362e-01  8.01098013e-01  5.66858035e-01
  6.08747858e-03  4.39288707e-01  7.91650617e-01  6.44056914e-01
  1.26872852e-02  3.32704490e-02 -2.54982221e-02  2.56386349e-02
  1.05277652e-02  1.02028887e+00  4.08398551e-01 -2.83474927e-02
  3.63987360e-01  6.49463651e-02  6.82525407e-03  2.80324720e-02
  9.82486907e-01 -1.34346627e-02  1.20965517e-02  1.70789238e-02
 -5.51709588e-03  1.02248071e+00  3.76089148e-01  1.01493242e+00
 -4.15735842e-03  2.15310345e-02 -5.25349650e-03  1.59224404e-02
  3.37075425e-02  6.63808282e-01 -5.76393575e-03  1.32551724e-02
  6.92984633e-01  1.03599703e+00  2.23616801e-01  4.63013059e-01
  9.90826805e-01 -1.28724361e-03  8.52223254e-01  1.36420884e-02
  9.99703989e-01  1.99614853e-02  9.04098308e-03  1.01436044e+00
 -3.37207300e-03 -1.14959688e-02  5.56346113e-01 -1.21966311e-02
  1.59253669e-02  2.76145697e-02  6.10469940e-01  1.48711507e-02
  6.16994340e-02 -4.67989338e-04  7.23482245e-03  9.47204079e-01
  1.02899885e+00  2.57602740e-02  1.04224234e+00 -4.52226027e-03
  9.07914663e-01  6.93909220e-03  3.93219178e-02  1.03255086e+00
  3.89939936e-01  1.00610152e+00 -9.62711494e-03  3.80574481e-04
 -1.92587331e-02  4.61052593e-01  5.78526713e-01 -1.19790525e-02
 -8.75246696e-04  3.48185037e-01  2.22031268e-02 -2.07126594e-02
  1.01141915e+00  1.02100373e+00  1.42005779e-02  1.60608046e-01
  7.95954654e-01  3.23389749e-02  1.91667956e-02 -2.83203193e-03
  1.01772411e+00  7.58435421e-03  1.59727328e-02 -1.33992607e-04
  5.56770889e-01  1.00353133e+00  1.73173954e-02  9.87456363e-01
  4.37525773e-02 -3.11199498e-02  1.43522637e-01 -1.26900685e-02
  4.66098374e-03  2.19635837e-02  4.50769656e-01 -2.91388661e-02
  1.76586483e-02  1.13764229e-01  2.82501020e-01  2.17620154e-01
  8.11101347e-01  2.53364033e-03  8.26966307e-01  7.25269377e-01
  1.00778465e+00  7.74316768e-01  1.88438174e-02  5.28471802e-01
 -3.07768431e-03  7.98457745e-01  1.52486668e-02 -3.19640165e-02
  9.90061728e-01  1.97164541e-02  5.28270273e-03  2.18536490e-01
  2.36069652e-01  1.01806187e+00  5.48959578e-02  2.74661964e-02
 -1.40269641e-02 -1.20384257e-03 -4.31350158e-03  7.19369875e-01
  2.59194215e-02  9.77649205e-01  1.81547261e-01 -1.95322556e-03
  5.62103786e-01 -1.89043615e-02  4.16000392e-02 -1.46286498e-03
  4.57920380e-01  2.62339353e-01 -3.82907717e-02  2.00206897e-02
  5.18513570e-01  9.85377424e-01  1.01234106e+00  4.71776311e-01
  9.24832468e-01  2.16809745e-02  1.61922047e-01  1.01515947e-02
  1.98728136e-01  2.13946534e-02 -1.37399017e-02  2.13604504e-03
  2.31024394e-02  9.42288838e-01  1.28711293e-02  1.73285810e-01
  1.11035475e-02  3.79839633e-03  1.01309656e-02  5.45198673e-01
  3.86370830e-02  1.00564115e+00  3.20018058e-01  3.05284661e-02
  1.02155080e+00  7.38914026e-01  7.37461039e-01  2.08826556e-02
 -1.24307692e-02  3.05513181e-02  1.65445549e-01  1.14765483e-02
  1.53218786e-02  1.02281076e+00  1.51438390e-02 -3.33051299e-03
  6.44811677e-03 -1.40752067e-02  1.95366021e-02  9.88322222e-01
 -2.94908941e-03  3.44734695e-02 -1.17825090e-02  1.00249655e+00
  6.71512659e-01  1.02406345e+00  2.91138897e-02  2.31546548e-02
  1.03096356e-03 -9.