[ 2.51362782e-01  1.00112451e+00  3.79654665e-03  9.68346857e-03
  3.23778268e-01  1.03886234e-01  5.49749589e-03  6.84215424e-03
  4.12960475e-03 -3.58234168e-04  3.89712383e-03  1.00253519e+00
 -7.01671335e-03  2.32071281e-03 -3.93954904e-03  1.00055757e+00
  2.30121445e-01 -1.22154416e-02  4.43923384e-03  5.66298425e-03
 -3.76772862e-03 -3.97480820e-03  4.10991773e-03  2.78286424e-03
  7.94350515e-03  6.85138232e-03 -6.12993795e-03  5.18260168e-03
  3.10952507e-03  9.87975036e-01  1.00162303e+00 -3.66399725e-03
  3.75287459e-03 -9.34398728e-04  1.03350308e-01  3.08018173e-04
  3.32061715e-03  1.00299330e+00  1.74678438e-03  3.34170563e-03
  4.19969029e-01  3.28271109e-03  3.71626217e-01  7.43774025e-03
  3.23816227e-01 -2.40883073e-03 -2.32744806e-03  1.00128381e+00
  9.28235039e-02 -3.72262608e-03  7.04136210e-01 -9.60439122e-03
  8.80280174e-02  6.52765846e-01  4.02077688e-03  2.67547515e-03
 -4.91699238e-03  7.22058762e-01  4.55612325e-04  2.75048535e-01
  7.65576071e-01  6.93999067e-03  1.45697511e-03  1.66522248e-03
 -3.63725086e-03  1.00751675e+00  1.00094269e+00  8.12335964e-03
  4.09396901e-03 -1.00658369e-02  2.11129532e-03 -4.00142221e-03
 -1.26064072e-03 -5.30053451e-03 -6.20732656e-04  1.00368796e+00
  3.29690309e-03  2.25917061e-03  1.77781363e-03  3.62076785e-01
  5.75411490e-01  8.72576902e-01  1.08828130e-03  7.41694893e-04
  1.55036673e-04  5.22454874e-03  2.74528370e-01  1.90976584e-02
  3.26039286e-03  9.41678167e-06  6.15168397e-05  1.00607780e+00
  1.00432567e+00  5.86899044e-04  4.53851520e-01  2.00418207e-03
  2.53363989e-02  5.54285758e-03 -4.73080256e-03 -9.75217067e-03
 -4.88123310e-03 -1.46232558e-03  5.87245052e-03  9.78109211e-01
  6.39884239e-03  9.96181523e-01  6.37676229e-03  6.45302742e-03
  2.39846585e-03  1.00338544e+00 -4.29809567e-03  7.15889103e-01
 -1.96290030e-02  4.01122655e-03  6.77901459e-01  8.86918423e-01
  1.52773652e-03 -3.54559784e-03  7.47854982e-01  1.00359933e+00
  3.86760893e-04 -1.28605018e-03  1.00717211e+00  1.00375594e+00
 -1.12300126e-03  3.68680672e-03  4.09359258e-03  1.00571043e+00
  1.00172204e+00 -6.71958869e-03  2.86861527e-03 -3.00683638e-03
 -7.23412947e-03  1.72824579e-03  1.11808751e-03  1.25621993e-03
  3.11428402e-03  1.00777595e+00 -1.55383491e-03  5.86490958e-01
 -1.84342168e-03  1.00106051e+00 -4.80712757e-03 -1.04786856e-02
  2.86008082e-02  3.61705404e-02  1.14477105e-03  1.00244468e+00
 -5.34463708e-03  2.29336659e-03  7.53236721e-03  3.58685333e-03
  9.92726534e-01  4.61507601e-02 -2.66909125e-04  1.78184124e-03
 -6.24753365e-03  3.87845076e-03  1.63919036e-03  6.11642682e-01
  1.80342060e-03  1.00594336e+00 -4.78803278e-03 -2.14949884e-03
 -7.36271931e-05 -8.01417927e-04  4.98574764e-01  2.64834115e-03
  9.44915782e-01  1.41187537e-03  1.10535496e-01  1.02245853e-03
 -1.01343725e-03  1.79855488e-03 -2.44617328e-03  3.28838559e-04
 -7.60891446e-03  1.00303843e+00  9.93494185e-01  2.91085766e-01
  1.00272383e+00  3.36668858e-03 -7.74483615e-04  1.68944607e-03
  1.00253498e+00  2.24110808e-04  1.00144436e+00  2.73377942e-05
  1.02948388e-02  1.00024672e+00 -1.59965599e-04  2.30966005e-01
 -3.98971956e-03  3.97686634e-03  2.91910626e-03 -7.37148619e-05
 -8.02266015e-04  1.97312022e-03  2.64082720e-03  5.39645363e-03
 -1.04024687e-03 -3.34822532e-04  2.46785121e-03 -1.78422298e-03
  4.15161215e-03  1.00292937e+00  2.29298457e-03  1.69123945e-03
  5.15339586e-03  1.36316110e-03  4.87192486e-01 -1.62844136e-03
  1.00076423e+00  1.00423136e+00  9.04010425e-04  5.93879984e-01
  9.97971682e-01  3.35132327e-03  1.00156858e+00  1.02465514e-03
  2.53299244e-03  1.00177035e+00  2.50225234e-03  9.91624344e-01
 -3.00352734e-04  5.90902438e-03  4.86694052e-01  9.98902254e-01
  1.00586387e+00 -1.57531355e-03 -2.69293688e-03  5.06921403e-03
  2.34906160e-03 -8.45305473e-03  2.58157413e-03  4.61536063e-03
 -1.49742705e-03  2.81741990e-03  3.46311375e-03  9.48558303e-01
  1.82500083e-03  2.02983089e-03 -1.85038212e-03  4.59855819e-03
 -3.66573668e-03  2.30872280e-03  5.83591833e-01  2.63424572e-03
 -7.58620690e-04  9.98908569e-01  9.73366375e-04 -7.44594955e-04
  1.07605829e-03  3.23331471e-03 -9.41274546e-03  5.46341161e-03
  3.12461666e-01  1.02941581e-03  1.00358272e+00  1.60931098e-03
  1.00605372e+00  6.15820311e-03  3.22856257e-03  2.48910828e-03
  5.30714072e-03  1.00530725e+00  1.00807811e+00  1.10687734e-03
  7.46299395e-03  1.00802677e+00  1.00700637e+00  9.97970005e-01
 -1.21589680e-03  1.00082530e+00  3.40442541e-03  5.46699089e-04
  6.40565593e-03  1.00772414e+00  6.09165144e-03 -3.24725182e-03
  1.30484303e-01 -8.33629588e-03  4.01690156e-03  7.43012161e-04
  7.36878186e-03  2.34744399e-03 -1.52392876e-03  7.09203738e-01
  1.00421712e+00  8.03782463e-01  3.89155335e-03  1.30937843e-03
 -1.77687189e-02  4.41703780e-05  1.00154721e+00  1.00105010e+00
 -1.66119001e-03 -2.79089002e-03 -5.32776556e-04  1.00155923e+00
  2.85033457e-03  1.61189240e-03  5.92385654e-01 -7.03732216e-04
  6.64889979e-06  1.00498264e+00  1.00387112e+00  1.00326187e+00
  1.02667405e-03 -4.44958055e-03  1.00306224e+00 -3.33347073e-03
 -6.86807475e-03 -3.15984953e-04 -6.61063325e-03  1.00610764e+00
  7.90135322e-01  5.13092672e-03 -1.31767729e-03  8.81931812e-01
  3.77717773e-03  4.37348317e-04  9.99172545e-01  1.34909715e-03
 -1.73237962e-03  1.00002971e+00  2.97487801e-03 -1.71516409e-03
  1.58434394e-03  1.96268012e-03  1.00424760e+00  2.51302723e-03
  3.54575694e-03 -7.81929075e-03 -2.13324095e-03  4.57298144e-03
  7.92782971e-01  3.21378524e-01  9.97866759e-01 -2.83679894e-03
  4.81260070e-03  1.00528445e+00  1.00352010e+00  1.00714967e+00
  5.38327956e-03  2.05352816e-03  3.14356990e-03  1.00057676e+00
  5.84386047e-01  5.67848007e-03  9.36906540e-04  4.25785592e-03
  7.50041350e-02  4.78531377e-01  1.58098181e-03 -1.63813998e-03
  5.07742897e-03  1.00783860e+00  3.54761008e-03  4.24185892e-03
  1.00169613e+00  6.41318671e-02 -9.03155853e-03  1.68876850e-03
  1.09187930e-01 -1.14280864e-03  5.71780909e-01  3.71006654e-03
  1.96325812e-03 -1.