[ 6.94121580e-01 -6.21126798e-03  7.77387033e-01 -1.65429254e-04
  9.99961115e-01 -3.24247904e-03  6.54946643e-04  1.00295065e+00
 -4.85513774e-03  3.07600530e-03  4.20312756e-02  1.01174441e+00
  5.06931454e-01  3.81192733e-03  5.54862302e-03  9.98538334e-01
  8.75531800e-01  3.03916890e-01  2.96286047e-04  1.56196612e-03
 -6.22661038e-04 -1.46719283e-02  6.37203694e-01  1.00887097e+00
  4.94253744e-01  7.13259659e-01 -2.70515141e-03  1.19480313e-02
 -1.00898437e-02  4.38433572e-01  1.69041047e-03  6.38153180e-03
  2.34148793e-01  9.94414187e-01 -6.95272293e-03  1.00283195e+00
  7.40388054e-01  1.00445533e+00  1.55065660e-02 -5.02023673e-03
 -5.05126611e-03  9.90250699e-01  1.09769924e-02  5.67865987e-03
 -2.03969888e-03  1.31339563e-02  9.99169662e-01  1.19817028e-02
  9.71333120e-03  4.46600045e-01  5.20168294e-03  9.25499335e-03
  1.00260418e+00  1.00526247e+00  1.00820890e+00 -9.12391793e-03
  1.00112950e+00  1.00135368e+00  3.73669405e-01  1.83360348e-03
  3.56477551e-03 -1.79685317e-03 -3.19241448e-03 -4.18848921e-03
  1.08091100e-03  8.58068677e-01  8.59284870e-01  9.99711511e-01
  1.57652293e-01  7.03153904e-03  5.65077626e-01  3.60614071e-01
  1.00824254e+00  1.64515975e-03  4.77747934e-03  3.08724765e-01
  2.80873775e-01  1.16723104e-02  1.48443678e-02  1.01290246e+00
  6.33454013e-01  6.10768905e-03  2.33102201e-03  1.00415946e+00
 -8.52920428e-03  4.44713889e-03  1.00138462e+00  5.90136396e-01
  9.99306899e-01  1.02589465e-02  2.13757382e-02  6.39228052e-01
 -3.33786048e-03  8.30705201e-04  1.38872289e-04  1.59188869e-02
  3.73928238e-03  6.24673056e-03 -1.14030893e-02  4.70640630e-04
  6.00448516e-03  7.00824794e-01  5.94499566e-01  1.49367623e-02
 -9.34387046e-03  9.97924386e-01  7.72500405e-03  5.89442392e-03
 -3.73226391e-03 -1.18253269e-03  3.37283570e-01 -1.51166808e-02
  3.92786139e-02  9.96420546e-01  1.00359562e+00  1.00611971e+00
 -1.33301414e-02 -6.23144588e-03  4.06692047e-01 -5.19649594e-03
 -1.29109353e-02  6.99145123e-03  1.07564311e-03  1.00121047e+00
 -7.35025803e-03  5.66784852e-01  7.97256107e-03  2.39257832e-03
  7.72997130e-03  2.30736361e-03  1.00823131e+00  1.01025142e+00
 -3.55788913e-03  3.69249222e-03  1.00088251e+00  9.97496431e-01
  3.26581953e-03 -5.33096866e-03  1.57781639e-01 -6.31502752e-03
  6.21259581e-03  1.00312292e+00  9.95962142e-01 -3.35964267e-03
  3.21957754e-03  5.82709887e-03  6.85413348e-01  1.84320281e-02
 -4.16707486e-03 -7.34674789e-03  9.98982617e-01  1.29837886e-02
  1.00036308e+00  8.01040216e-01  3.81133760e-03  1.00538701e+00
  3.72848858e-02  4.92879224e-03 -1.63672214e-03  9.36274138e-01
  1.01029427e+00  9.88740929e-01  1.00665330e+00  2.03716953e-03
 -9.35768718e-03 -1.09651830e-02 -4.61156088e-03  6.52265775e-01
  6.06418319e-03  1.00215310e+00  1.50446093e-05 -4.44044135e-03
 -7.84580359e-03 -5.56080116e-03  4.50917865e-04 -6.00210659e-04
 -6.11113360e-03 -1.17759379e-02  1.01820678e+00  5.17128560e-03
  7.43991521e-01  1.06754495e-02  2.08842085e-01  9.96638663e-01
  2.67742722e-03 -1.20446407e-03  5.37746778e-01  8.24969110e-03
  1.01028469e+00  1.00247888e+00  9.72363319e-01  8.67250245e-01
  1.00328194e+00  1.62695408e-03 -7.49318740e-05  9.97327205e-01
 -4.37799407e-03 -1.54699704e-03 -2.25338603e-03 -5.86567938e-03
 -9.14785211e-03 -7.52487942e-03  9.69177901e-01 -1.87154639e-03
  5.51881242e-01  1.01320336e+00  7.78150161e-03  6.42936591e-01
 -6.38645343e-04 -1.96820038e-03  3.08294899e-03  3.16194041e-03
  1.00006660e+00  3.90530784e-01 -5.79444926e-03  1.74129931e-02
 -1.20377259e-02 -3.16315770e-03  1.00229513e+00  6.23318164e-01
  2.61680554e-01  1.00741307e+00  1.20320292e-03  3.95489693e-03
  5.65764313e-03  1.87132866e-01 -3.14176849e-03  3.55225853e-04
  4.42055058e-03  9.94329092e-01 -6.77832154e-04  5.93185031e-03
  4.20716261e-03  1.26184484e-03  1.00845164e+00  1.13090649e-02
  7.59118904e-01 -4.32643991e-03  7.31099794e-01  1.17742030e-02
  1.01352945e+00  7.78466343e-04  1.00533907e+00  9.94323570e-01
  6.63824475e-03  1.00130109e+00  7.36747553e-01  1.01317198e+00
  6.75701832e-02  5.08969444e-02  5.86472989e-03 -5.41114883e-05
 -5.33120184e-03  7.19419126e-01  9.94447733e-01  5.27562164e-03
  8.88362354e-03  4.31136465e-04  1.00825908e+00 -1.39487543e-03
  8.15139506e-03  1.02494883e-02  2.46133572e-01  6.72776476e-03
  2.95447988e-01  7.85194970e-01  2.37650284e-03  1.00477652e+00
  7.47221846e-03  6.13452704e-01  6.66452464e-01  1.90035675e-03
 -2.85086958e-03  4.68688419e-03  1.06770126e-03 -1.01525197e-03
  1.00416164e+00  1.05208066e-03 -6.20713094e-03  1.02738814e-01
  9.89633367e-01  1.00406496e+00  6.61032452e-03  3.93840648e-03
 -4.04424051e-03  5.31788720e-03 -9.80867501e-03  3.67193613e-01
  9.94285483e-01 -1.72543769e-03  9.05570807e-01  4.94463351e-01
  9.96181001e-01  8.00056539e-01  1.00568847e+00  2.04747067e-01
  8.60818387e-02  5.95649420e-03  7.26422406e-03 -1.89609133e-03
  1.01240050e+00  2.84449011e-03  1.00555510e+00  8.34130868e-01
  4.98091781e-03  5.70188466e-03  8.52031158e-03  1.00379627e+00
  3.18337187e-01  2.72116080e-01  4.66832149e-03 -1.54949374e-04
  6.56557907e-03  8.45628251e-01  4.70611553e-03 -6.38465609e-03
  1.42368162e-03 -1.68046433e-03  1.00255576e+00  5.55335623e-03
  9.97783407e-01 -8.02509630e-04 -4.34426882e-03  9.98883124e-01
  1.00381544e+00  9.14984174e-01  8.74182903e-03  5.70500859e-01
  1.00376757e+00  1.94143664e-02  1.45799381e-02 -4.87187740e-03
  6.79939335e-01  7.55207459e-04  2.76515243e-01 -3.04352014e-03
  9.90686197e-01  2.09738024e-03 -3.59790375e-03  1.47082922e-02
  3.35984206e-03  4.96775850e-01  8.99459432e-01  1.00273229e+00
 -6.46048119e-03 -1.76008023e-03 -1.17047048e-02 -3.22039349e-03
  9.98094880e-01  6.47243420e-03  4.63521729e-03  3.41628788e-01
 -2.43474816e-03  3.79765986e-03  1.48391656e-02  1.01566052e+00
  1.78689665e-01 -3.98980505e-03  4.92429942e-03  9.34994627e-01
  1.07018934e-03 -4.51475275e-04  3.72504569e-03  5.85370507e-03
  9.91134150e-01  2.57453443e-01  1.00631975e+00  1.01392473e+00
  1.30473534e-03 -3.