[5.31806832e-01 2.93223879e-01 9.33445108e-01 1.22932101e-01
 6.23604080e-01 8.19487389e-01 4.49167512e-01 3.00412557e-01
 3.70530200e-01 8.83838511e-01 3.15524019e-01 8.48328633e-01
 7.06948741e-01 5.20962897e-01 9.38891100e-01 8.39279375e-01
 2.50908659e-01 7.94286079e-01 3.29235369e-01 7.12048498e-01
 9.88380690e-01 9.90951932e-01 3.69682198e-01 7.78398007e-01
 9.26149246e-01 1.15412732e-01 4.24203527e-01 3.16289834e-01
 2.52515520e-01 6.91475129e-01 9.49861818e-02 3.79833000e-01
 9.48761961e-01 5.74812830e-01 9.47112503e-01 6.87517430e-01
 3.27167505e-01 4.02167047e-01 8.87229571e-01 5.38278087e-01
 9.46475259e-01 2.00199364e-01 9.28596171e-01 8.48961539e-02
 4.21906952e-01 8.11371855e-01 6.12623350e-02 3.92714619e-01
 1.08823621e-01 6.44124369e-01 9.69941230e-01 3.30863723e-01
 4.87577956e-01 5.59008670e-01 6.47788979e-01 2.67885537e-02
 4.51158200e-01 2.16210190e-01 4.02833401e-01 2.41436465e-01
 9.57724823e-02 1.57229120e-01 8.34866739e-01 5.08485171e-01
 6.62885184e-01 9.30591428e-01 2.28159467e-01 8.24244193e-01
 2.36531770e-01 7.40890195e-01 1.74947832e-01 9.92584966e-01
 6.66226868e-01 3.61068394e-01 1.26575411e-02 7.44616033e-01
 7.93738050e-01 7.97315481e-01 9.10102558e-01 8.26757542e-01
 7.17564012e-02 4.64303213e-01 8.51478562e-01 1.58886799e-01
 5.98927024e-01 9.57684603e-01 9.09622456e-01 7.16432158e-01
 8.32855438e-01 4.30876269e-02 2.54667468e-01 9.04885130e-01
 1.70426319e-01 6.48680965e-02 8.26987153e-01 8.74016543e-01
 2.65009825e-01 3.01196729e-01 4.48426744e-01 6.45555822e-01
 2.97364599e-02 1.35232308e-01 4.80995400e-01 2.45883267e-01
 6.27609961e-02 6.53474761e-01 9.54328206e-01 8.64271253e-01
 1.38909724e-01 4.47652384e-01 7.95725668e-01 5.98637798e-01
 6.36023395e-01 5.77604110e-01 1.64138461e-01 3.33491176e-01
 4.69957432e-01 5.14157517e-01 8.34638297e-01 2.24864539e-02
 2.07144473e-01 4.25981926e-01 4.97118056e-01 6.92080337e-01
 6.57063081e-01 8.59517123e-01 4.50693150e-01 8.71335890e-01
 2.11795843e-01 7.75332154e-01 7.41945293e-01 1.15843685e-01
 1.31596846e-01 5.96528931e-01 8.28339576e-01 2.43480366e-01
 1.65213995e-01 7.84011750e-02 3.42417692e-01 8.04149283e-01
 2.32502742e-01 5.56068446e-01 2.31044883e-01 3.38389717e-01
 5.23094424e-01 4.62256162e-01 8.07900492e-01 2.23821703e-01
 8.16111129e-01 7.65730022e-01 9.72268874e-01 9.00891023e-01
 4.41820217e-01 8.24669905e-01 5.11608622e-01 5.39364046e-01
 4.09517945e-01 4.30018116e-01 5.52899440e-01 8.54615058e-01
 3.24685618e-01 9.11377162e-02 2.43053375e-01 2.08057076e-01
 8.60546628e-01 9.03690378e-01 2.55010864e-01 6.84616044e-01
 6.90075025e-01 6.98458607e-01 9.91107012e-01 7.14392576e-02
 4.37038591e-01 3.75268160e-01 8.43906845e-01 4.44260076e-01
 9.38649155e-01 9.95610886e-01 6.77936476e-01 9.57495693e-01
 9.39457264e-01 2.66444156e-01 5.93827814e-01 6.19738568e-01
 4.66078935e-01 5.05700572e-01 3.10665289e-01 1.17522724e-02
 9.56438383e-01 7.89011415e-02 2.80566009e-01 9.07743936e-01
 8.18557832e-01 5.96193135e-01 7.81051729e-01 6.93711105e-01
 6.16313203e-01 9.18957291e-01 4.27781385e-01 2.71442620e-01
 6.95492154e-01 7.31440554e-01 6.68037334e-01 7.62909341e-01
 5.91475643e-02 9.12412672e-01 3.53029637e-01 5.19360967e-01
 2.52574423e-01 3.82408483e-02 1.23848206e-01 1.90307033e-01
 8.92720044e-01 2.30662056e-01 5.71458431e-01 9.61407861e-01
 7.64604877e-01 4.10908435e-01 1.78336172e-01 8.32372321e-01
 1.08847912e-01 1.06869908e-01 3.04963710e-01 5.30964930e-01
 1.86833710e-01 1.92841575e-01 4.13982379e-02 7.43943672e-01
 1.15282231e-01 4.87582219e-01 4.67625534e-01 7.36842764e-01
 8.31113509e-01 9.39948748e-01 8.07715979e-01 3.18779885e-01
 7.70776841e-01 3.12045918e-01 5.56763514e-01 5.22028996e-02
 8.16963543e-01 7.42964619e-01 5.38308973e-01 3.99794670e-01
 2.67796678e-01 2.49083858e-01 1.54700542e-01 5.71194623e-01
 4.32101384e-01 4.05073108e-01 2.57684310e-01 9.17718163e-01
 2.65278262e-01 1.58703453e-01 9.97080060e-01 5.59488800e-01
 7.45347692e-01 1.32986170e-01 6.69457319e-02 2.53059127e-01
 2.30149447e-01 3.37399053e-01 8.87482893e-02 6.82178781e-01
 2.36505855e-02 4.71641645e-01 8.80641782e-01 5.90468008e-01
 9.51183233e-01 6.55970451e-01 9.73390458e-01 7.41036672e-01
 2.14127000e-02 2.51875029e-01 2.98709291e-01 5.74512516e-01
 5.96815775e-02 5.69642291e-01 7.71289983e-01 3.13999376e-02
 9.15156474e-01 4.94152476e-01 1.44728182e-01 1.59312088e-03
 5.85150663e-01 1.85252844e-01 8.57560334e-02 9.06811657e-01
 1.95563481e-01 9.03368222e-01 3.18482031e-01 1.44946873e-02
 4.91297514e-01 4.74710236e-01 9.02266878e-01 2.22441190e-01
 5.25534457e-01 5.39745388e-01 5.30987420e-01 2.62006730e-01
 2.08927754e-01 4.75803571e-01 9.69009474e-01 1.64865638e-01
 4.23032123e-01 7.40093994e-01 9.58148473e-01 1.92645269e-01
 8.58763040e-01 1.57204521e-01 4.19622833e-01 2.91581796e-01
 2.59218288e-02 5.01624416e-01 4.36598794e-01 4.34503065e-01
 1.46257512e-01 5.91516986e-01 5.21835415e-02 9.51930280e-01
 5.38439292e-01 8.99957505e-01 7.06506552e-01 9.12864942e-01
 7.85202581e-01 9.66533533e-01 3.36341697e-01 2.28047805e-01
 8.13751386e-01 5.90941578e-01 9.05791127e-01 1.77604828e-01
 8.33378830e-01 1.58982753e-01 3.85761212e-01 7.44688663e-01
 3.65222015e-01 3.44526913e-01 6.83328732e-02 5.99725755e-02
 2.22405160e-01 1.74332170e-01 5.21831898e-01 7.75091055e-01
 8.35060265e-02 8.24901077e-01 4.90104207e-01 8.43868806e-02
 2.53438088e-02 7.12263375e-01 8.10476915e-01 1.18532462e-01
 5.48376625e-01 9.49954994e-01 3.26124206e-01 3.45921559e-01
 5.31465105e-01 9.51367091e-02 8.76288400e-01 1.19819230e-01
 6.96460296e-01 1.81909617e-01 6.24514041e-01 7.04465578e-01
 7.41466531e-01 7.66090208e-02 6.80431639e-01 2.57853150e-01
 9.22669687e-01 2.81804931e-01 1.39694453e-01 8.94860826e-01
 1.29178978e-01 5.87838764e-01 1.37716405e-01 7.93928003e-01
 9.48952805e-01 7.08609512e-01 6.12844522e-01 5.61202488e-01
 1.95736597e-01 4.21488259e-01 2.14334934e-01 3.97244398e-01
 5.60618144e-01 9.54086540e-01 9.93018848e-01 5.59082959e-01
 2.76817673e-01 8.05811239e-01 2.95992306e-01 2.48833782e-01
 2.98252231e-01 6.8661