[-3.84581758e-03  1.00104040e+00  3.45490736e-04 -8.12448034e-03
  2.85778085e-01  1.00431354e+00  4.26617585e-03  2.10469955e-03
 -1.32802827e-03  6.80611748e-04 -1.02012029e-03 -4.32557755e-03
  4.38261465e-03 -7.86376027e-04  1.14860859e-03  4.60085682e-04
 -1.12370803e-03  4.12543406e-03  9.99384273e-01  1.00229618e+00
 -1.86887842e-04  7.57758364e-04 -2.77274995e-03  7.43097392e-04
 -3.46785404e-04  7.69001538e-04 -3.87194997e-03  9.36492608e-04
 -1.51858140e-03  1.62888154e-03  5.27066623e-01  2.91017824e-03
  4.32820347e-03  1.00136232e+00  6.16836841e-01  4.61030471e-03
 -1.64457965e-03  1.73827953e-03  5.36890494e-04 -5.04330837e-03
  2.57884133e-04  9.95227558e-01 -5.83934665e-04  2.89106269e-03
  5.40612770e-01  1.46696665e-03  1.00209130e+00 -3.40603333e-03
  1.00347979e+00  1.00284672e+00  1.00112198e+00  1.00189767e+00
  2.66977872e-04  9.98082888e-01  1.82639528e-03 -1.73576621e-03
  3.79929083e-03 -4.39881491e-05 -7.95999589e-04  9.99438387e-01
 -7.78958185e-04 -1.73342659e-03  1.26432864e-03  9.97393017e-01
  6.89885384e-01  9.32092737e-04  2.06330325e-01  9.97965409e-01
 -4.65013986e-03  4.78476572e-03  2.31865924e-03 -3.90141254e-03
  1.00292876e+00  3.86646312e-03 -1.08027251e-03  1.00522159e+00
 -6.81301749e-04  2.16372390e-03  1.48894165e-05  2.14516905e-03
 -4.03230761e-03  1.00211903e+00  2.15768438e-03  8.23830548e-01
 -4.53996516e-03  2.24162609e-03  1.00167073e+00 -5.76895967e-04
 -3.85795801e-03  9.98659837e-01  5.97823679e-01  9.97372774e-01
  2.99738920e-03 -8.72336149e-03  4.27826797e-01  9.99538999e-01
  2.74014887e-03 -1.77837281e-03  2.89326472e-03  2.39873728e-03
  1.00165344e+00  1.95536897e-03 -1.28023119e-03 -2.70412959e-04
  2.28342220e-03  9.99910544e-01 -1.53462210e-03 -1.35405006e-03
  1.00298121e+00 -1.73741607e-03  1.00376377e+00  4.76369819e-03
  2.38329657e-03  1.00194438e+00  1.14767806e-04  4.70994103e-04
 -1.58414010e-04  2.24867487e-03 -9.69085454e-04  1.00121736e+00
  6.27914825e-01 -8.51505282e-04  1.00370260e+00 -4.82117125e-04
 -7.03523599e-04  1.00511320e+00  8.67998061e-01  7.22392943e-01
  8.00293328e-01  2.82619124e-03  1.06728007e-03  1.00335860e+00
 -2.96632684e-03  1.16576871e-01  8.44385302e-04  1.00189564e+00
 -3.80551534e-03  9.99633868e-01 -2.20091648e-04  1.65130552e-03
  3.58192616e-03  2.23677292e-03  1.76946239e-03  6.95006881e-01
  2.54983723e-02  1.00511419e+00  2.00352200e-04  9.97310154e-01
  9.98865610e-01 -1.09201750e-03  1.00133552e+00 -1.91541966e-03
  1.27901240e-03  1.00259155e+00  2.63174244e-03  9.96450740e-01
 -4.40614043e-03  2.82004330e-03  1.00339103e+00  1.77420838e-03
  1.00258192e+00  5.46766234e-04  1.70832213e-03 -1.82977377e-03
 -9.59069988e-04  3.96628570e-03  1.52944137e-03 -4.90032081e-04
  1.00085803e+00  2.82989902e-03 -8.15473767e-04 -5.96155528e-04
  9.99965746e-01 -5.09945513e-03  1.00259878e+00  1.00148932e+00
  1.00102922e+00  6.03373826e-04  7.51100041e-01  1.59061499e-03
  4.33022353e-01 -2.59434317e-03  2.83983170e-03 -1.25595944e-03
  1.00321617e+00  2.93260222e-04  3.29213276e-04 -4.96973062e-04
  3.58267898e-03  1.00076264e+00  9.97868517e-01 -7.88358614e-04
 -2.01146343e-03 -4.18804709e-03  1.79127686e-01  1.00125834e+00
 -1.61075919e-03  1.00023903e+00 -1.03869612e-03  2.21424516e-04
 -7.89007694e-04 -5.30780245e-04 -1.05769939e-03  3.67805917e-03
 -5.87685718e-04  7.89641789e-04  1.00005846e+00  2.11603674e-04
  2.89433690e-03  2.38454229e-04  9.71673969e-01 -3.18025250e-03
  6.46134354e-01  1.00374423e+00  1.00472658e+00 -1.10197744e-03
  1.00220628e+00  1.00162063e+00  1.00353982e+00  1.45173477e-03
  1.00034528e+00  3.50588776e-03  1.32932071e-03  9.96701420e-01
  1.00233233e+00  1.00241610e+00  1.00005203e+00  1.57185696e-03
 -1.91385823e-03  1.10844748e-01 -3.19613045e-04  9.96068539e-04
  1.00034444e+00 -7.92544155e-04  9.98004008e-01  5.62105924e-04
  1.00488818e+00  9.02934881e-04 -2.06481057e-03  1.88284438e-04
  7.82107901e-01  2.33786576e-04  1.00141466e+00 -4.25582423e-04
  1.00155258e+00  9.98802133e-01  4.01595397e-03  1.00099472e+00
  1.00243810e+00 -1.76884687e-03  3.39598715e-03  1.00351852e+00
  1.15954427e-03  1.00107554e+00  1.80290521e-01  3.09086129e-03
 -1.73835723e-03  9.99617324e-01  1.40528812e-03  1.57530265e-04
  4.79246495e-01  2.85690850e-03  7.03112983e-04 -1.42157273e-03
  2.03844478e-03  1.73438915e-03 -1.42772351e-03  1.00273230e+00
  6.23647309e-01  1.00067726e+00  1.00045319e+00  9.97415367e-01
  2.04657205e-03 -4.04695638e-04  9.98699852e-01 -1.28643904e-03
  1.00187145e+00 -4.10323664e-03  1.00389353e+00  2.20001051e-03
  5.42008989e-04  1.34301393e-03 -2.04205680e-03 -1.78262395e-03
  2.50276286e-03 -1.96277358e-03  1.00293907e+00 -9.04502591e-04
  6.75176112e-04 -2.33644912e-03 -6.79474971e-04  1.26482024e-03
  2.24038489e-03  1.00596238e+00  9.83516285e-01  1.47770859e-03
  1.05986354e-03  1.00202753e+00  4.74724470e-03  9.99713780e-01
  8.50673214e-04  3.38088780e-04  1.00372219e+00  9.98498216e-01
  5.56569130e-04  8.94350321e-01  2.58000028e-01  3.04820843e-03
  3.07328560e-03  1.83207590e-03  1.33603958e-03  9.63086487e-04
 -1.50511568e-03  8.63806851e-01 -1.64698189e-04  1.00058668e+00
  2.91422386e-03  1.16005988e-03  1.00357389e+00  1.01845934e-03
  9.86091573e-01  1.00324442e+00  8.55996430e-04  1.00353855e+00
  3.76929081e-03  4.62739185e-03 -4.15332282e-03  1.00058729e+00
 -3.66957509e-03 -7.04473593e-04 -1.34699897e-03  1.00305158e+00
  1.94363938e-03 -1.32298539e-03  1.00148096e+00 -4.66593332e-04
 -1.69705007e-03  6.28122288e-04 -7.03898511e-04 -4.76002171e-03
  1.00097030e+00  1.00291904e+00  1.16082246e-03  3.67420300e-03
  2.92000000e-04 -2.51151459e-03  1.45268058e-03  1.00426369e+00
  1.00154264e+00  5.50141691e-03  9.97313793e-01  1.99193818e-03
  9.12328644e-01 -5.21398538e-03  1.00610710e+00  1.00400493e+00
  1.00161352e+00 -6.77098704e-04  1.04777031e-03 -3.80611830e-03
  7.82316726e-04 -4.45036773e-03 -2.58999407e-03  1.64031796e-03
 -1.63507464e-03 -1.12253598e-03  2.79837364e-03  2.00311224e-03
  1.48088633e-03  1.