[ 1.00391396e+00  1.00409787e+00  1.00704175e+00  1.00459123e+00
  1.00686891e+00 -7.74612308e-03  1.02110912e-03  1.00849602e+00
  1.00515951e+00  2.23068731e-03  1.00572905e+00  1.00353623e+00
  1.73269628e-03  1.26321629e-03  1.00425892e+00  1.85662879e-03
  1.00604149e+00 -5.40678215e-04 -5.44230720e-03  4.48700237e-04
  1.00357178e+00  1.00532844e+00  1.00549786e+00  2.22985537e-03
  1.77275174e-04 -4.11026670e-03  2.60500499e-03  2.15959020e-03
  8.00541481e-05  1.72994923e-03 -2.54541263e-03  2.35425522e-03
  1.62345553e-03 -4.05846503e-03  2.97514104e-03  1.00503768e+00
  2.90967672e-03  2.88465675e-03 -2.46975945e-03  7.21330318e-04
  1.00384633e+00  1.00544387e+00  1.21716548e-03 -5.01073307e-03
  1.83861627e-04  1.00488897e+00 -4.86527382e-03 -4.60030213e-03
  1.00501105e+00  3.99329385e-04  1.00430747e+00  1.54771346e-03
 -3.05608598e-03 -5.88817596e-04 -2.96405848e-04  1.66590697e-03
  1.84902150e-03 -2.53586384e-03 -2.15762628e-03  2.23792302e-03
  1.00678168e+00 -1.40814016e-04  2.98293215e-03  3.16407695e-03
  1.00565304e+00 -8.73183989e-04 -3.16490536e-03 -4.35482627e-03
  1.00904301e+00 -2.96405848e-04  6.36769759e-04  3.33735091e-03
  1.42309280e-03  3.21047135e-03  1.01018440e+00 -1.52698396e-03
  1.00385868e+00 -6.46799155e-04 -3.47090750e-03 -4.36284562e-03
  3.26291322e-03 -4.18839447e-03 -1.45592627e-03  6.67811711e-05
 -4.91927740e-04  6.32544359e-04 -2.45384442e-03  6.09301085e-04
 -4.45500930e-03  2.16444116e-03 -4.87140962e-04  1.00396196e+00
 -3.55731746e-03  5.98914774e-04  5.13477041e-04 -5.16389076e-04
  3.23162449e-03  4.29503000e-04 -2.25935173e-03  1.00596912e+00
  2.41457482e-03  2.95257359e-04  1.00574816e+00  1.00762329e+00
 -3.47895228e-03  3.00699648e-03  1.00346493e+00  1.00459936e+00
 -1.98151002e-03  2.72050713e-03  1.87005931e-03  1.08857313e-04
  1.00496805e+00 -6.74084112e-03  1.00377013e+00  2.82583691e-03
 -1.61583607e-03  1.00749571e+00  1.00461110e+00 -7.48796267e-03
 -2.45063959e-03 -4.92814517e-04  1.00574582e+00 -4.45170109e-03
  1.69551964e-03  1.00380526e+00  1.82494737e-03 -8.68909650e-04
 -2.45812740e-03 -5.96402571e-03  2.93445498e-03  3.01110017e-03
  1.00577462e+00  1.00392723e+00 -5.58054194e-03  1.00360367e+00
  1.00546151e+00  1.00858606e+00  1.00640895e+00  1.36204380e-03
  1.00538714e+00  1.84336566e-04  1.00578312e+00  1.00370574e+00
 -1.11616970e-03  1.00559362e+00 -3.31717255e-03  7.61187356e-04
  2.11477921e-04 -4.60170813e-03 -5.32638467e-03  1.00697677e+00
 -6.47421136e-03  1.00614032e+00  1.00349317e+00  1.00587921e+00
  3.06285033e-03  2.19012181e-03  8.34111558e-04  2.79156352e-03
  2.43830767e-03  2.55327815e-03  3.43914920e-04  1.30123903e-04
  2.03230826e-03  1.01048216e+00  1.40672566e-03  1.00541945e+00
  5.56015167e-04  2.55780321e-03 -9.98287731e-04  2.45529759e-03
  3.24845361e-03 -7.57853211e-03  1.00455358e+00  2.79621684e-03
 -9.74386495e-04  2.23195955e-03  1.00393908e+00 -1.11799063e-03
 -2.43792418e-03 -1.17342394e-02  1.00418612e+00 -5.14416248e-04
  1.56315736e-03  1.00514213e+00 -4.38718095e-04  9.99034588e-05
  1.99140645e-03  1.00639684e+00 -1.28665884e-03  1.00621830e+00
 -2.73598451e-03 -4.68517562e-03  1.00612429e+00 -7.98680838e-03
  1.05156878e-03 -8.79334090e-04  1.11063145e-03  1.00404045e+00
  1.00928717e+00 -5.42944859e-03 -5.58999176e-03  1.01201722e+00
  1.59925621e-03  1.00786468e+00 -1.21678339e-03  1.00474612e+00
  1.00693364e+00 -8.61512027e-04  1.00652196e+00 -1.28430635e-03
  1.62146730e-03  1.00359070e+00  9.52510589e-04  1.00672154e+00
  1.00397369e+00  2.03982239e-03  1.54290723e-03 -1.41068773e-03
  1.00688284e+00  1.18754652e-03  2.00162363e-04  7.51425208e-04
 -1.48466193e-03 -6.21458322e-03  1.00835814e+00 -3.94285804e-03
  1.00460137e+00 -4.04801154e-04  1.38647735e-03  1.00593898e+00
  2.45958814e-03  1.00645857e+00 -2.30481100e-03  1.00754230e+00
 -5.22536312e-03  1.00360773e+00  1.10973785e-03 -1.59447429e-03
 -1.22355552e-02 -3.41552648e-03 -7.13859215e-04  2.56991859e-04
  3.22321479e-03 -4.07043314e-03  2.50519701e-03  1.00480631e+00
  1.00392887e+00  1.00791989e+00  1.00371288e+00 -1.11932779e-03
  4.03092784e-04 -1.46618236e-03 -1.39927208e-03  1.00376236e+00
 -3.76065159e-03 -2.23588925e-03 -1.54426837e-04 -2.45214487e-03
  1.00463519e+00  5.67528576e-04  2.78257673e-03 -1.51269100e-03
  2.20395692e-03 -8.26334345e-04  2.29199236e-03  1.00778366e+00
  1.00616726e+00  2.53248706e-03  1.33085368e-03  8.02944215e-04
  5.21273672e-04 -1.66129017e-03  7.92459180e-04 -8.46205292e-03
  1.89959643e-03  1.00394033e+00  1.00420679e+00  2.86927246e-03
  1.00507376e+00 -3.42550283e-03 -1.03138601e-02 -1.69017709e-03
 -1.33069422e-03  1.00742017e+00  1.00465159e+00  2.61219574e-03
 -2.14732569e-03  1.00457409e+00  1.79769633e-03  1.00574582e+00
  6.31385094e-04  1.00664638e+00  1.23660798e-03  6.45483916e-04
 -5.13998755e-03 -2.50445518e-03 -3.78741143e-03 -5.32178158e-05
 -1.03658083e-02 -1.19932848e-02 -3.34948454e-03  1.55836777e-03
  2.29588588e-03  8.64129270e-04  1.00479395e+00  1.00716665e+00
 -9.30555932e-05 -6.57934315e-04  9.71035237e-04 -7.05313470e-03
 -6.66966119e-04 -2.94053280e-04 -2.52252926e-03  2.41280571e-03
  1.00739040e+00 -2.61338847e-03  1.19493314e-03 -1.27233857e-03
 -2.87367682e-03  3.54756834e-05  1.00650463e+00  6.31385094e-04
  1.77143595e-03  1.05824055e-03  1.00799995e+00  1.25789172e-03
 -5.89104900e-03 -4.16434502e-04 -2.74156873e-03 -3.18918258e-03
  1.00796041e+00 -2.32192411e-04  6.70598703e-04  2.28193016e-03
  1.00534177e+00  1.00401237e+00 -4.20863731e-06  1.00654758e+00
 -2.30540161e-03 -7.84812925e-03  1.00529546e+00 -1.11479554e-03
 -5.19966577e-03 -8.38023801e-03 -2.51772986e-03 -8.47968213e-03
  1.00594410e+00  1.00842381e+00 -5.19512223e-04 -6.37366264e-04
  3.04590739e-03  1.00401329e+00  1.00459880e+00  1.00567704e+00
 -2.29912284e-03 -4.59465758e-03  2.25959079e-03  1.00636873e+00
 -8.13645235e-03 -2.39485861e-03  1.00555619e+00  7.32652399e-04
  3.76428748e-04 -1.29313502e-03  1.00491471e+00  2.78227071e-03
  1.00709943e+00 -8.