[-8.23043462e-04 -3.18177945e-04  1.15718212e-03  5.91341745e-05
  1.00289121e+00 -2.16632910e-03 -2.73750000e-04  1.00067318e+00
 -2.70326813e-03 -8.56511679e-04  9.99879696e-01  1.77372052e-04
  8.30421325e-04  1.00313058e+00  2.91101483e-03  8.83858877e-02
 -1.19147548e-04  1.88518707e-03  1.00209748e+00  9.99442598e-01
  1.00068021e+00 -7.27522366e-03  2.08590420e-04  1.00156047e+00
  1.00334618e+00  4.05626893e-04 -2.19088957e-03  1.00372690e+00
 -2.71291455e-03  7.07761236e-04  2.76648768e-03  1.00462604e+00
 -9.63657781e-04 -1.74376309e-03 -1.62666730e-03  1.00194013e+00
  1.00402392e+00  9.99833290e-01  1.00240807e+00  5.57333929e-05
 -9.89956218e-04 -2.01052758e-03  1.61856730e-03 -8.08639152e-04
  1.15483861e-04  1.58998406e-03 -1.07689534e-03  2.36911214e-03
  7.67518206e-01  9.46487106e-01  4.54384296e-05  1.00240308e+00
  5.57268627e-04  1.00499079e+00  1.42339470e-03 -2.56676347e-03
  1.00365909e+00  2.59283200e-04  3.62261303e-03  9.90863781e-04
  1.00335112e+00  1.00343175e+00 -1.99236230e-03 -8.57876208e-04
 -1.47726228e-03  1.00314851e+00 -3.95919292e-04  1.00051047e+00
  1.44366837e-04 -3.12095570e-03  1.00316282e+00  1.00368284e+00
  1.00216125e+00  3.04531909e-04  4.56552613e-01  2.21183951e-04
  1.00221655e+00  2.15434016e-03 -1.32989017e-03  1.39827330e-04
  1.79081085e-04  1.00157739e+00  6.86432991e-05  4.42834327e-02
  4.24571735e-04  1.00141610e+00  1.00424256e+00 -3.67031095e-03
  1.00057091e+00  1.37290424e-03  3.23954562e-03  8.52108991e-04
 -1.24817662e-03 -1.39469675e-03 -1.66828123e-03  1.00446245e+00
  5.05084696e-04  9.19250030e-04 -1.19567978e-03  1.00139955e+00
  1.00381367e+00  1.67326062e-03  2.57031360e-01  2.59618830e-03
 -2.59037188e-03 -2.97263011e-04  2.88080528e-03  1.10812870e-03
 -5.23388301e-04 -8.12062029e-04  1.00595568e+00 -2.37960832e-03
  4.74761145e-04 -5.01006052e-03  1.00335977e+00  1.00147695e+00
 -2.66455699e-03 -1.31847919e-03  5.54840919e-04 -1.75858286e-03
 -7.32788755e-03 -6.72881307e-04 -1.09082039e-03 -1.40485954e-03
 -1.02966589e-03 -8.51546941e-04  1.00322628e+00 -5.89136884e-04
  1.40627783e-03 -3.46750472e-04 -9.44462107e-05  1.00188349e+00
 -1.21893458e-04  9.99213975e-01  1.00258869e+00 -3.36548861e-04
  1.00240500e+00 -3.04997228e-03  1.53009281e-03  4.26744206e-01
  1.00062882e+00  7.28460636e-05 -8.20420774e-04 -4.58944152e-04
 -1.34300821e-03  1.20554697e-03 -5.85945045e-04  1.00335604e+00
  2.83013406e-04  3.34300079e-01  1.00330372e+00  7.41272233e-04
  2.70780420e-04  1.00345903e+00 -1.36930533e-03  1.00271072e+00
 -8.07557160e-04 -1.28485865e-03 -1.87378567e-03  3.57793977e-04
  1.00387959e+00 -2.73214525e-03  8.51972317e-04 -8.44088040e-04
 -6.09515951e-04  2.46038015e-04 -2.86967230e-03  1.00290187e+00
  1.41844322e-03  1.00154649e+00  8.68959633e-04 -1.62811227e-03
 -1.63893015e-03 -1.97965689e-03  1.11737646e-03 -8.53487871e-04
 -5.90045367e-04 -4.29187531e-03  1.00355210e+00  8.02166115e-01
  1.31001058e-03  1.00287646e+00  6.13094630e-04  1.00578109e+00
 -1.09523209e-03 -1.82695579e-03  1.58735512e-03  1.00408269e+00
  3.78355150e-03  1.98341279e-03  1.00183806e+00  1.00423892e+00
  2.34065913e-04 -2.60846363e-05 -2.11916010e-03  6.66133005e-04
 -3.63168234e-03 -4.21569620e-04 -3.43016191e-03 -1.81009803e-03
 -2.84241410e-03 -3.83806255e-04  6.31589721e-04 -7.36145877e-04
  1.00330546e+00  1.00206982e+00  4.10504538e-03  1.00094909e+00
  1.00119741e+00  2.15171432e-04  7.83152831e-04 -2.78217665e-04
 -2.82617746e-03 -1.00690715e-04 -1.14284939e-03  2.10239235e-03
 -3.52168399e-03  1.00061466e+00 -2.34962626e-03 -1.71853114e-04
  8.25944652e-04  1.00384570e+00 -2.28688888e-03  1.00259860e+00
  1.00234566e+00  1.00207255e+00  2.20709038e-03 -8.06511787e-04
  1.49471787e-01 -1.76868221e-03  1.08364701e-03  6.38923765e-04
 -7.17329321e-04  1.00034905e+00  1.00292503e+00  2.15689560e-03
  1.00448912e+00 -9.74168396e-04  9.03586442e-05  1.00440632e+00
  1.00410031e+00 -2.59026551e-04  9.70434012e-04  1.83108891e-03
  1.00285418e+00  1.00115450e+00 -9.93312458e-04  1.00389725e+00
  2.35612832e-03  1.00181892e+00 -2.05072200e-03  1.40374282e-03
 -1.30531710e-03  1.00283606e+00  5.48509112e-01  3.24148648e-04
  2.46962134e-03  1.49422304e-03 -1.13190676e-04 -7.69549610e-04
  1.23531223e-03  1.00327094e+00  1.36496763e-03  2.59059078e-01
  1.56928132e-03 -5.32144119e-04  1.35631492e-03 -9.54414728e-04
  1.00494097e+00 -1.45191220e-03 -1.07494821e-03 -2.34353227e-03
  1.17356390e-03  2.18872855e-03 -3.41157278e-03 -8.96820175e-04
  1.00175543e+00 -1.83881924e-03 -1.15851364e-03  2.24080476e-03
  1.00007081e+00 -3.84742147e-04 -1.70479713e-03  1.00157512e+00
 -1.36269016e-03  1.00459333e+00 -6.29718304e-04  4.80650564e-04
  9.64194378e-01 -1.83147905e-03 -3.64763720e-03  5.42714995e-04
  1.00117847e+00  2.02037623e-03  6.07013041e-04  3.83889138e-04
 -3.11931614e-03 -1.23434874e-03  1.00276137e+00  6.12388014e-04
  1.82922192e-03 -4.39129649e-04  1.00172133e+00 -1.45000470e-03
  4.08559037e-04  4.81362634e-01  1.00254616e+00  5.60248293e-04
  2.48049862e-03  1.00368907e+00  1.00316600e+00  5.41062140e-04
  1.00219573e+00 -5.56860265e-04  1.00234782e+00 -1.97584964e-03
  1.00243715e+00 -6.65710978e-04  1.00194075e+00  1.00344349e+00
  5.29521293e-04  6.29812489e-05  1.00209930e+00  1.00034979e+00
 -3.24073564e-05 -2.41683356e-04  1.30692941e-03 -1.04407651e-03
  8.74868187e-04  7.45268475e-01  1.00307241e+00 -3.20246940e-03
  1.00443282e+00  4.56989147e-04  1.00161180e+00 -1.22525609e-03
 -3.72585373e-03  6.07635653e-04 -5.28456744e-04  2.06900417e-03
  1.00302581e+00  1.00112011e+00  1.00248062e+00  5.81044550e-04
 -3.37899050e-04  1.54173149e-03 -1.70081166e-03  4.47009527e-02
 -1.98115935e-04  6.02659301e-04 -5.35947223e-04 -4.48936591e-04
 -1.17293492e-03  1.00103877e+00  1.59167496e-03  1.00474340e+00
 -1.56952747e-03  8.59626048e-04  1.48787563e-03 -5.26924322e-05
 -1.98709860e-03 -1.44142929e-03 -2.61870576e-04  1.63155177e-04
 -1.23857610e-03  9.28874797e-04 -7.75108113e-04  2.13084866e-01
  2.76229794e-05 -4.