[ 9.96885373e-01  9.99377246e-01  1.00018418e+00  1.00104755e+00
  1.00004959e+00  1.00001650e+00  1.00046497e+00  9.99896244e-01
  1.00006821e+00  9.99155898e-01  1.00113807e+00  9.99454834e-01
  1.00001893e+00  9.99792163e-01  9.98620849e-01 -5.33947952e-05
 -7.50547848e-04  1.00021304e+00  8.45004220e-04  1.00002894e+00
 -4.84478514e-04  3.28286062e-04  1.24459680e-04  1.00042659e+00
  1.00096748e+00  1.79211228e-04 -1.92013696e-03  5.85167787e-04
 -2.26156987e-05 -2.27197475e-04 -9.66163065e-05  5.34487787e-04
 -2.77826813e-04  9.99726500e-01  1.15389390e-01  9.99863071e-01
  9.99961904e-01 -6.71476713e-05 -8.14077508e-04  2.27331439e-04
  9.99921698e-01  9.99630098e-01  1.00099554e+00  1.32543076e-04
  1.12485524e-03  1.19783724e-03  9.99900902e-01 -4.78277200e-06
  5.94227748e-04  9.99032750e-01  5.65888918e-04  5.61865433e-06
  7.30820586e-04  6.84415846e-04  3.96626629e-04  1.00129580e+00
  9.99832130e-01  9.01310825e-04 -2.49082997e-04 -5.63711979e-04
 -1.36893318e-04  9.99301774e-01  6.19158319e-04  9.99218452e-01
  2.69636702e-04  1.97432762e-03  9.99872670e-01  1.59917233e-05
  1.18173706e-04 -3.14565027e-03 -8.58287772e-04 -2.26087531e-04
 -1.22157367e-03 -1.12814882e-04  4.13489694e-04  1.00060325e+00
  5.11499111e-04  1.82962737e-05  1.00010856e+00  1.30851581e-03
  9.99696852e-01  9.59552903e-01  6.07449316e-04  9.99456923e-01
 -7.26513611e-04 -5.80103504e-05 -3.10110269e-04  7.07361039e-01
  9.69591545e-01  6.44300152e-04  9.99813822e-01  1.00123528e+00
  1.00040810e+00  9.98811306e-01  9.99884106e-01  8.27910777e-04
  1.00097863e+00  9.99763296e-01  7.09233144e-01 -8.13958152e-04
 -6.88898863e-04  9.99882654e-01 -1.61932445e-04  1.00083110e+00
  1.00038690e+00  1.56282582e-01  6.89722317e-04  9.99968318e-01
  7.14231938e-04  5.39907041e-04  2.71583801e-04 -2.37675120e-04
 -2.00826167e-03  3.81277287e-04 -3.36703693e-04  9.99917090e-01
 -3.07354500e-05  2.04048736e-03  1.19104516e-03  1.00059556e+00
 -7.11823204e-05  9.99871283e-01  1.00112228e+00  9.84795671e-04
  1.27558570e-01  7.32164335e-04  5.98188812e-05  3.28858152e-04
 -1.87713331e-04  9.99692415e-01 -5.28023503e-04 -1.82409716e-03
  9.97503466e-01  1.12820538e-03  7.34509541e-07 -2.58459393e-04
  3.41766502e-04  4.56909323e-04  2.31566383e-05  1.00047566e+00
  8.27773788e-04 -2.56425376e-05  9.99499020e-01  2.18244855e-04
 -3.18880077e-04  3.90279737e-04  1.00094859e+00  9.99854216e-01
 -4.02718525e-05  1.00002153e+00 -1.26155462e-05  1.85132947e-06
  1.27156767e-03 -2.77223439e-04 -2.27946902e-04  2.01406230e-04
 -3.42979538e-05  9.99790250e-01  1.15019462e-05  1.00023900e+00
  1.00006582e+00  4.28529662e-04 -7.12207257e-04  7.12738436e-04
  1.00020545e+00  9.99687634e-01  3.66821832e-04 -2.02620968e-04
  9.99690730e-01 -2.15099909e-04  9.80268715e-04  1.00022322e+00
 -6.83742298e-04  9.99822687e-01  1.00029711e+00 -7.04734411e-04
  3.23071968e-01 -1.99927031e-04 -1.37542772e-03  4.65991673e-01
  7.42592580e-04  1.71566475e-03  9.99584835e-01  1.30692677e-04
  9.99917750e-01 -3.54424828e-04 -3.09218596e-04  2.91536138e-05
  8.46853077e-04  1.00005095e+00  9.99795298e-01  2.70179402e-04
  1.00043621e+00  4.33984597e-04  9.99764373e-01  9.99187533e-01
  4.73659182e-04 -2.89382258e-04  9.99658665e-01 -9.98860307e-05
  2.26705516e-04  9.99976159e-01 -7.16665494e-04  1.41947080e-03
 -2.98153745e-04 -1.05154599e-04  8.49190842e-04  9.99429254e-01
 -3.22370197e-05  1.00053649e+00 -9.67479956e-04  1.34278326e-04
 -3.69033920e-05  9.99960960e-01 -5.06584727e-05  3.50734376e-04
 -1.30805531e-04 -2.71565268e-05 -2.80297667e-04  1.00018447e+00
  8.26735291e-04  1.00017657e+00  2.83131701e-04  1.00019980e+00
  4.83591054e-04  8.19931887e-04  9.99611164e-01 -2.55087110e-04
  7.10141571e-04  2.94740224e-04 -2.37393632e-04  1.00030406e+00
 -1.00259280e-04 -2.06086749e-03  2.74131036e-04  3.48076234e-04
  1.00005543e+00 -8.55178645e-04 -3.24015807e-04 -3.10157924e-04
  2.01573099e-05  3.77407018e-05  2.87961656e-04  6.79618461e-04
  1.00080487e+00  1.00164044e+00  4.54891855e-04  9.99766438e-01
 -4.76636484e-06 -6.17873383e-04 -3.26339091e-04  9.99800591e-01
  1.31804169e-03  9.99565000e-01  8.56200222e-04  6.20680622e-04
  1.92548363e-01  9.99545807e-01 -6.66598564e-04 -2.72354809e-04
  2.43637871e-05  9.99708843e-01  4.71147599e-04  6.26811455e-04
  3.63053782e-04  1.00030654e+00  1.47119361e-04  9.99502750e-01
  1.00014216e+00 -2.06186593e-04  7.85204567e-04 -2.82983468e-05
  9.01350003e-04 -5.44296990e-05  6.88343335e-06 -1.33231115e-04
  1.32013352e-03  8.45714756e-05 -4.50506595e-05  1.29858375e-03
  1.00324776e+00  9.99326262e-01  3.43750218e-04  1.00021507e+00
  2.70348074e-01 -2.57374182e-04  9.99550444e-01  9.99339345e-01
 -3.50634847e-04  6.47506072e-04  1.00038934e+00  7.47494858e-04
 -3.75531579e-03  9.98833521e-01 -5.70570541e-04  9.99856580e-01
 -1.11248113e-04  1.88634488e-05 -4.83464946e-04  9.99929477e-01
 -5.80233333e-05 -1.58059761e-04  1.00053076e+00  1.42755877e-03
  1.00010758e+00  2.27767296e-04  9.99418834e-01 -2.83572629e-04
  2.85363527e-04  9.99513138e-01  9.99348041e-01  1.00070939e+00
  1.00063943e+00 -4.05566414e-04  1.96701321e-04  6.90575869e-04
  7.82285860e-04  2.74561572e-03  1.00006407e+00 -4.75061067e-04
  1.00000117e+00 -4.83214653e-04  4.45430300e-04 -1.13678873e-03
 -2.44083251e-04 -2.75430735e-04  9.99649852e-01 -1.90582769e-03
  5.67135215e-04  9.99722881e-01 -2.19677736e-04  1.65051440e-04
 -1.03238090e-03  1.00023083e+00 -1.22912344e-04 -3.79854730e-04
 -3.16366468e-04 -1.94188318e-04 -3.92171297e-04  8.23325841e-04
 -2.52522645e-04  6.15085903e-04 -8.87652039e-04 -2.19460871e-05
  4.65042136e-04  1.00076084e+00  2.07077836e-05  2.06220898e-05
  6.26701889e-04  1.00012039e+00 -9.20910973e-05 -3.79616331e-04
  7.21286586e-04  1.58059951e-03  9.99389671e-01  2.44903195e-04
  1.00012038e+00  1.55600810e-04 -6.17796807e-05 -9.38789759e-04
  3.76924767e-04  6.87899191e-05  5.87640088e-04  1.98081855e-04
 -8.67629032e-04  9.99806504e-01  1.00039869e+00 -9.67365967e-05
 -6.17192833e-04  9.