[1.         1.         1.         1.         1.         0.
 1.         0.         0.         0.         0.         0.
 0.         1.         0.         0.         0.         1.
 0.         0.         0.         0.         1.         1.
 0.         1.         1.         0.         0.         0.
 0.         0.         0.         0.         1.         1.
 0.         1.         0.         1.         0.         0.96650467
 0.54431387 0.         0.         1.         0.         0.
 0.         0.         0.         0.         0.         0.
 0.         0.         0.         0.         0.         0.
 1.         0.         0.3596804  1.         0.         0.
 1.         0.         0.         1.         0.         0.
 0.         0.         0.97302741 1.         1.         0.
 0.         0.         0.         1.         1.         1.
 0.         0.         0.         1.         0.         1.
 0.         0.         0.         0.         0.         0.
 0.         0.         1.         0.         0.16869764 0.
 0.         0.         0.         0.         0.         0.
 0.         0.         0.         1.         1.         1.
 1.         0.         1.         1.         0.         0.
 0.         0.         1.         1.         0.         1.
 0.         0.         0.         1.         1.         0.
 0.         0.         0.         0.         0.         0.
 1.         0.         0.         0.         0.         0.
 0.         0.         1.         0.         1.         0.36867843
 0.         1.         0.         0.         1.         1.
 1.         0.         0.         1.         0.         0.
 0.         0.         0.         0.         0.         0.
 0.         0.         1.         1.         1.         0.
 0.         0.         0.         1.         0.         0.
 0.86758875 0.         1.         0.         0.         0.
 1.         0.         1.         0.         1.         0.
 0.         1.         1.         0.         0.         0.
 1.         1.         1.         0.         0.         0.
 1.         0.         0.         0.         0.         0.
 0.         1.         1.         0.         0.         1.
 0.         1.         0.         0.         0.         0.
 0.         1.         0.         1.         0.         0.
 1.         1.         0.         0.         0.         0.
 0.         0.         0.         0.         0.         0.
 1.         0.         0.         0.         0.         0.
 0.27008258 0.         0.         0.         0.         0.
 0.         1.         0.         0.         0.         0.
 1.         0.         0.         0.         0.         0.
 1.         0.         0.         1.         0.         0.
 1.         0.79456031 0.         1.         0.         0.
 0.         0.         1.         0.         0.         0.
 0.         1.         0.         0.         0.         0.
 0.         0.         1.         1.         0.33142337 0.
 0.         0.         1.         0.47712763 0.         0.
 1.         0.         1.         0.         1.         1.
 0.         0.         0.         0.0677998  0.         0.
 0.         0.         0.         0.         0.         0.
 1.         0.         0.         0.         0.         0.
 0.08663452 0.         0.         0.         1.         1.
 0.         0.         0.         0.         0.         0.
 0.         0.         0.         0.         1.         0.
 1.         0.         1.         0.         1.         0.
 1.         0.         0.         1.         0.         0.
 0.         1.         0.         0.         0.         1.
 1.         0.         0.         0.         0.         0.
 0.         0.         0.         1.         0.         0.
 0.         0.         0.         1.         1.         0.
 1.         1.         0.         0.         0.         1.
 0.         0.         1.         0.         0.         1.
 0.         1.         0.         0.         0.         0.
 0.         0.         0.         1.         1.         1.
 0.         0.         0.         0.         0.92645528 0.
 0.         0.         0.         0.         0.         0.
 0.         0.         1.         0.         0.         0.
 1.         1.         0.         0.         1.         1.
 1.         0.         0.         0.         0.         0.
 0.         0.         1.         0.         1.         1.
 0.         0.         0.         0.         0.         0.
 0.         1.         0.         0.         1.         1.
 0.         0.         1.         0.         0.         0.
 0.         0.         1.         0.         1.         0.
 0.         1.         0.         1.         0.         1.
 1.         0.43329178 0.         1.         0.         1.
 0.         0.         0.         1.         1.         0.
 0.         0.         0.         0.         0.         0.
 0.         0.         0.         0.         0.         0.
 0.         1.         1.         0.         0.         1.
 1.         1.         0.         0.         0.         0.
 0.         0.         0.         1.         0.74392453 0.
 0.         0.         0.         0.         0.         0.
 0.         0.         0.         1.         0.         0.
 0.         0.         0.         1.         0.         0.
 1.         1.         0.         0.         0.         1.
 0.         0.         0.         0.         0.         0.
 1.         1.         1.         0.60955503 0.         1.
 1.         0.         1.         0.         0.         0.
 0.         0.         0.         0.         0.         0.
 0.         0.         0.         1.         0.         0.1553295
 1.         0.         0.         1.         0.         1.
 0.         1.         0.         0.         0.         1.
 0.         1.         0.         0.         0.         0.
 1.         1.         0.12875523 0.         1.         1.
 0.         0.         0.         0.         0.         0.
 1.         0.         0.         0.         0.         0.
 0.         0.         0.         0.         0.         0.61977564
 0.       