[ 9.99445644e-01 -1.04285378e-03 -2.76501348e-03 -8.85895911e-04
 -1.53754430e-03 -1.28164281e-03 -5.28880052e-04  1.00166162e+00
  5.61448927e-04  1.00187119e+00 -1.65224155e-04  1.00189090e+00
  7.71384788e-04  1.00193991e+00 -2.45872791e-03 -2.43659880e-04
 -1.51119100e-03  3.93732410e-04 -1.15062992e-03  1.00020394e+00
 -1.17527860e-03  1.28210295e-04 -3.56597681e-03  9.53566671e-04
 -3.72445966e-04 -1.73930599e-03 -8.94159154e-04  8.45357229e-04
  1.00241281e+00 -6.27494274e-04 -6.22824360e-04  6.26272138e-04
 -7.68878875e-04  1.00128211e+00 -1.01279015e-03  1.00257127e+00
  1.00104181e+00  1.00134390e+00  1.00062562e+00  1.00112286e+00
 -4.11052451e-04  2.97220166e-05  1.00091030e+00  1.91368934e-04
  1.00179558e+00  7.66934396e-04 -9.72984674e-04 -4.68515420e-04
 -5.29032474e-04  1.00078828e+00  4.24127667e-04  8.49798967e-04
  1.00283642e+00  4.50368193e-01  8.37026626e-04  1.00064069e+00
 -7.85248469e-04  1.00096998e+00 -8.19964994e-04 -4.70852408e-04
 -3.19147029e-04 -1.25797206e-03 -1.34353742e-03 -1.08266707e-03
 -1.57175723e-03  1.00157342e+00 -1.21813345e-03  1.00236725e+00
  9.99734476e-01  4.91045673e-04  1.00044409e+00 -9.90394035e-04
  1.00127451e+00 -5.20000170e-04 -3.28855183e-04  9.14226443e-05
 -4.95133129e-04  1.00034290e+00 -2.69176914e-04  1.00219738e+00
  1.22615374e-03 -1.69681293e-03  1.01087967e-03 -2.57524898e-04
 -1.14816279e-04  1.00154851e+00  1.00293638e+00 -7.07846102e-04
  1.00214014e+00 -8.88813377e-05 -2.50261584e-03  1.00088870e+00
 -1.41216815e-03  1.00165510e+00  2.33992502e-04 -6.76194879e-04
  1.00228753e+00  7.15352111e-01 -2.32951772e-04  1.00212341e+00
  1.00227302e+00 -3.83884557e-05 -7.36865059e-04 -1.12389052e-03
  1.00133161e+00  1.00199788e+00  1.24636971e-03  8.85941406e-04
  5.06755039e-04  5.82878251e-04  1.00073036e+00  1.03580608e-03
  4.95297183e-05 -2.53673983e-03 -1.23956087e-03  1.00091770e+00
  1.00085304e+00  9.14873078e-04  1.00067959e+00  1.34333337e-03
 -8.24580811e-04  4.50809090e-04  3.03558723e-04 -1.43077140e-03
 -1.86611730e-04  2.18537611e-04 -1.59094307e-03  1.00241170e+00
 -1.34774907e-04  7.12039599e-04  1.28147456e-03  6.25815897e-04
  1.00149986e+00 -7.38268864e-04 -3.94250000e-04  9.99875507e-01
  1.38718877e-04  1.00173908e+00  1.00120391e+00 -2.20356012e-04
  7.70737756e-04 -1.74058495e-03  1.00142658e+00  1.34493031e-03
  2.38483626e-01  1.48841597e-04 -2.97264026e-05 -3.83762140e-05
  1.00167985e+00 -7.42370477e-04  1.00049012e+00 -9.69464918e-04
 -1.79529630e-03 -4.58191013e-04 -1.99385132e-03  1.00154086e+00
 -8.75011746e-04  1.00093390e+00  4.47598176e-04  1.00107082e+00
 -5.07684980e-04  1.05056936e-06  3.22736385e-03 -1.34258746e-05
 -3.78152126e-04 -1.24781764e-03 -3.41215160e-04  1.00114325e+00
 -2.84517188e-03 -5.20583751e-04  1.75539313e-04  1.00105189e+00
 -5.85855890e-04  2.27644608e-02 -1.00617403e-03 -7.03795132e-04
 -4.60063872e-04  9.99882874e-01 -4.52441517e-04 -9.11104878e-05
 -6.10318157e-05 -5.84423049e-04 -4.12491584e-04  6.32961647e-04
  2.91412653e-04 -2.02353541e-03 -1.55597209e-03  9.77250157e-02
  1.00070465e+00 -7.61742015e-04  1.00133357e+00  1.00027687e+00
  1.97003812e-04  1.00236477e+00 -9.99012560e-04  2.77032832e-05
  5.50892937e-05  1.63151332e-03  2.57624472e-04 -2.13791555e-04
  1.17325620e-03 -1.26581191e-03 -5.77475912e-04 -7.30295855e-04
 -6.87358102e-05  1.00151877e+00 -3.64924431e-04 -4.22078749e-04
  1.00203090e+00 -2.02430178e-03  1.00032847e+00  1.00187047e+00
  1.00076971e+00 -7.89170250e-05 -3.02664777e-03  4.57587185e-04
 -7.85750136e-04  1.66373349e-04  3.43791065e-04  1.00186232e+00
  1.00032188e+00  1.75581956e-04 -6.69250000e-04  1.00084069e+00
 -3.30924270e-04  9.22145762e-04 -9.12948789e-04 -1.25620149e-03
  4.40330119e-04 -4.22121548e-04 -9.86709849e-05 -5.91730389e-04
 -3.42293218e-04  1.79606009e-03  1.00187762e+00 -6.11906003e-04
  1.00160151e+00 -3.41850934e-04  9.15876544e-04  1.00059125e+00
 -4.34250000e-04  4.42756579e-04  1.00025951e+00  1.49807171e-04
  1.00097177e+00  3.96583336e-04  1.00127873e+00 -7.77499016e-05
  3.24014647e-03  1.00105751e+00  1.00109553e+00  9.02303342e-04
  9.30361241e-04  6.09421277e-04  1.00110648e+00 -2.03182580e-04
  1.00190859e+00  1.00211210e+00  3.48522576e-04  2.70475243e-04
 -8.00780561e-05  1.00046946e+00 -1.51758543e-03  5.25458087e-04
  1.00106123e+00 -1.34778337e-05 -1.56928747e-04  1.00211554e+00
 -1.84875675e-04  1.00107142e+00  3.34509114e-05  1.00096743e+00
  2.10098444e-04  5.71806246e-04  3.01231369e-04  2.00190398e-04
  1.00042034e+00 -8.28262820e-04  1.00251629e+00 -5.91358270e-04
  1.00083659e+00  2.06695377e-04  1.00362641e+00  1.00185383e+00
  1.00040772e+00  1.80063855e-04  6.73338751e-05 -9.93272817e-04
  1.00147637e+00  1.00148491e+00  1.00178502e+00  1.00133195e+00
 -1.40371520e-04  1.29015765e-03  8.36517030e-04 -1.31723983e-03
 -6.55710897e-04 -1.35020819e-03  1.00178460e+00 -8.72061009e-04
  2.77828418e-01  2.08235775e-03  1.00170359e+00  1.00150563e+00
  1.03022003e-03  1.00144283e+00 -1.35404546e-04 -4.63311934e-04
 -1.31685378e-03  2.54325171e-04  8.50132833e-04  1.00181173e+00
  9.99783658e-01  5.38647115e-04 -1.51202956e-04  1.00060145e+00
 -1.37184124e-03  1.00293451e+00  1.00129147e+00  8.50874837e-04
  3.21119631e-04  1.46172866e-03 -1.96555675e-03 -7.93436831e-04
  8.53308077e-04 -7.93128694e-04  1.00159118e+00 -1.82096439e-04
 -3.68194008e-04 -5.92012288e-04  1.00040706e+00 -9.57230023e-04
 -1.21156456e-03 -3.33192341e-04 -9.12553334e-04  1.00247579e+00
  1.00064559e+00 -4.60256076e-04  7.93411498e-04  1.00164392e+00
  7.82695529e-01  9.99950498e-01  9.99746623e-01  2.46536392e-04
  1.00129673e+00 -1.07496586e-03  1.00123945e+00  4.98988069e-04
  3.23062509e-04  1.00172878e+00  3.94901614e-04  8.77599010e-04
  1.00138626e+00 -1.95805367e-04 -1.24043582e-03 -1.30435455e-03
  1.00150392e+00  1.00090757e+00 -5.90713183e-05  1.00033875e+00
 -1.95538185e-04 -1.00646196e-04  6.92956289e-04 -5.83579655e-04
  1.00080319e+00  1.51962546e-03  6.46920299e-04  1.41821369e-03
  1.00145419e+00 -2.