[-6.22628861e-04  3.06844920e-03  1.01605062e+00  1.00726962e+00
  1.00430923e+00 -4.18791404e-03 -8.38996529e-04  1.00618159e+00
  1.00802364e+00 -7.36183813e-03  3.59514449e-03  1.00259069e+00
  1.00611501e+00  1.00509722e+00  1.01106225e+00  1.90262262e-03
  1.00224878e+00 -1.72716834e-03 -2.91507186e-03  2.81800711e-01
  6.38354923e-04  1.00430862e+00  1.00514184e+00  5.24910806e-03
  1.00024821e+00 -6.66397167e-03 -1.69612793e-03  1.38121420e-03
  1.22319652e-03  9.99917145e-01  3.39531680e-04  7.13555391e-03
  3.02023945e-01  2.75303672e-03  1.00319512e+00  8.06905459e-03
  1.38408416e-03  1.00576335e+00  1.00438830e+00 -1.02297526e-03
  1.88005483e-03  9.09234466e-03  7.75569589e-04 -3.07008375e-03
  1.00758295e+00  1.00795620e+00 -6.27008547e-04 -6.41142874e-03
  1.00554210e+00  1.00284916e+00  3.24166282e-03  7.84525183e-04
 -1.92507305e-03 -2.09245868e-03 -6.19523399e-03 -1.18127333e-03
  3.41518468e-03 -5.49192632e-03 -2.69459852e-03  2.46923378e-03
  2.34675681e-03  4.06233618e-03  1.00731932e+00  8.09876802e-03
  6.12039712e-03  4.82105931e-03  1.78686693e-03  9.95845504e-01
  1.00575991e+00  1.00232050e+00  2.92419021e-03  1.00807079e+00
 -6.60101624e-04  1.00311684e+00  1.00982627e+00 -1.41833186e-04
  3.55354045e-03 -1.35962442e-03 -7.18500893e-03 -2.30326964e-04
 -1.50515722e-03 -1.10032334e-02  8.83372937e-01  1.00733353e+00
  1.12020304e-03  7.25465750e-04 -1.53096903e-04 -8.25851065e-03
 -3.00257716e-03  1.88923077e-03  1.00594885e+00  4.72171477e-04
  1.00432948e+00  6.20205479e-04  2.06360609e-03  1.34222222e-03
  1.00584857e+00 -4.92439311e-05 -5.97034483e-03  1.00808866e+00
  3.86914601e-03  6.26272589e-04 -1.72745746e-03  3.19678690e-03
 -5.72314236e-03  1.00924592e+00  3.51619657e-03  1.05908762e-03
 -3.41576067e-03  1.08982850e-01 -2.59885772e-03  9.31804821e-05
  8.00271993e-03 -3.88250938e-03  1.00878143e+00  1.89615523e-03
 -1.74315940e-03  6.64848548e-03  5.78686038e-03 -5.90969527e-03
  2.31438472e-03  2.54893747e-04  1.66456563e-03  9.97132020e-01
  3.36500791e-03  1.81465151e-03 -1.92196240e-03  1.00129402e+00
  2.20688055e-03 -2.65085911e-03  9.39024885e-04  3.92736678e-03
  5.81180275e-01  4.11375583e-01 -3.56935915e-03  5.80914910e-03
 -4.42541205e-04  1.56628788e-03  6.49990107e-03  1.00055823e+00
  1.00759246e+00  1.00277152e+00 -2.28287282e-03  6.62119920e-05
  1.00444364e+00  1.00716338e+00  8.93982762e-02  4.60008565e-04
 -1.71156930e-03 -1.46877208e-03 -9.30368278e-03  1.01038631e+00
 -1.18979170e-03  3.39961135e-03 -5.35704420e-03  2.38153846e-03
  1.00632530e+00  9.99993299e-01 -4.95948600e-03  5.40049936e-03
  3.39507977e-03  9.96482461e-03  2.40862728e-04  4.52933519e-03
 -4.37346771e-04  1.00933674e+00 -2.64201957e-03  1.00630838e+00
 -1.81986301e-03  6.76068719e-01 -3.96987807e-03  1.75979053e-03
 -3.92784046e-03 -3.11571625e-03  1.00477096e+00  2.17127790e-01
 -7.74063946e-03  1.00716936e+00  1.05491750e-03 -1.83243721e-03
 -3.34073691e-03 -1.27049724e-02  4.67842466e-03 -4.86214331e-03
  1.00808747e+00  1.01375634e+00  9.80011630e-01  1.00533803e+00
  8.07914239e-01  1.00738111e+00  1.00761083e+00  7.08969184e-04
  9.94887449e-01  4.83962276e-01 -1.97034143e-03 -7.03183413e-03
  1.08784814e-04  3.86384046e-01 -1.62595669e-03 -1.64851884e-03
  6.05916658e-03 -6.72239387e-03  9.95585109e-01  1.01453761e+00
 -2.54289148e-03  4.75126156e-03 -5.82861946e-03  5.03655172e-03
  9.84349235e-03 -3.39994565e-04  1.00800519e+00  9.98698983e-01
  3.47555556e-03  1.00894564e+00 -1.70827586e-03  5.68013699e-03
  1.00670951e+00 -1.39793103e-03 -9.42485879e-04  1.06649147e-03
  2.19185627e-03  1.00260034e+00 -4.19875441e-03  2.31301649e-03
  2.69320957e-03 -7.09897292e-03  1.00714418e+00  9.96815984e-01
  5.98835616e-03  9.98584424e-01  4.64140175e-02  8.01600504e-03
  7.58211755e-01  1.00807432e+00 -7.64634244e-03  1.01041185e+00
 -4.61987690e-03 -2.94406725e-03  1.50392016e-03 -9.42485879e-04
 -1.20549234e-02 -5.30151177e-03 -2.01132518e-03  1.32199051e-03
 -1.58038416e-03 -4.97045546e-03 -6.19430281e-03  6.28799221e-03
  2.81637963e-03 -1.90072389e-03  1.00527812e+00  9.97074227e-01
  1.29291815e-04  1.00259505e+00 -2.11739180e-03 -3.67911033e-03
  9.99496761e-01  3.13219143e-03  1.00226338e+00 -2.08781538e-03
 -7.49281638e-03  1.00806802e+00  1.54358399e-03 -5.77358364e-04
  2.39246575e-03  1.00051065e+00  1.00594541e+00 -1.39035401e-04
  3.74689121e-03  5.42728128e-03  1.00299001e+00  1.00703728e+00
  9.48116055e-04 -8.35619163e-03 -6.30919854e-04 -1.04908956e-02
  1.79723540e-03  8.95014040e-03  1.00823729e+00  3.68132248e-03
  1.00675954e+00 -3.92270506e-03 -3.92895108e-03 -2.39286000e-03
  1.16297902e-03  1.00324318e+00  4.03589143e-04  8.97380371e-01
 -1.35753425e-03  1.00739776e+00 -1.27278072e-04  1.00683134e+00
 -2.53153687e-03  5.38022580e-03  7.65543298e-01  1.00113709e+00
  8.65899865e-01  1.97288445e-04 -4.94674757e-03  3.36881786e-01
  9.92571123e-01 -1.18439500e-02 -2.48088807e-03  8.77033118e-04
  1.00418642e+00  6.27933771e-04  6.74078460e-03  1.01138098e+00
  9.98464245e-01 -1.85559617e-03  1.00401461e+00 -9.46880430e-03
 -3.57382483e-03 -2.78718657e-03 -8.86695098e-04 -1.72716834e-03
  6.78571136e-01  5.87507583e-01  1.00669812e+00 -5.90329936e-03
  2.42245255e-03 -4.68455834e-03  3.06350764e-04  1.00030812e+00
  9.04303451e-01  1.00583425e+00  1.00995547e+00  1.86722705e-03
 -3.04586823e-03  1.00358936e+00 -3.44974627e-04  5.49715047e-02
  1.00959463e+00  9.50077697e-01 -3.76667527e-03  5.88492530e-03
  9.74234460e-05  5.52634298e-03  9.99529006e-01  8.55943376e-03
  9.95972636e-01 -4.06567681e-03  3.70189098e-01  6.18610875e-01
  9.99920899e-01 -5.17606838e-04  4.90909789e-02 -3.73264253e-03
  1.88781831e-03  6.83394806e-03  1.00360123e+00  4.68663912e-04
 -1.52206897e-03  1.67320180e-03  6.89457136e-03  5.90777784e-03
  1.00052978e+00 -7.64158338e-04 -1.86209556e-03  4.92182718e-01
 -2.92247880e-03 -2.07203308e-03  1.00808397e+00  1.00132692e+00
  9.99675981e-01  1.46492259e-03  1.00766909e+00  6.80585679e-01
  1.00875602e+00  1.