[0.         0.         1.         0.89126465 1.         0.
 0.         1.         1.         0.94691509 1.         0.33591302
 1.         0.63005797 0.         0.80693907 1.         0.
 0.         1.         0.         0.         0.         0.
 0.98835753 0.         0.         1.         0.         1.
 0.         0.         0.         0.66725187 0.         1.
 0.53993085 0.         0.41154644 0.         0.         0.
 1.         0.         0.82337594 1.         0.         0.
 0.         0.         1.         0.         0.         0.
 0.         0.         1.         1.         1.         0.
 1.         0.         0.         1.         0.         0.
 0.         1.         0.         0.         1.         1.
 0.         0.         0.         0.         1.         0.
 0.         0.         1.         0.         0.         1.
 1.         0.4887199  0.84543128 0.         0.         0.
 1.         0.         0.         0.         1.         0.
 0.97809981 0.         0.         1.         1.         0.
 0.84546439 0.59052258 0.         0.         0.         1.
 0.         0.         1.         0.         0.         0.
 1.         1.         0.         0.         0.         0.
 0.         0.         1.         0.         1.         0.
 0.00893156 1.         1.         0.         0.33738095 0.
 0.         1.         0.         0.         1.         0.
 0.         0.         0.         0.         1.         0.
 0.         0.         0.         0.         0.         0.
 0.02353993 1.         0.         0.         1.         0.
 0.         0.         0.0395323  0.         0.         0.
 0.         1.         0.         0.         0.         1.
 0.         0.         0.         0.         0.         0.02477905
 0.         0.99425983 0.         0.         1.         0.53040473
 0.         0.58314359 0.         1.         0.         0.
 1.         1.         0.         1.         0.         0.
 0.         0.         0.         0.         0.         0.
 0.         0.         0.         0.         0.         0.
 0.         0.         0.         0.         0.         0.
 1.         1.         0.         0.71543069 0.         0.
 0.         0.         0.         0.         1.         0.02346781
 0.         1.         0.16437396 0.         0.         0.
 0.         0.04491581 1.         0.         0.         0.
 0.         0.         0.         0.80960942 0.15707443 1.
 0.         0.         0.         0.         1.         1.
 1.         1.         0.87358575 0.         0.         0.
 0.         0.         0.         1.         0.78062965 0.
 0.         0.         0.         1.         0.         1.
 0.         0.94316974 1.         0.         0.69633063 1.
 0.         0.         0.         0.         0.         0.80626896
 1.         0.         1.         0.         1.         1.
 0.         0.         0.         0.         0.         0.
 0.         0.         0.         1.         1.         1.
 0.         1.         0.         0.         0.         1.
 1.         1.         1.         1.         1.         0.
 0.         0.         0.         1.         0.59136249 0.75455728
 1.         0.93400256 1.         0.         1.         0.
 1.         0.         0.         1.         0.         0.
 1.         1.         0.         1.         0.         0.
 0.         1.         1.         0.         0.         1.
 1.         0.         0.         0.         0.47497779 0.
 1.         0.         0.         0.         0.         0.87776429
 0.99465144 0.         0.         0.         0.         0.96466768
 1.         1.         1.         0.         0.         0.
 0.         0.         0.         0.51260899 0.         0.24652038
 1.         0.34268708 0.         0.         0.         1.
 1.         1.         1.         1.         0.         1.
 0.         0.         1.         0.         0.         0.
 0.         0.         0.         0.         1.         0.
 0.         0.18752937 0.         1.         1.         0.70407793
 0.11103107 0.         0.         0.         1.         0.08220492
 0.         0.         0.         0.34664399 1.         0.
 0.         0.         0.         0.         0.         0.65677668
 0.         0.         0.35445219 0.         1.         1.
 1.         0.         0.         0.         0.76643162 0.
 0.75384239 0.         0.         0.         0.         0.
 1.         0.         0.         0.         0.         0.60023052
 0.02522604 0.         1.         1.         1.         0.
 0.         0.         0.         0.46804627 0.         0.
 0.         1.         0.         0.         0.         1.
 1.         0.         0.         0.         0.64188643 1.
 1.         0.         0.11250755 0.         0.         1.
 1.         0.         1.         0.         0.11912251 0.
 1.         0.         0.         0.         0.         0.
 0.21507365 1.         0.         0.         0.         0.
 0.         0.         0.69049257 0.         0.         1.
 0.         0.         0.         0.         0.         0.
 1.         0.         0.         0.66267724 0.         0.
 0.         0.         0.         0.         0.         1.
 0.         1.         0.         0.         0.         0.10988603
 0.         0.46542598 0.         0.18646366 0.         0.
 0.         0.         0.         1.         1.         1.
 1.         0.         1.         0.88803955 0.         0.
 1.         0.         0.         0.         0.         1.
 0.         0.66961801 0.         1.         0.         0.
 0.         0.         0.         0.05556653 0.         0.
 0.         1.         0.00245511 0.         0.         0.
 0.         0.0867622  1.         0.         0.         0.
 0.         0.         0.         0.31096422 1.         1.
 0.         0.         0.         0.         0.         0.
 0.         0.         0.         0.93633007 0.         1.
 1.         0.         1.         0.         0.         0.
 0.         1.         1.         0.         0.         0.
 0.         0.         0.         0.         0.