[-4.36559692e-03 -6.19532828e-07 -2.43600012e-04  1.64092319e-03
  9.99852466e-01  2.27985346e-04  1.09692651e-03  1.00020603e+00
 -3.66704173e-04 -1.68915357e-04  7.73455971e-04 -2.68020697e-04
  9.97389293e-01  1.00030612e+00 -9.90157099e-04 -9.83798414e-05
 -1.85108684e-03 -1.21117571e-03  1.00124675e+00 -2.49682208e-04
  5.59826696e-04  1.12081376e-03  1.00018341e+00  1.00037084e+00
  1.69051736e-03  1.42028964e-03 -2.98620107e-03 -2.14704710e-05
 -1.21593917e-04 -4.39459202e-04  2.79799174e-04  1.00058578e+00
 -2.08107448e-04 -5.17856235e-04 -4.21111111e-04  1.00117937e+00
  1.77826034e-04  6.57563362e-04 -2.03568619e-05 -9.61180799e-04
 -1.48591267e-04  1.00013602e+00  1.00203489e+00  5.56260616e-04
  1.00184663e+00  1.00175811e+00 -3.40023250e-04  1.00165699e+00
  8.71499423e-04 -7.09743152e-04 -8.71931937e-04  3.35341304e-05
  1.00161404e+00  1.00172915e+00 -6.16353278e-04  1.00123816e+00
 -1.26032151e-03  1.00086020e+00 -4.61251620e-04 -7.84772219e-04
 -3.67562064e-04  1.00054912e+00  3.65661022e-04  3.27064897e-04
  9.40581733e-04  1.00366139e+00  1.00024557e+00  1.07310455e-03
  2.54218472e-04 -3.71339816e-03  1.77597841e-04 -4.23201530e-04
 -5.86991213e-04 -1.02180111e-03 -4.32977058e-04  1.39671201e-04
  6.25461354e-04 -1.61495748e-04  7.78908507e-04  1.00357303e+00
 -4.75312988e-04  9.97944994e-01  1.00062412e+00 -7.31958878e-05
 -1.09757644e-03 -8.05463951e-04 -1.19199922e-04  5.10341310e-05
  1.00119599e+00 -1.90000000e-04  9.99390018e-02  1.51213918e-03
  1.00084727e+00 -8.98716365e-04  1.00021784e+00  7.85179614e-04
 -2.32140677e-04  1.00083636e+00 -3.35205016e-03  4.38251765e-04
 -2.60208988e-03  2.21340058e-04  1.00164321e+00  6.91496524e-06
  1.00108131e+00 -6.32681275e-04  1.79398188e-04  5.81435642e-04
  7.36523043e-04  1.06622381e-03 -1.27258074e-03  1.00051817e+00
 -4.73322194e-03  2.41718189e-04  1.97369399e-04  1.00088893e+00
  1.00148474e+00  6.06763283e-04  1.18048043e-03 -1.11559735e-03
  9.12955088e-04 -1.01458828e-03  8.68421572e-04  1.03669856e-03
  2.37004756e-02  1.00286126e+00  8.45414247e-04  1.45316744e-03
  1.00040218e+00  7.17673422e-04  1.00104370e+00 -1.82834377e-03
 -2.37464184e-03  1.00217853e+00  1.00095289e+00  1.00150523e+00
  8.46333907e-05  1.13030978e-03 -3.25745273e-04  1.00075235e+00
  1.00062878e+00 -6.16299976e-04 -6.03648577e-05  7.64705308e-04
  1.00123312e+00  1.00037792e+00  5.23649704e-04  2.09117527e-04
 -2.67636300e-04  2.53468819e-03  1.69201188e-04 -1.76802615e-03
  3.23645531e-04  7.99802226e-04 -6.25634953e-04 -3.83690220e-04
 -5.22909790e-04  1.00130521e+00  1.00089047e+00 -6.57934560e-05
  1.00122364e+00  7.98575932e-04 -2.49702488e-03 -2.27382208e-04
  1.00061107e+00  3.21507761e-05 -2.05251049e-05 -1.86854720e-04
 -6.44317595e-04  4.53709769e-04  8.23914170e-04  1.09780986e-03
 -1.03444444e-03  6.51625401e-05 -1.79850499e-05 -1.05064669e-04
  9.97918540e-01 -1.76111111e-03 -2.96910498e-03 -2.10927204e-03
  1.94308136e-04  1.17986766e-03 -2.06901157e-04 -8.64147964e-04
 -9.18771823e-05 -1.09562115e-04 -8.23638587e-04  3.25232925e-04
  1.00148686e+00 -6.59379509e-04 -7.21819269e-04  1.10644087e-03
  1.00106291e+00  5.81196967e-04  4.85974220e-04 -6.27750365e-05
 -1.52520756e-04 -3.54683261e-05 -1.32277599e-04 -2.18198095e-05
  1.00059123e+00  1.00077576e+00  1.00060336e+00  1.00198909e+00
 -4.23333333e-04  3.46720457e-04  6.40648896e-04  9.99955893e-01
  7.75990967e-04  1.00169074e+00  1.00009282e+00 -5.55469464e-04
 -3.15983645e-04 -6.90904913e-05  5.96460846e-04 -1.88242075e-04
 -8.94198741e-04  1.00051444e+00 -8.28790049e-04  1.00090889e+00
  1.00128194e+00  1.00099968e+00  7.97288678e-04 -1.73390156e-03
  1.40905135e-04 -8.38315822e-05 -3.67184208e-03  1.35870290e-01
  9.65078193e-01  1.00094353e+00 -1.84141555e-04  1.00205719e+00
  1.00073373e+00 -2.59243516e-03  1.02621189e-04  1.08914222e-03
  1.00087588e+00  1.84975963e-01  9.99727208e-01  1.00042832e+00
  1.00023000e+00 -2.86847755e-04 -6.96406007e-04 -1.63881570e-04
 -1.11109902e-04  1.19990035e-03 -2.97932314e-04 -7.16700860e-04
 -4.63385051e-04  1.00054866e+00  1.00012552e+00 -1.29219851e-03
  1.00100417e+00  5.09449835e-04 -5.45598947e-04  1.00067726e+00
 -3.91025163e-04  4.22827242e-05 -1.00574499e-03  1.00107372e+00
  1.00132086e+00 -4.02842100e-06  1.00096637e+00  1.00158266e+00
  1.00128830e+00  1.07627234e-03  1.00171665e+00  1.00009687e+00
  1.55410864e-03  1.00069383e+00  1.00107439e+00  1.00039112e+00
  1.13003839e-03 -3.10281367e-04  3.53307710e-06 -1.20021053e-03
  1.22142076e-03  1.00113694e+00  7.63333333e-04  1.13631129e-03
  3.89553642e-03  9.99408022e-01  1.00119517e+00  1.00007055e+00
  5.59705749e-04 -1.22126998e-04 -1.10571116e-05 -1.26688938e-03
 -9.17507591e-04  8.45789807e-04  1.00066932e+00  1.00124688e+00
 -6.47312434e-03 -9.67749056e-04 -1.80874841e-04 -2.31417769e-04
  1.00052618e+00 -8.14311701e-04  1.00136485e+00 -6.10832784e-04
 -1.53626861e-05  1.00186957e+00  5.77003013e-04  1.14846747e-03
  4.04682702e-04  2.13802845e-04  1.00171030e+00 -3.70677250e-04
 -9.51224822e-05 -7.35489514e-04 -8.29587353e-04  9.65404211e-01
 -1.25382396e-04 -6.44615201e-04  2.95727482e-04  9.74237481e-05
  9.40007183e-04  1.00447954e+00 -8.50706191e-04 -1.05864519e-04
  4.96749821e-04 -4.52834786e-04  8.34718042e-04  1.00021654e+00
 -4.49430286e-04  5.38435603e-04 -7.07935613e-04 -2.15473293e-03
  1.00231709e+00  1.00056940e+00  8.73573947e-05  1.00084520e+00
 -1.18015260e-03  6.72909917e-04  6.01519083e-01  1.30102558e-03
  2.40123245e-04 -5.55264072e-04 -5.79410736e-04  1.00122887e+00
 -4.54366080e-04  1.00090380e+00  1.00087725e+00  7.98489825e-04
  1.47992043e-03  1.00107627e+00  1.77030643e-03  8.61620840e-04
  7.92793239e-04  1.00142239e+00  1.00144805e+00  3.94759111e-01
 -2.87128713e-04  2.14246994e-03  4.45797703e-01 -6.16888628e-05
  1.00199406e+00  2.08744347e-01  5.49180458e-04  5.45258218e-05
  1.74464891e-04 -7.15123551e-04  2.95515198e-04 -2.28311113e-04
  9.99525991e-01 -2.45932549e-03  1.00118487e+00  1.00039285e+00
  9.21535555e-01 -2.