[ 4.65886227e-04 -7.97892096e-03  6.14547779e-01 -1.76006218e-03
  1.00981266e+00 -4.62997550e-03 -1.48580266e-03  9.13226091e-01
 -6.92928970e-03  5.06965296e-01  9.97569847e-01  4.80235374e-03
  1.88779602e-03  1.00774016e+00  5.93041883e-03 -3.01772312e-03
  9.59712041e-04  4.36519690e-01 -1.44077683e-03  9.98562739e-01
  3.78103575e-04 -1.66558013e-02  3.13770965e-03  1.00182574e+00
  1.83659510e-01 -4.63647522e-03 -4.81045427e-03  4.55295349e-04
 -4.16807034e-03  1.00464723e+00  1.06528244e-03  5.80999268e-01
 -7.97363199e-04  7.96644287e-01 -4.18020501e-03 -1.14248563e-03
  1.00481333e+00 -3.23871373e-03  1.00270854e+00 -5.11102662e-03
  1.00281692e+00 -5.49482981e-03  1.08475964e-03  3.18444640e-03
  1.30793380e-03  4.06634406e-03 -3.91141716e-03 -1.86007328e-03
  1.00451905e+00  4.08070519e-03  5.30279035e-01  3.44062417e-01
  2.64752345e-03  1.00689332e+00  1.00080387e+00 -1.51004241e-03
  1.00956985e+00  1.42218650e-02  1.00693294e+00  1.00074453e+00
  4.77116059e-03  9.35107499e-04  3.44572588e-01  6.16384313e-01
  9.99657773e-01  3.41441210e-03  6.58047748e-04  1.00047047e+00
 -5.75048270e-06  9.98096607e-01  6.53788873e-04  6.73249820e-01
  1.00581399e+00 -2.02475689e-04  1.80159475e-03  1.10118033e-03
  4.91818826e-03  3.34904545e-01 -2.66465639e-03  1.00413319e+00
  2.26263156e-03  3.24739072e-03 -4.47048486e-03  8.01320830e-01
  3.15480434e-03 -8.97105466e-04  6.08648340e-03 -2.14728660e-03
  1.00353299e+00  7.69901304e-01  5.52185416e-02 -1.89195847e-03
 -1.25675288e-03 -4.40053763e-03  1.00192726e+00  6.74932687e-03
  3.78897984e-03  1.55028621e-03  1.00075055e+00  1.00095820e+00
  1.00156966e+00  1.34588347e-03 -1.31543624e-03  1.00559867e+00
 -4.93399244e-04 -5.11882601e-04  5.89975657e-03  3.98844813e-03
 -2.33111740e-04 -3.47665951e-03  1.46337038e-02 -3.17452070e-03
  2.96270586e-03 -5.06622347e-03  1.00700565e+00  1.00199429e+00
 -5.78434662e-03  2.41202928e-03  3.51467421e-01 -9.79850937e-03
 -7.36919583e-03  2.33668848e-01 -1.47047061e-03  2.90561993e-03
 -2.77124483e-03 -3.07254367e-03  7.97241121e-02  1.00021264e+00
  5.33069608e-03  1.19161202e-03  1.00394893e+00  2.81417196e-03
 -6.95606852e-03  5.44171311e-01  3.36246254e-03  1.50714005e-03
  1.83807309e-03 -1.51736982e-03 -8.80027709e-04  1.65295824e-01
  5.14145760e-01 -1.18826120e-03 -5.27851459e-03  1.54516909e-03
  3.63219010e-03  4.63140786e-01 -3.67468975e-03  1.10415382e-02
  2.87782671e-03  8.88419821e-04  1.01015632e+00 -6.68040112e-04
  1.00527729e+00  2.28768272e-03  1.25144764e-03  3.17048709e-01
  4.61682015e-02  2.57630569e-03  6.92949396e-01  3.90093372e-03
  5.67989919e-03  8.78656887e-01  1.00422144e+00  2.12496652e-03
  5.83727569e-02 -8.03527529e-04 -8.11576263e-03  7.06168001e-03
  1.00407242e+00  9.11521745e-01  4.47985875e-03  4.04624705e-03
 -8.48252296e-04 -1.54196209e-03  1.94928448e-03 -2.71880447e-03
 -8.54127202e-03 -1.10644724e-02  2.78666678e-03  1.00824578e+00
  4.20054469e-03  8.62040072e-04  4.06150968e-03  1.00443477e+00
  1.00452433e+00  4.17094269e-03  3.02231586e-03  4.73499941e-01
  9.77575139e-01  5.81167316e-03  6.34517029e-01  4.47612375e-01
 -6.12858050e-03 -1.09961172e-03  5.84605440e-01 -1.40067723e-03
 -6.39356770e-03 -4.07016691e-04  5.73769636e-04 -1.21510708e-04
 -1.02682343e-02 -2.91636343e-03  1.00041738e+00 -4.81855524e-03
  1.31481492e-01  4.59955833e-03  4.57533212e-03  5.63082054e-02
  1.28603017e-02  4.46843540e-03  9.99876014e-01 -1.95923157e-03
  6.00060380e-01  3.07536427e-04  2.90189176e-04  4.27922176e-03
 -6.24649116e-03  4.85654147e-01  8.57861960e-04  3.99745641e-04
  6.83607342e-03  1.00601555e+00  1.00022546e+00  3.62028402e-01
  2.63206380e-03  5.25635735e-03  1.69369612e-03  4.50611268e-05
  3.87639531e-03 -4.46063379e-03  5.54785639e-03 -5.90524300e-04
  2.06959079e-03 -4.44669572e-03  2.46862433e-03  1.00612026e+00
  5.51167610e-03  1.08195848e-03  1.64117715e-03  1.19904252e-04
  1.00428157e+00  2.01940296e-03  1.06257103e-03 -2.51736051e-03
  5.24811947e-03  8.98144348e-02 -1.53289684e-03  1.00936491e+00
  5.37218032e-03 -2.18490861e-03  2.40825559e-03  1.00509609e+00
 -6.65129601e-03  3.71237773e-01 -3.61345154e-03  1.39886551e-03
  3.28993641e-03  1.00114042e+00  4.78925967e-03  8.08128996e-01
  9.73277804e-01  1.01276628e+00  9.67176301e-01  4.31645795e-03
  1.00450088e+00  9.97758509e-01  4.91396366e-03  5.48364715e-01
  3.69351477e-03 -1.15789143e-03 -1.67476463e-03 -4.12800562e-03
  2.70254888e-03  1.00439293e+00  1.27653954e-03 -2.79416854e-03
  9.98493333e-01 -3.48392952e-03  1.00175859e+00  5.38408160e-03
 -1.53197034e-03  2.30553128e-03  7.51306547e-01  1.62252888e-03
 -7.01762344e-03  1.00850290e+00 -3.19933476e-04  2.03871628e-01
  9.99814397e-01 -2.99903707e-03  1.00181757e+00 -8.47113084e-04
 -6.22102373e-03  4.60335452e-01  1.00722117e+00  1.00558631e+00
 -4.74672880e-03  4.77835677e-04  6.98443959e-03  2.22176326e-03
  1.00840111e+00  1.00190533e+00  1.48913083e-02 -1.83775066e-03
  2.91461899e-03 -4.00663827e-03  9.73845423e-01  1.00051146e+00
  1.00645938e+00  4.62647493e-03  3.44142565e-01  2.68978298e-03
 -1.07940340e-03 -5.96002770e-03  1.16175336e-03 -5.07720484e-03
  2.15721121e-01 -1.08120347e-03  1.00166479e+00  4.41546603e-03
  2.72464938e-03 -9.16021386e-04  9.30655112e-02  9.97164383e-01
 -6.03938344e-03  5.19166517e-03  7.10379624e-03 -2.20828741e-03
  1.00732991e+00  1.00420468e+00  2.98085290e-03 -6.91301744e-03
  1.00653368e+00  4.80608258e-03  2.31959808e-03  3.93293210e-04
  1.24789500e-03  5.07376937e-01  1.00162828e+00  3.97743225e-03
  5.71325442e-03 -2.28517609e-03  8.71916435e-01  1.00091859e+00
 -1.67970813e-03  7.66465113e-04 -8.00248970e-03  1.00218380e+00
 -2.42406069e-03  8.87176399e-01  4.39325523e-01  3.52815960e-01
 -1.07458724e-03 -5.85906738e-03  2.46525251e-01  2.28326892e-03
  6.90681298e-04  2.86061928e-03  4.92373275e-03  1.00226148e+00
 -1.35376280e-03 -1.52061737e-03  1.11774857e-03  1.00564777e+00
  6.01192087e-01 -5.61453717e-03  9.99034473e-01  1.00603987e+00
  1.00212691e+00 -7.