[-1.14042787e-02 -2.85385880e-03 -5.65084576e-04  6.37973753e-03
  2.36595317e-03  5.98155950e-04  5.10966653e-03  6.88928775e-03
  1.00750543e+00 -7.52854514e-03  3.38379086e-01  8.25136954e-01
  9.91823730e-01 -9.59505174e-04 -9.72095651e-03 -9.59114102e-04
 -6.45488864e-03 -9.01605089e-03  3.85283134e-03  1.00551496e+00
 -7.11776860e-05  9.98898542e-01  1.00818592e+00  1.00424136e+00
  3.00572484e-01  1.00616839e+00 -7.20500018e-03  1.00857509e+00
 -8.43112507e-04  3.22615678e-03  1.32821889e-03  2.53902454e-01
  4.12752286e-03  1.00526416e+00  5.42483526e-03  6.54003034e-04
 -2.27780318e-04  2.94535592e-03  6.98467613e-04  2.09391218e-03
 -2.27780318e-04  1.00689350e+00 -1.31185858e-03  5.73223368e-03
  1.01111355e+00 -1.32802338e-03 -3.51900826e-03  3.99628034e-01
  3.82011098e-03 -3.22261688e-03  2.50569586e-03 -4.59868897e-03
  1.00778295e+00  1.00462227e+00  1.59851746e-03  1.00133498e+00
  5.15187899e-01  9.96135974e-01  1.00692029e+00  8.15540040e-02
  6.49739154e-03  4.15156758e-03  1.00415133e+00  1.01183918e-03
 -7.98094620e-03  1.00743670e+00  7.16603673e-01  1.00533361e+00
  1.00793290e+00 -1.10684393e-02  1.00684247e+00 -3.05997125e-03
 -1.67083482e-03  1.00445309e+00  1.00523959e+00 -6.82628698e-03
  9.10442937e-02  1.00542329e+00  2.70704035e-01  5.76212492e-03
  8.72553296e-01  1.00055463e+00  2.01423110e-03  9.07769609e-04
  1.00273037e+00  6.11157474e-01  7.91542927e-03  1.17017849e-03
  7.20472903e-03  6.65231338e-03 -2.21639743e-04  1.00620880e+00
  1.00878764e+00  1.27372717e-03  4.86123318e-04  1.00389016e+00
  9.97835594e-01  1.00381212e+00 -6.23027640e-03  2.08498689e-01
  9.94743257e-01  8.43074836e-01  5.39634579e-03 -2.80430375e-02
  5.89659590e-03 -7.56104580e-03  1.50715028e-03  1.00383610e+00
  3.95824095e-03  1.77541322e-03 -5.13896080e-03  1.82448305e-03
 -1.54208643e-02  1.00708060e+00  4.00575917e-03  1.00761545e+00
  9.97114784e-01  9.98780215e-01  1.48963469e-01  1.00300554e+00
  1.00732952e+00  1.42786885e-03  3.10898633e-04 -8.51018860e-04
  1.00364234e+00  4.69883163e-03  4.13829415e-03  9.96970486e-03
 -2.90194004e-03 -1.08678424e-02 -3.59533020e-03 -4.16775883e-03
 -4.81251375e-03  3.81740603e-03  3.10615262e-03  1.00597906e+00
  6.01095041e-03  1.01069655e+00  9.86524171e-01 -2.45742140e-03
  1.00435215e+00 -5.95838743e-04 -4.49122571e-06 -1.06858471e-02
  1.88343643e-03 -2.26481097e-04 -2.30990842e-03  8.29481297e-01
 -4.88300585e-03 -1.19800541e-03  2.00679667e-01  1.00471725e+00
  5.13345768e-01 -1.55900422e-03  2.92907802e-03  3.10811367e-03
  7.91351022e-01  1.00496247e+00  7.32764211e-04 -9.68687373e-04
 -1.44651412e-03 -4.48996873e-04 -4.89319588e-03  1.00253343e+00
  7.34082190e-01 -3.59107417e-03  5.63881798e-03  1.59216446e-03
 -4.85222489e-03  6.69206293e-01 -1.58287738e-03  2.46047303e-03
  2.31649512e-03 -6.17636162e-03 -3.34122661e-03 -3.30015355e-03
 -5.08961800e-03  8.82188703e-01 -3.19543626e-03 -7.98325592e-03
  1.00568046e+00  2.09166286e-03  1.00221270e+00 -5.28107272e-03
  1.39744749e-03  7.51260878e-03  3.05275142e-03  1.83949821e-04
  1.00730154e+00  9.98977379e-01  1.41435111e-03  1.00676541e+00
  4.26019688e-03  9.99774520e-01  1.00733402e+00  4.61823026e-03
  5.13479703e-03  3.38333408e-03  2.05950413e-03  1.30397146e-03
  9.97669868e-01  5.52720247e-03 -1.95665462e-03  1.40024045e-03
  6.69519153e-01  9.19459755e-01  3.66584294e-03  4.55332286e-03
  3.23548204e-03 -8.22211126e-04  1.00269322e+00  3.00408647e-04
 -1.56078407e-03  1.76646580e-01  1.00293291e+00  4.20321365e-01
  7.86694615e-01  1.00485781e+00  4.96075102e-04  1.00477676e+00
  2.64227075e-03  5.39046582e-05  6.68351577e-04 -1.00340893e-02
  5.16761724e-01  1.00795110e+00 -1.36456202e-02 -7.69644864e-03
  6.91286839e-04 -3.07830688e-03  2.28070498e-04  4.06717818e-03
  4.09558251e-03 -8.81321717e-03 -3.41906036e-03  4.47912231e-01
  1.09253993e-03  4.96049300e-01  1.51312574e-03  2.37233951e-01
  1.00551912e+00  1.00749678e+00 -1.66643286e-03  4.83125997e-03
 -3.77375369e-03  1.82782015e-01  2.71724874e-03  1.00555258e+00
  3.01985778e-03  1.00307974e+00  1.00251841e+00 -1.89791283e-03
  1.00660873e+00  1.00477947e+00 -1.58826326e-02  3.41776420e-01
  1.00481920e+00 -1.06894801e-03 -5.29468888e-04  7.82138910e-04
  1.00489172e+00  9.63875037e-03  3.11346221e-03 -1.82904174e-03
  2.13456894e-03  2.16238331e-03  6.46596791e-03 -3.42301614e-03
  9.22364261e-03  1.00971696e+00 -1.26322303e-03 -2.29457617e-03
  1.00228620e+00  4.51521716e-04  1.44784959e-01  1.04614329e-04
  1.00636490e+00  1.00791780e+00  9.22568656e-04 -1.08084487e-02
  4.43152004e-01 -9.07133643e-03  1.00812270e+00  1.00076475e+00
  9.82019839e-03  1.00107521e+00  9.98818268e-01  1.00297185e+00
  2.53966405e-03 -8.85686709e-04 -5.42973119e-03 -8.02100826e-03
 -1.48555464e-02 -1.13780337e-03  5.63326090e-03  5.81304947e-01
 -6.10663145e-03  8.20268960e-02  1.33610615e-05  2.89085921e-03
  1.74657009e-01 -1.74101668e-03  8.18640372e-01 -2.87938547e-03
  1.70467299e-03  2.68241970e-03  4.62385065e-03  5.77716903e-03
 -1.85663469e-03 -6.30658853e-03  3.34815636e-01 -2.72714802e-03
 -7.12406153e-03  1.86528999e-04 -6.79160963e-03  1.00534595e+00
  2.32329897e-03  1.00620865e+00  1.00239943e+00  6.26138712e-03
  9.42444356e-01  2.03077579e-03  4.62780639e-03  2.97756740e-03
  1.00335073e+00  5.42193552e-04  1.00626954e+00  4.68936790e-04
  1.00365733e+00  2.45194233e-03  1.00173223e+00 -2.27486203e-03
  1.00796800e+00  5.07790628e-01 -1.06982566e-03  5.59306290e-03
 -1.04923788e-03  5.88743079e-03  9.96292597e-01 -4.02282001e-03
  1.00307958e+00  6.08632855e-01  6.30696945e-03  1.00339633e+00
  6.39106991e-03  7.09305842e-03  7.56781349e-01  1.00518213e+00
  3.46672311e-03  3.86433795e-03  1.00619322e+00  3.93947648e-03
  4.47176090e-04  3.13429553e-03  6.85004640e-02  1.50337095e-03
  4.29349174e-03  4.44970327e-03  9.74790530e-03  1.00525323e+00
 -3.01380928e-03  2.69934428e-03 -4.54026323e-03 -7.53088962e-04
  3.08624257e-02  1.00202828e+00  7.27239241e-03  1.84375060e-01
  1.80091983e-01 -3.