[-6.58511126e-03 -1.58474398e-03  1.91961105e-03 -4.06015098e-03
  1.01066907e+00 -2.43220525e-03  1.00382151e+00  2.40270527e-03
  1.00886400e+00  4.34460960e-01 -1.88814602e-03  1.01440489e+00
  1.00950155e+00  1.00910019e+00  9.23827456e-03 -4.85812870e-03
  7.81290698e-04 -2.43361999e-03 -2.63187509e-03  1.00347745e+00
 -5.50902325e-03 -1.86766217e-02 -5.21025217e-03  3.89301638e-03
  8.41180447e-04 -2.09731197e-03  2.38416884e-03  1.01373486e+00
 -2.42767489e-02  1.00792583e+00  3.05929095e-03  5.27491016e-03
 -5.56343710e-03 -1.56194087e-03 -5.52591121e-03 -2.28525970e-04
  3.50141870e-03  1.00936263e+00  6.45204082e-03 -8.22617543e-03
  5.39669902e-03 -1.26366605e-02  8.21841587e-03  1.01141274e+00
  6.02419350e-03  4.07427726e-03 -1.18985312e-02  4.30444901e-03
  2.80393740e-03  1.01775529e+00  1.54865986e-03  3.65990549e-03
 -1.43407673e-03  1.00985164e+00  1.01052157e+00 -8.19850362e-03
 -1.02917346e-03  1.00349985e+00  8.02346939e-03 -6.22859926e-04
  5.49204041e-03  1.00595155e+00  8.93094759e-04  3.33665026e-04
 -4.52691779e-03  1.01270426e+00  8.48044114e-03  1.10401271e-04
 -7.44598414e-03 -1.53118203e-02 -3.53515352e-03  3.31726171e-03
  4.29320872e-03  1.00521100e+00  5.69569059e-03  1.00683313e+00
  1.00424336e+00  1.00728480e+00  1.00126064e+00  4.53689199e-03
  5.21085656e-04  1.00694436e+00  1.37500347e-03  1.01174047e+00
 -6.76434756e-04  1.00614980e+00  1.01293697e+00 -1.10731799e-02
 -4.56063140e-04  2.98421335e-03  1.02767042e+00  3.53378771e-03
  7.83744346e-04 -6.19517069e-03  2.06459988e-03  1.02263034e+00
 -1.94119772e-03  7.09987209e-03  1.24739540e-03  1.00420316e+00
  1.01069713e+00  1.00870588e+00  1.00778979e+00  1.01580182e+00
 -4.99035830e-03 -1.77938480e-03  1.01705408e+00  2.54387755e-03
 -8.05408639e-03  1.00559740e+00  9.01153667e-03 -1.00078980e-02
  1.00973043e+00 -5.29389840e-03  3.79533148e-03  2.51515449e-03
 -1.20179813e-02 -1.26661661e-03  1.00341227e+00 -4.49044307e-03
 -1.80323104e-02 -3.54047970e-03  6.27988106e-03 -2.72279249e-03
  7.74016246e-04  7.67114914e-04  8.40940521e-03 -2.34640148e-03
  3.03875173e-03 -4.01655682e-03  1.00912045e+00  1.01078175e+00
 -9.71160767e-03 -2.43122841e-03 -6.52609875e-03 -1.92105163e-03
  1.00908366e+00 -7.54795918e-03 -9.70144306e-03  2.33772374e-03
  1.00868122e+00  1.63466362e-03  1.00136219e+00  7.91433887e-04
  4.81617864e-03  2.06345160e-03 -2.34652606e-03  1.02099502e+00
  5.14679521e-04  1.01044309e+00  4.45995002e-03  7.28877851e-03
 -6.90013826e-03  1.00432860e+00 -1.08305704e-03  1.70857244e-03
  2.17236457e-03 -4.88324900e-03  1.63523910e-03 -6.29540135e-03
  1.01572441e+00 -1.19647758e-02  1.00682959e+00 -1.17580042e-03
 -1.22697661e-02 -4.89589588e-03 -1.11387897e-02  1.01216044e+00
  6.15234816e-03  1.00673478e+00 -8.20371111e-03 -6.83673469e-05
 -5.42283777e-03  2.30194422e-04  4.10584935e-03  2.35003576e-03
  2.10520149e-03 -2.36930674e-02  1.00928038e+00  7.66110725e-03
  3.04572886e-03  1.01307033e+00  1.00994467e+00  1.01482945e+00
  1.00632317e+00  1.92911766e-03  2.83596270e-03  8.78877551e-03
  7.78861056e-03  1.01375794e+00  1.01305593e+00  1.01771106e+00
  1.00115390e+00  1.83478325e-03  3.67311846e-03  1.73899422e-04
 -4.74835814e-03 -9.12530210e-04 -5.51612978e-03 -1.24702896e-02
 -9.74809305e-03 -5.78060239e-03 -7.96950720e-03 -4.61617810e-03
  1.01538898e+00  1.01415107e+00  8.28711256e-03 -3.05376881e-04
  1.00989786e+00  4.62480858e-04  4.29141618e-03 -1.22088821e-03
 -3.61611446e-03  1.01703250e+00 -5.15824151e-03  6.20477792e-03
 -1.04032275e-02 -8.37229049e-03 -4.52160083e-03 -1.03870062e-02
 -4.80376941e-03  1.00943606e+00 -7.10445219e-03  1.00989543e+00
  4.14089384e-03  4.51097462e-03  1.00674467e+00  1.34227160e-03
  2.11805925e-03 -6.86001684e-03  2.85728826e-03  4.01846680e-03
 -2.96803472e-04  4.70522241e-04  8.50870840e-03  1.02714727e-02
  1.01149960e+00  2.47959184e-04  1.00578162e+00  1.01087853e+00
  1.02057600e+00 -6.66908204e-03  3.36909349e-03 -5.86581972e-03
  1.00824806e+00  1.27844098e-03  1.00654278e+00  1.01086754e+00
  1.47501124e-02 -7.35875644e-03  4.74080738e-03  1.01365591e+00
 -3.50306345e-03  1.00700477e+00 -3.67040816e-03  1.00588049e+00
  1.54346750e-01  1.01147565e+00  4.50455458e-03  1.00699318e+00
  1.01516326e+00  1.01600421e+00  1.85031586e-03  7.46786393e-03
  2.27195439e-04 -7.14940960e-03  6.33789079e-04 -4.95232918e-05
  6.15949352e-03 -1.64575124e-03 -3.87879344e-04 -4.02303836e-03
 -6.06443899e-03  1.01117074e+00 -5.37383505e-03 -3.04268841e-03
  1.00469344e+00  1.00834303e+00 -8.87021311e-05  3.63790976e-03
  1.00451794e+00  2.58635120e-03  1.00592018e+00 -7.43567294e-04
 -5.46638606e-03  4.87924546e-03 -1.09233289e-02 -1.35408163e-03
  2.41875990e-03  2.83195757e-04  6.53786846e-03  1.42799330e-03
  9.98986843e-01  1.01068181e+00  1.00769392e+00  1.01455260e+00
 -1.36288437e-02 -8.64710246e-04  1.01151737e+00 -3.37750711e-03
  1.00925554e+00  1.01224068e+00  4.48627820e-03 -6.21290197e-03
 -9.07647025e-04 -5.44818260e-03  1.00766245e+00 -4.32472965e-03
  9.29057650e-03  1.01548915e+00  6.68188186e-03  1.00450048e+00
  1.00940102e+00  1.00235514e+00  1.76957877e-01 -6.26691519e-03
 -1.08072128e-04  5.50196230e-03 -3.87322281e-03  5.11167685e-03
 -1.19697950e-02 -8.24209259e-03  3.10959574e-01 -1.41040024e-03
 -2.75096404e-03 -5.51802949e-04  1.96919779e-03  5.34220892e-01
  1.01166446e+00  8.96188671e-03  8.11999418e-03 -1.13668664e-02
  5.88707158e-04 -3.32532676e-03  1.98217586e-03 -1.34597915e-02
 -5.64398640e-03  1.00899735e+00 -6.91736382e-03  1.01843539e+00
  4.01830202e-03  1.00200300e+00  6.57535273e-01  7.96488308e-04
 -5.54642151e-03  9.57134742e-04 -1.43028253e-02  5.21618904e-05
  1.96699032e-03  5.01015876e-03 -1.09843837e-03  2.19396082e-03
  9.98813927e-01  1.01784778e-03  1.01537812e+00  5.74754902e-03
 -1.08820505e-03  2.47213167e-03  1.01188320e+00  1.00829682e+00
 -7.82572318e-04 -6.79743233e-03 -2.38082412e-03  4.09489796e-03
 -4.89539187e-03 -5.83053506e-04  1.01016705e+00  1.02083759e+00
  8.93094759e-04 -5.