[7.52319399e-01 3.17467586e-01 5.39267111e-01 6.34189489e-01
 1.78479611e-01 3.31296871e-01 3.73105442e-01 3.56690343e-01
 5.40417442e-01 9.39117494e-01 3.18574162e-01 3.30591025e-01
 4.61212225e-01 7.14442808e-01 6.29149939e-01 7.70088185e-01
 6.24226528e-01 5.05452097e-01 6.43265183e-01 3.12635394e-01
 5.71738181e-01 8.25784080e-01 1.00174032e-01 5.90743830e-01
 6.21670584e-01 8.60802441e-01 1.62746621e-01 2.19675227e-01
 9.64281049e-01 1.57452576e-01 3.17916807e-01 7.34198401e-02
 5.52131708e-01 7.91529251e-01 4.27055755e-01 8.31158368e-01
 1.03045618e-01 2.42761063e-01 1.69390100e-01 2.75247114e-01
 9.46979292e-01 4.22273930e-01 2.45402985e-01 9.69332813e-01
 7.26939697e-01 5.13226446e-01 8.45513614e-02 7.23626197e-01
 5.53998941e-01 9.67250458e-02 1.32534022e-01 6.39496383e-01
 7.87969723e-01 4.56484909e-01 4.55290352e-01 6.53553845e-01
 5.76847523e-01 5.85511388e-01 2.14497447e-01 3.52825315e-01
 1.20247547e-01 5.01741822e-01 9.95161029e-01 2.94797812e-01
 4.38619250e-01 8.55184393e-01 3.66403417e-01 6.69859018e-01
 5.56798268e-01 3.26534320e-01 2.22611789e-01 4.52364766e-01
 5.77908985e-01 6.05945006e-01 2.40131110e-01 9.18561724e-01
 2.43368571e-01 1.74923198e-01 2.52370940e-01 2.92214051e-01
 4.83015230e-01 4.65194832e-01 3.84368667e-01 1.20137262e-01
 5.36420040e-01 3.51558625e-01 4.54273637e-01 7.78709670e-01
 3.08575171e-01 5.02436902e-01 2.87248200e-01 2.25202186e-01
 2.70266944e-01 2.55849028e-01 3.00631093e-01 1.53517798e-01
 4.97538508e-01 2.05666908e-01 7.71544023e-01 4.97199606e-01
 2.83949176e-01 9.62585933e-01 9.70588805e-01 8.65278365e-01
 4.52063175e-02 9.68607041e-01 3.34139968e-01 9.12838394e-01
 7.26378130e-01 5.71157223e-02 4.03422412e-01 2.98697052e-01
 1.36870090e-01 5.06753212e-01 6.15025185e-01 4.54737563e-01
 9.95383158e-03 4.24661113e-01 7.29024532e-01 3.64431420e-01
 4.56804040e-01 2.05354132e-01 6.03283814e-01 6.54611732e-01
 5.62797006e-01 9.96542771e-01 7.84578064e-01 6.79641474e-01
 4.23589986e-01 8.80738573e-01 7.57623160e-01 6.03311084e-01
 6.90654986e-01 5.17592717e-01 1.69668589e-01 2.23976836e-01
 4.27511328e-01 3.18330696e-01 1.96150981e-01 4.31970320e-01
 6.72342824e-01 9.84544924e-01 9.65934579e-01 7.30181106e-01
 8.83953993e-01 8.74729068e-01 1.13149416e-01 3.81971816e-01
 4.63032136e-01 8.10301143e-01 4.01259835e-01 5.43891945e-01
 3.71918485e-01 4.02184172e-01 4.58982909e-01 3.76018653e-02
 2.07847819e-01 1.08864036e-01 8.53303014e-01 9.44792307e-02
 3.43643181e-01 8.34276623e-01 5.64324367e-01 4.05956830e-01
 6.13727823e-01 4.20724743e-01 1.18122015e-01 9.90051326e-01
 3.37010061e-01 4.69765507e-01 3.24046090e-01 3.74183302e-01
 5.63370533e-01 2.62161853e-01 6.70285837e-01 7.14020834e-01
 3.21878016e-01 7.10896534e-01 8.81778776e-02 3.14644039e-01
 2.81552783e-01 9.81525381e-01 5.97837830e-01 5.67434236e-01
 5.62123981e-01 1.43462148e-01 7.69763427e-01 2.20615301e-01
 9.43250309e-01 8.47201355e-01 9.21955118e-01 8.69428496e-01
 1.09706192e-01 2.79160988e-01 3.56151614e-01 2.39977158e-01
 6.00791255e-03 9.59660814e-01 4.74276884e-01 6.53072153e-01
 8.98669138e-01 1.91140131e-01 9.20248597e-01 7.40811587e-01
 6.51787950e-01 2.50172866e-01 8.44859808e-01 1.24675701e-01
 9.21527103e-01 3.84549010e-01 7.79307396e-01 7.13083172e-01
 2.22436845e-01 4.80476250e-01 7.77518937e-01 1.66258284e-02
 3.88537069e-01 9.68485468e-01 8.89647676e-01 1.35250250e-02
 2.93334605e-01 5.04429292e-01 9.89803430e-01 8.82304460e-01
 7.85270653e-01 6.55612293e-01 6.00438383e-01 3.49600117e-01
 6.18818533e-01 7.72529083e-01 9.03110062e-01 6.23104481e-01
 7.29082193e-01 9.94036461e-01 1.51468163e-01 2.80328935e-01
 6.41085816e-01 9.46131077e-01 3.36484670e-01 2.21812533e-02
 2.63279398e-01 9.08760516e-01 3.08544170e-01 7.39181009e-01
 9.02312886e-01 3.91688259e-01 6.38043102e-01 4.95676123e-01
 4.11144407e-01 8.33579246e-01 1.60128824e-01 4.64439773e-01
 4.10997097e-01 9.78908791e-01 6.04573927e-01 5.89558281e-01
 2.67952786e-02 7.97617510e-01 4.01074708e-01 3.79959660e-01
 5.30181881e-01 9.55231544e-01 6.28219833e-01 7.75304144e-01
 5.52548287e-01 6.89878107e-01 6.57112521e-02 1.94816532e-01
 3.72791283e-01 9.18784235e-01 4.10451550e-01 1.37768266e-01
 2.16939828e-01 3.94861497e-01 7.56433318e-01 4.68859783e-01
 8.03135341e-01 3.25901089e-01 7.23461287e-01 3.30629419e-02
 8.71199851e-01 9.75952642e-01 1.81510836e-01 8.41729154e-01
 8.47280434e-01 1.29092925e-01 6.00650545e-01 5.77179863e-01
 4.68764171e-01 5.00328657e-01 6.39141418e-02 2.83199425e-01
 5.98770368e-01 9.22922836e-01 8.86254829e-01 2.61335869e-01
 6.33814868e-02 2.25101541e-01 6.74296977e-01 3.01154576e-01
 9.35971179e-01 4.64827712e-01 5.84020689e-02 1.30635496e-01
 9.56793640e-01 9.19736952e-01 2.48418146e-01 2.24335491e-01
 6.83699577e-01 2.83697381e-01 2.28319263e-01 4.70940077e-01
 9.95788406e-01 3.04948365e-01 5.71569479e-01 6.00234664e-01
 1.66133948e-01 8.35358078e-01 1.47417879e-01 9.41712400e-01
 8.37000719e-01 4.69133476e-01 1.26000356e-01 5.51422353e-01
 2.32021403e-01 4.08631173e-02 3.09594858e-01 1.66842112e-01
 5.94103224e-01 2.00697601e-01 9.13865916e-01 4.64097365e-01
 8.01715762e-01 1.64131850e-02 2.62013501e-01 8.03871061e-01
 3.08792774e-01 6.43415653e-01 4.55254533e-01 5.39265431e-01
 8.81424991e-02 5.28272824e-01 4.52447512e-01 9.34743111e-03
 1.34174712e-01 8.30683815e-01 3.43929350e-01 8.18950027e-01
 4.06575919e-01 5.62180264e-02 1.28241755e-01 9.93959575e-02
 1.40714814e-03 5.13683186e-01 8.48673540e-01 6.56052015e-01
 6.36432714e-02 9.91711401e-01 4.63117347e-01 2.01460076e-01
 3.29786164e-01 3.82580291e-01 8.26675516e-02 9.57051435e-01
 5.46277293e-01 6.34759662e-01 6.89649004e-01 4.79965478e-01
 2.05644682e-02 7.18417803e-01 2.48785837e-01 6.02296816e-01
 9.26570631e-01 9.00359921e-02 2.64703815e-01 8.59953539e-01
 9.38768904e-01 6.44420001e-01 9.16212969e-01 7.34882391e-01
 2.14495896e-01 6.92836681e-01 9.48208393e-01 6.19546684e-01
 3.08487472e-01 5.20302075e-01 4.82152042e-01 6.17088283e-01
 5.60074223e-01 8.93468762e-01 1.95748637e-02 2.39127689e-01
 7.89880864e-01 7.1234