[4.65514934e-01 4.08231377e-01 2.41195844e-01 7.17673319e-01
 1.57429468e-02 6.43978984e-01 3.64749096e-01 1.99364273e-01
 5.83901995e-01 2.24597232e-01 3.93200043e-01 8.40946029e-01
 1.40266957e-01 7.14265732e-01 5.75008491e-01 3.32529001e-01
 5.92527650e-01 5.09661795e-01 3.56947135e-01 8.98025968e-01
 3.41794142e-01 8.39478962e-01 3.39211077e-01 2.66146889e-01
 2.76103325e-01 7.34811710e-01 5.80300481e-01 2.68352251e-01
 3.88787791e-01 5.11735427e-01 4.93890857e-01 6.03963597e-01
 2.07545694e-01 2.88427354e-01 2.58015201e-01 3.66325919e-01
 2.19306373e-01 7.11775031e-01 7.66788976e-01 5.46727956e-01
 4.72049104e-01 1.20533356e-01 6.86710549e-01 4.14739290e-01
 6.93905445e-01 7.01761680e-01 7.14497703e-01 9.18455665e-02
 8.93586016e-01 4.59713696e-01 1.41952298e-01 2.21667296e-01
 6.08052841e-01 5.05972253e-02 2.69131600e-01 2.18230761e-01
 2.66075414e-01 9.56656859e-01 3.77613120e-01 7.31319810e-01
 4.57538356e-01 3.13380822e-01 1.40902260e-01 9.13784952e-01
 9.70278732e-01 9.49975390e-01 5.28122570e-01 6.32206084e-01
 5.23494825e-01 3.70620465e-01 5.79526398e-01 5.21246003e-01
 1.54087809e-01 5.16835551e-01 2.22747313e-01 3.94624939e-04
 1.30556735e-01 2.75797251e-01 9.60021827e-01 5.88458811e-01
 9.57694634e-01 1.04580311e-01 5.48454936e-01 1.19853873e-01
 8.16862305e-01 7.67874920e-01 4.95701580e-01 3.25019673e-02
 6.31789340e-01 7.05443069e-01 5.59252480e-01 2.65000528e-01
 4.02402294e-01 7.58878213e-01 9.32279013e-01 8.59718507e-02
 4.70934369e-01 2.21105389e-01 2.50976411e-01 8.30418074e-01
 2.48486153e-01 4.51718221e-01 4.51022892e-01 4.51208592e-02
 9.08633491e-02 2.82367855e-02 6.27068439e-01 5.73089418e-01
 5.69783212e-01 1.07226219e-01 2.92828881e-01 5.06372876e-01
 3.84930645e-01 3.29595775e-01 6.90335073e-01 5.36598294e-01
 7.59160258e-01 6.98177073e-01 4.73074289e-01 3.59427005e-01
 4.66601359e-01 4.26952159e-01 4.60219140e-01 4.08552279e-01
 1.63045743e-02 5.24834144e-01 7.44246816e-02 1.49236792e-01
 3.19003581e-01 2.74292375e-01 1.37467834e-01 5.75525051e-01
 1.86076659e-01 3.07808951e-01 3.53468545e-01 9.36328550e-01
 3.88463300e-01 5.55215347e-02 4.38988551e-01 9.68844407e-01
 3.69420814e-01 4.84060037e-01 9.07954439e-01 3.22513458e-01
 2.23975081e-01 9.55284693e-01 6.10085692e-02 1.51616567e-01
 5.24919701e-01 5.42277234e-01 2.21746660e-01 2.71592174e-01
 2.55348707e-01 6.66039855e-01 1.10238675e-01 7.36488406e-01
 1.67974067e-01 4.44034526e-01 9.74890254e-01 4.83178607e-01
 6.68876311e-01 9.82083657e-01 1.18653935e-02 9.55698691e-01
 2.42535291e-01 2.49170974e-01 3.48336642e-01 8.33307904e-01
 9.70900224e-01 4.12766910e-01 1.81317490e-01 3.72041181e-01
 7.76124017e-01 1.99821090e-02 3.94250875e-01 2.84577391e-01
 3.50806346e-01 4.91461621e-01 6.36295760e-01 1.28579691e-01
 2.75074682e-01 6.81215506e-01 4.07446950e-01 1.18144765e-02
 9.68452805e-01 7.01156808e-01 5.14890175e-01 1.67278956e-01
 4.08733332e-01 3.84857766e-01 6.91568671e-01 4.55653103e-02
 3.19493077e-01 4.51276124e-01 6.19984755e-01 1.94600421e-01
 1.74280481e-01 9.84929515e-01 6.51608456e-01 3.63943098e-01
 2.74022225e-01 5.32579952e-01 6.74551792e-01 5.70214359e-01
 3.55977963e-01 3.92109849e-04 3.69880800e-01 5.47515271e-01
 2.73205338e-01 3.77166268e-01 2.51816017e-01 1.52410191e-01
 1.87177479e-01 3.19157761e-02 7.76009355e-01 3.47896665e-01
 8.78011849e-01 8.02107401e-01 8.95145979e-03 4.54803875e-01
 1.86483300e-02 7.68439948e-01 3.45901974e-01 7.77061486e-01
 5.38993791e-01 9.93569518e-01 1.13097472e-01 9.22648920e-01
 7.15482073e-01 8.86240890e-01 2.17507071e-02 5.21526122e-02
 6.09680255e-02 7.79074873e-01 3.20006454e-01 2.00925988e-01
 6.65062000e-01 4.85261794e-01 9.03363981e-01 1.92485088e-01
 5.64109235e-01 7.00382647e-01 8.62411213e-01 9.21039604e-01
 2.61650931e-01 8.86849283e-01 6.02149949e-01 3.48485848e-01
 1.36487045e-01 6.43111423e-01 7.51582464e-01 5.67594182e-01
 8.76405142e-01 4.01265869e-01 4.43823023e-01 1.65275684e-01
 3.09179095e-01 2.12541326e-01 5.67278225e-01 3.76817685e-01
 7.14951473e-02 6.53351350e-01 8.01638331e-01 6.91488431e-01
 3.94778506e-01 5.24430217e-01 8.12969561e-01 3.47750702e-01
 8.96418838e-01 7.80381501e-01 9.90675924e-01 2.96594834e-03
 2.56171569e-01 5.35316006e-01 2.61975244e-01 5.63228044e-01
 6.48127876e-02 8.26397680e-01 1.33793226e-01 8.50708991e-01
 7.80393852e-01 4.56379243e-01 3.00055421e-01 6.59590781e-01
 4.48637159e-02 4.98636247e-01 1.73601222e-01 7.70914045e-01
 1.00477875e-01 6.76104277e-01 4.09080125e-01 7.49414835e-01
 6.57621065e-01 1.39964129e-01 2.94481452e-01 1.54994557e-02
 3.54123398e-01 1.53861451e-01 1.72625305e-01 9.50918543e-01
 4.67222765e-01 4.15675019e-01 7.45057276e-01 2.71055818e-01
 3.22778605e-01 1.01805350e-01 1.05787985e-01 1.33247839e-01
 2.49485027e-01 5.52418029e-01 5.75951901e-01 8.48725849e-01
 5.70340727e-01 7.66725336e-01 1.96840150e-01 4.62652485e-01
 2.12311067e-01 4.45661131e-01 2.09322541e-01 2.56039919e-02
 2.53816828e-01 5.15885262e-01 2.79782974e-02 5.66192400e-01
 3.70945654e-01 1.61625875e-01 4.52721349e-01 2.33625768e-01
 8.63685968e-01 3.20914584e-01 5.49817423e-01 8.20281407e-01
 3.46394550e-01 5.96685893e-02 8.90647251e-02 1.56778165e-01
 7.49416017e-01 5.94457451e-01 8.50770090e-01 5.04631602e-01
 6.33157995e-01 5.95006743e-01 7.66349699e-01 2.18007114e-01
 4.23977145e-01 3.35334059e-01 4.79671835e-01 4.35739876e-01
 5.31751205e-02 3.27728787e-02 9.41824761e-01 8.68949482e-03
 2.52972727e-01 5.65070712e-01 3.89155221e-01 5.02487910e-01
 2.27205232e-01 9.85523830e-01 4.79565524e-02 1.00653236e-02
 5.21831007e-01 3.56048768e-01 3.96026029e-01 1.49400410e-01
 8.59264569e-01 4.71997593e-01 8.22807987e-01 7.68729697e-01
 9.51318447e-01 9.95388873e-01 5.66560741e-01 1.04904996e-01
 9.63048250e-01 2.76429477e-01 8.98160771e-01 3.03921593e-01
 5.29709251e-01 8.07503232e-01 7.87540661e-02 3.76938257e-01
 3.18940610e-01 8.99637722e-01 5.17656256e-01 7.80511779e-01
 3.40389767e-01 1.71235020e-01 1.74490731e-01 3.42540828e-02
 9.89162439e-01 5.33356110e-01 3.53548553e-01 4.03824371e-01
 9.23333645e-01 4.8738