[-1.15575094e-02  1.00112451e+00  3.79654665e-03  1.00968347e+00
  1.00342926e+00  2.03243663e-03  5.49749589e-03  6.84215424e-03
  4.12960475e-03 -3.58234168e-04  3.89712383e-03  2.53518527e-03
 -7.01671335e-03  2.32071281e-03 -3.93954904e-03  1.00526868e+00
 -8.13577705e-03 -1.22154416e-02  4.43923384e-03  5.66298425e-03
 -3.76772862e-03 -3.97480820e-03  4.10991773e-03  2.78286424e-03
  1.00794351e+00  6.85138232e-03 -6.12993795e-03  1.00518260e+00
  3.10952507e-03  3.13006113e-03  1.62302607e-03 -3.66399725e-03
  3.75287459e-03 -9.34398728e-04  1.52596635e-03  3.08018173e-04
  3.32061715e-03  2.99330192e-03  1.74678438e-03  1.00334171e+00
 -1.14246869e-03  3.28271109e-03  1.00638930e+00  8.86549612e-01
  1.00802778e+00  9.97591169e-01 -2.32744806e-03  1.00128381e+00
  1.00604150e+00 -3.72262608e-03 -2.02458678e-03 -9.60439122e-03
  1.00595424e+00  1.00616111e+00  1.00402078e+00  6.39140477e-01
 -4.91699238e-03  9.99915519e-01  4.55612325e-04 -4.89162358e-03
  1.58824221e-03  1.00693999e+00  1.45697511e-03  1.66522248e-03
 -3.63725086e-03  1.00751675e+00  1.00094269e+00  1.00812336e+00
  1.00409397e+00 -1.00658369e-02  2.11129532e-03 -4.00142221e-03
 -1.26064072e-03 -5.30053451e-03 -6.20732656e-04  1.00368796e+00
  3.29690309e-03  2.25917061e-03  1.77781363e-03  1.00930464e+00
  2.73769665e-03  9.97777486e-01  1.08828130e-03  7.41694893e-04
  1.55036673e-04  5.22454874e-03  1.00810571e+00  4.89864422e-03
  3.26039286e-03  9.41678167e-06  6.15168397e-05  1.00607780e+00
  1.00432567e+00  5.86899044e-04  2.32350220e-03  2.00418207e-03
 -5.33721866e-03  1.00554286e+00 -4.73080256e-03 -9.75217067e-03
 -4.88123310e-03 -1.46232558e-03  1.00587245e+00 -2.18907889e-02
  1.00639884e+00 -3.81847665e-03  1.00637676e+00  1.00645303e+00
  1.00239847e+00  1.00338544e+00 -4.29809567e-03  1.00263518e+00
 -1.96290030e-02  4.01122655e-03  5.17720305e-03  5.36351900e-03
  1.52773652e-03 -3.54559784e-03  5.67316135e-03  3.59932929e-03
  3.86760893e-04 -1.28605018e-03  1.00717211e+00  1.00375594e+00
 -1.12300126e-03  9.69926122e-01  4.09359258e-03  5.71043388e-03
  1.00172204e+00 -6.71958869e-03  2.86861527e-03 -3.00683638e-03
 -7.23412947e-03  1.72824579e-03  1.11808751e-03  1.25621993e-03
  3.11428402e-03  1.00777595e+00 -1.55383491e-03  1.00404022e+00
 -1.84342168e-03  1.06051085e-03 -4.80712757e-03 -1.04786856e-02
  1.00533102e+00  1.00442717e+00  1.14477105e-03  1.00244468e+00
 -5.34463708e-03  1.00229337e+00  1.00753237e+00  3.58685333e-03
 -7.27346596e-03  1.00536505e+00 -2.66909125e-04  1.78184124e-03
 -6.24753365e-03  3.87845076e-03  1.63919036e-03  1.00380500e+00
  1.80342060e-03  1.00594336e+00 -4.78803278e-03 -2.14949884e-03
 -7.36271931e-05 -8.01417927e-04  1.00405288e+00  2.64834115e-03
  1.00156751e+00  1.41187537e-03  1.30375559e-03  1.02245853e-03
 -1.01343725e-03  1.79855488e-03 -2.44617328e-03  3.28838559e-04
 -7.60891446e-03  1.00303843e+00 -6.50581535e-03 -8.45736419e-03
  1.00272383e+00  3.36668858e-03 -7.74483615e-04  1.68944607e-03
  1.00253498e+00  2.24110808e-04  1.00144436e+00  2.73377942e-05
  5.24382140e-04  2.46715535e-04 -1.59965599e-04  1.00513997e+00
 -3.98971956e-03  3.97686634e-03  2.91910626e-03 -7.37148619e-05
 -8.02266015e-04  1.97312022e-03  9.25936217e-03  1.00539645e+00
 -1.04024687e-03 -3.34822532e-04  2.46785121e-03 -1.78422298e-03
  4.15161215e-03  2.92936847e-03  2.53237399e-01  1.69123945e-03
  1.00515340e+00  1.36316110e-03  2.32268436e-01 -1.62844136e-03
  1.00076423e+00  1.00423136e+00  9.04010425e-04 -2.09734251e-03
 -2.02831831e-03  3.35132327e-03  1.56857757e-03  1.02465514e-03
  1.00253299e+00  1.00177035e+00  2.50225234e-03 -8.37565644e-03
  9.99699647e-01  1.00590902e+00 -1.49371573e-02  9.98902254e-01
  1.00586387e+00 -1.57531355e-03 -2.69293688e-03  5.06921403e-03
  2.34906160e-03 -8.45305473e-03  1.00258157e+00  1.00461536e+00
 -1.49742705e-03  2.81741990e-03  3.46311375e-03  1.00449932e+00
  1.82500083e-03  2.02983089e-03 -1.85038212e-03  4.59855819e-03
 -3.66573668e-03  2.30872280e-03  1.00334678e+00  2.63424572e-03
 -7.58620690e-04  9.98908569e-01  9.73366375e-04 -7.44594955e-04
  1.07605829e-03  3.23331471e-03 -9.41274546e-03  1.00546341e+00
  3.91467165e-03  1.02941581e-03  1.00358272e+00  1.60931098e-03
  1.00605372e+00  1.00615820e+00  1.00322856e+00  2.48910828e-03
  1.00530714e+00  1.00530725e+00  1.00807811e+00  1.10687734e-03
  7.46299395e-03  1.00802677e+00  1.00700637e+00 -2.02999464e-03
 -1.21589680e-03  8.25298665e-04  3.40442541e-03  5.46699089e-04
  6.40565593e-03  1.00772414e+00  1.00609165e+00 -3.24725182e-03
  1.81238769e-03 -8.33629588e-03  4.01690156e-03  7.43012161e-04
  7.36878186e-03  2.34744399e-03  9.98476071e-01  1.96976117e-04
  5.01106727e-01  1.00267035e+00  3.89155335e-03  1.00130938e+00
 -1.77687189e-02  4.41703780e-05  1.00154721e+00  1.05009740e-03
 -1.66119001e-03 -2.79089002e-03 -5.32776556e-04  7.18924869e-01
  2.85033457e-03  1.61189240e-03  2.78681418e-03 -7.03732216e-04
  6.64889979e-06  1.00498264e+00  1.00387112e+00  1.00326187e+00
  1.02667405e-03 -4.44958055e-03  1.00306224e+00 -3.33347073e-03
 -6.86807475e-03 -3.15984953e-04 -6.61063325e-03  1.00610764e+00
  1.00353604e+00  5.13092672e-03 -1.31767729e-03  1.00143419e+00
  3.77717773e-03  4.37348317e-04  9.99172545e-01  1.34909715e-03
 -1.73237962e-03  8.32792963e-01  9.16050209e-01 -1.71516409e-03
  1.58434394e-03  1.00196268e+00  4.24759868e-03  2.51302723e-03
  3.54575694e-03 -7.81929075e-03 -2.13324095e-03  4.57298144e-03
  8.93859284e-04  2.22207511e-03  9.97866759e-01 -2.83679894e-03
  1.00481260e+00  1.00528445e+00  1.00352010e+00  1.00714967e+00
  5.38327956e-03  2.05352816e-03  3.14356990e-03  1.00057676e+00
  3.68919588e-03  5.67848007e-03  9.36906540e-04  4.25785592e-03
  6.94406715e-01  1.00579270e+00  1.58098181e-03 -1.63813998e-03
  1.00507743e+00  1.00783860e+00  3.54761008e-03  4.24185892e-03
  6.25108523e-01 -1.57058491e-03 -9.03155853e-03  1.68876850e-03
  1.00174230e+00 -1.14280864e-03  1.00325778e+00  3.71006654e-03
  1.96325812e-03 -1.