[9.89522861e-01 3.56963191e-01 3.19874967e-01 7.06171883e-01
 5.75502859e-01 4.76946750e-01 8.37838607e-01 8.76750850e-02
 7.95234870e-01 7.49963566e-01 3.46870058e-01 8.46321632e-01
 9.91278449e-01 2.88705506e-01 4.94097123e-01 2.80773864e-02
 4.01826702e-01 4.64286774e-01 4.95735030e-02 2.74820602e-01
 9.17203402e-01 9.51462642e-01 4.94984494e-01 2.00291046e-01
 3.45945855e-01 6.63672744e-01 1.16424572e-01 8.61302041e-01
 2.36084060e-02 9.99258084e-01 9.17869021e-01 4.50599179e-01
 5.90736357e-01 7.06153630e-01 5.05762140e-01 9.00315081e-03
 1.49723380e-01 8.23516853e-01 9.65815653e-03 2.13040744e-01
 3.62705412e-01 4.99866584e-01 7.40682577e-01 8.74951491e-01
 2.91058431e-02 8.35886098e-01 9.53738928e-01 1.85161605e-01
 9.73648376e-02 1.59897847e-01 6.63804990e-01 1.97795353e-01
 5.82218621e-01 7.00605311e-01 8.79955388e-01 6.41286383e-01
 1.80984929e-01 6.72611882e-01 5.19956804e-01 2.94475155e-01
 6.66578174e-01 2.99941423e-01 2.76498528e-01 5.71040359e-01
 3.95076630e-01 4.44223427e-01 3.40713645e-01 7.67159545e-01
 2.17323894e-01 3.43981761e-04 6.70612648e-01 3.56249307e-01
 9.23579778e-01 4.33576712e-01 4.36070768e-01 3.84539360e-01
 3.07937238e-01 5.35218384e-01 2.08560215e-01 9.13032449e-01
 9.16584129e-01 7.41647449e-01 5.50435140e-01 5.98159043e-01
 1.40347735e-01 1.74861587e-01 4.50854066e-01 5.02942834e-01
 3.78591127e-01 5.73973007e-01 3.88318818e-01 7.32607774e-01
 9.89444207e-01 1.09978358e-01 5.27585954e-01 5.62072824e-01
 5.56586572e-01 8.27902839e-01 6.32773930e-01 1.75435932e-01
 7.99968923e-01 9.41617899e-01 1.39247393e-01 6.02543317e-01
 2.06883818e-01 4.43444859e-02 4.92184674e-01 1.11865812e-01
 3.08537119e-01 9.34674141e-01 7.15751537e-01 6.48387418e-01
 9.59610393e-01 8.01529486e-01 8.88725079e-01 2.59194992e-01
 8.57734306e-02 2.79781415e-03 1.03673617e-01 9.72005484e-01
 1.43387863e-02 8.18076842e-01 8.04973352e-01 6.31817168e-01
 4.39557788e-01 1.62510042e-01 2.19471044e-01 4.90578193e-01
 7.19689537e-01 7.53315199e-01 3.94985306e-01 9.84014516e-01
 2.78022697e-01 8.02424758e-01 8.69727630e-01 7.41524550e-01
 4.95817933e-01 9.95370558e-02 2.14821676e-01 7.93256389e-01
 1.05600359e-01 4.55560410e-01 3.91077574e-01 3.51558655e-01
 6.91275834e-01 3.24308741e-02 5.27118627e-01 2.13415370e-01
 7.79701302e-01 6.03978560e-01 1.58652250e-02 2.25909345e-01
 9.98816485e-01 6.16384337e-01 7.42758925e-01 8.93228820e-01
 4.22763636e-01 4.64438289e-01 7.02804390e-02 6.10100630e-01
 1.47451170e-01 2.21347461e-01 4.12542208e-01 6.53533974e-01
 8.44553777e-01 4.83981859e-01 8.50703880e-01 7.38286630e-01
 4.49456965e-01 8.98842787e-01 7.56239336e-01 1.82842963e-01
 5.76332591e-01 5.70772546e-01 9.65641774e-01 2.38026056e-01
 3.43923403e-01 8.59373118e-01 8.26596876e-01 7.38122379e-01
 5.80063220e-01 5.54708615e-01 6.82277461e-01 9.66955772e-01
 7.75664312e-01 6.60403843e-01 3.91913631e-01 1.70136977e-01
 3.57991089e-01 5.44617850e-01 1.66395060e-01 2.58567543e-01
 4.11936442e-01 8.10745810e-01 6.70116954e-02 8.50569386e-01
 5.63540235e-01 1.98897242e-01 7.09241066e-01 6.06137018e-02
 3.74797560e-01 7.00199953e-01 2.27936643e-01 1.46151538e-01
 4.70260406e-01 5.03235543e-01 6.26709918e-01 2.80476909e-01
 5.00827952e-01 2.03804682e-02 3.23615735e-01 7.45002765e-01
 1.48853028e-01 5.56038344e-01 3.32425997e-01 4.41405246e-01
 2.54842842e-01 6.94105251e-01 1.79120844e-01 4.19511386e-01
 4.41264169e-01 2.68586094e-01 8.30858309e-01 7.21068792e-01
 1.06654644e-01 7.03941106e-01 9.46058337e-01 3.67753079e-01
 1.71870533e-01 9.20057617e-02 3.88791449e-01 3.95473522e-01
 1.40165557e-01 1.93073831e-01 6.20105704e-01 1.32263743e-01
 8.88150990e-01 7.95285117e-01 9.51808211e-01 5.25338798e-01
 2.39413911e-01 9.35293792e-01 4.65852708e-01 3.18778598e-01
 5.70049813e-01 4.03621162e-01 8.93697196e-01 4.88747624e-01
 1.92762616e-01 9.09184633e-01 1.32575300e-01 4.85201021e-01
 9.93196293e-01 8.61045115e-01 3.29505617e-01 6.71043612e-01
 7.11474442e-02 2.71773093e-01 3.95490489e-01 5.14205992e-01
 7.43912426e-01 8.38596813e-02 7.23345522e-01 7.60197544e-01
 3.05979290e-01 8.95104431e-01 9.10415960e-01 6.96544705e-01
 5.27552012e-01 3.42634328e-02 3.40452771e-01 2.77896471e-01
 1.86468506e-01 9.43232302e-01 9.01833475e-01 6.19235486e-01
 9.19664062e-01 3.00842101e-01 1.98108098e-01 9.64008035e-01
 1.93635347e-02 3.02809353e-01 9.02155004e-01 6.26514752e-01
 8.57137917e-01 8.91017217e-01 7.05894449e-01 8.38595245e-01
 3.81501191e-01 3.64444558e-01 1.02362960e-01 6.86309929e-01
 3.76947610e-01 8.99610458e-01 5.95375808e-01 3.47051390e-01
 2.74227786e-01 2.51186758e-01 5.88755799e-01 9.26998464e-01
 9.12430125e-01 3.44541221e-01 5.50499614e-01 7.76172211e-01
 1.47603366e-01 6.88204484e-01 9.32710707e-01 5.93339613e-01
 7.45627283e-01 5.68100832e-01 5.85700548e-01 9.91114755e-01
 1.60256722e-01 1.89164765e-01 9.75413103e-01 6.33945340e-01
 8.26488651e-01 8.61450094e-01 9.16181983e-01 8.36677045e-02
 6.36310144e-01 6.06079980e-01 3.03075325e-01 9.82893324e-01
 4.56436648e-01 7.98372580e-01 4.19820387e-01 5.41452522e-01
 7.94661445e-01 7.78813048e-01 2.58589624e-02 2.86540076e-02
 1.15431331e-01 8.32312991e-01 4.88547517e-01 7.62135719e-01
 5.97930433e-01 2.37647513e-01 2.08914559e-02 6.03156746e-01
 2.71522846e-01 4.71371352e-01 6.32294685e-01 7.21949688e-01
 8.19689936e-01 7.24946360e-01 1.98171543e-01 7.24465144e-02
 2.54064605e-01 3.56046912e-01 9.61844758e-01 9.00087894e-01
 7.78277684e-01 4.01601858e-02 4.39220216e-01 2.93580896e-01
 7.70822257e-02 3.21305031e-01 8.99805410e-01 4.27593546e-01
 1.13511180e-01 2.78477959e-01 3.15804386e-01 4.52517569e-01
 5.95509146e-01 4.26995143e-01 1.54127116e-01 2.76963839e-02
 8.93148835e-01 6.67286647e-01 1.05685316e-02 4.54337194e-01
 7.22819440e-01 9.63246351e-01 3.45610316e-02 2.83522898e-02
 8.34769592e-02 1.29320034e-01 2.74797686e-01 3.65413521e-01
 2.74428823e-01 3.77098333e-01 5.05471531e-01 8.82946706e-01
 4.46368124e-01 5.08957426e-01 5.64540790e-01 4.62550754e-01
 1.86509340e-01 4.80802542e-01 3.12129182e-01 5.37574819e-01
 2.83247294e-01 7.7761