[0.         1.         1.         0.99191374 1.         1.
 1.         1.         1.         0.04607046 0.91740412 1.
 0.85636854 1.         0.         1.         0.         0.
 1.         1.         0.98687667 0.98097825 1.         1.
 1.         1.         0.08648649 1.         1.         1.
 1.         1.         1.         1.         1.         1.
 1.         1.         0.98295456 1.         0.00884956 0.99502486
 1.         1.         1.         0.72752041 1.         0.15133531
 1.         1.         1.         0.         1.         1.
 0.98378378 1.         1.         0.88795519 1.         0.80716252
 1.         1.         1.         0.95197737 0.         0.99710143
 1.         1.         1.         0.         0.81284916 0.
 0.98663104 1.         0.5601173  0.98895025 1.         1.
 1.         0.97872341 1.         0.36797753 0.29946524 1.
 0.98915988 1.         1.         1.         1.         1.
 0.         1.         1.         0.69705093 1.         1.
 0.90691489 1.         0.04709141 0.         0.69129288 0.88063663
 1.         0.         1.         1.         1.         1.
 1.         1.         0.76657826 0.96042216 0.         1.
 1.         0.95297033 1.         0.11864407 1.         1.
 1.         1.         1.         0.94910944 0.95601171 0.99444443
 1.         0.96164382 0.99731183 0.         1.         0.9893617
 0.68648648 0.61643833 0.60113961 1.         1.         1.
 1.         1.         0.96657383 0.03314917 0.96296299 0.
 1.         0.89830506 0.30578512 0.98952878 0.00560224 0.10840108
 1.         1.         0.05994551 1.         0.97849464 0.01104972
 0.         1.         1.         1.         1.         1.
 0.71787709 1.         1.         0.11311054 1.         1.
 1.         1.         0.49704143 0.98138297 0.9525066  1.
 0.         1.         0.90697676 0.20980926 0.94857144 0.00283286
 1.         0.99433428 1.         0.8487395  1.         1.
 1.         1.         0.35568514 0.24725275 1.         1.
 1.         1.         1.         0.176781   0.86627907 1.
 1.         0.98885792 1.         1.         1.         0.6836158
 1.         1.         1.         1.         1.         1.
 0.99724519 0.         1.         1.         1.         1.
 0.97802198 0.99476439 1.         0.58855587 1.         0.98235291
 1.         0.         1.         0.99132949 0.         0.8575269
 0.99746835 0.94626868 0.99730456 1.         1.         0.78323698
 0.98659515 1.         1.         1.         1.         1.
 1.         1.         1.         1.         1.         0.05737705
 1.         1.         1.         0.53887397 1.         1.
 1.         1.         0.         1.         0.98567337 1.
 0.98891968 1.         1.         1.         1.         1.
 1.         1.         1.         1.         0.72527474 1.
 0.94402033 0.97142857 0.94428968 1.         1.         0.9217391
 0.54881269 1.         0.83208019 0.         0.0698324  0.58452719
 1.         1.         1.         1.         0.99708456 0.89701897
 0.96675903 1.         1.         0.98944592 0.         1.
 1.         1.         0.75652176 0.9975186  1.         1.
 1.         1.         1.         1.         1.         0.86609685
 1.         1.         1.         0.0027933  1.         0.17528735
 0.         0.97727275 0.         1.         0.99713469 1.
 0.69754767 1.         0.98626375 1.         0.31707317 1.
 0.94957983 0.47499999 1.         0.99735451 0.99182564 1.
 1.         0.         1.         0.00257069 0.45478722 1.
 0.98563218 1.         0.93915343 1.         1.         1.
 1.         1.         1.         0.96739131 0.98102981 1.
 1.         1.         1.         1.         0.99744898 1.
 1.         0.96685082 1.         1.         1.         1.
 0.01020408 1.         0.         1.         1.         0.84677422
 1.         1.         1.         0.         0.69565219 1.
 1.         1.         1.         1.         1.         1.
 0.61497325 0.11570248 1.         0.04229607 1.         1.
 1.         0.84022039 0.         0.9060052  1.         0.99197859
 0.         1.         1.         0.01428571 1.         1.
 1.         1.         0.94293481 1.         0.98898071 1.
 1.         0.97860962 0.66480446 1.         1.         1.
 1.         1.         1.         1.         1.         1.
 0.05       1.         1.         1.         0.9859944  1.
 1.         0.95375723 0.97237569 1.         1.         1.
 1.         1.         0.         1.         0.96756756 1.
 1.         1.         0.01069519 1.         0.98958331 0.9975186
 1.         0.01933702 0.         1.         0.99740261 0.
 1.         1.         1.         0.         0.84281844 1.
 1.         0.91860467 1.         0.         1.         1.
 0.97089946 1.         1.         0.         1.         1.
 1.         1.         1.         0.99714285 1.         0.
 1.         1.         1.         0.         1.         0.04972376
 0.99468082 1.         1.         0.98663104 0.50507617 0.01344086
 1.         0.68882978 0.03878116 0.8211382  1.         1.
 1.         1.         1.         0.93220341 0.9972145  0.99743587
 0.2835443  0.         1.         1.         1.         1.
 0.96596861 1.         1.         0.         1.         0.12398922
 0.97428572 1.         1.         1.         0.9946667  0.
 1.         1.         0.3511236  1.         1.         1.
 0.98648649 1.         1.         1.         0.07086615 1.
 1.         1.         1.         0.94459832 1.         1.
 1.         0.99726027 1.         1.         0.369863   1.
 0.         1.         1.         1.         0.         1.
 1.         0.         0.         0.02535211 0.         1.
 0.8595041  0.9839142  1.         1.         1.         0.456
 0.97112858 1.         1.         1.         1.         1.
 0.99236643 1.         1.         1.         1.         0.
 1.         0.         0.99186993 1.         1.         1.
 1.         1.         1.         0.96205962 1.         1.
 1.         0.         0.97010869 0.         1.         1.
 1.         1.         1.         1.         1.         1.
 0.9