[ 9.81513747e-01  1.10831023e-02  1.62470095e-03  9.87872090e-01
  2.40595136e-03  9.27549630e-03 -9.54881400e-04  5.67797916e-03
  5.56866624e-03  5.32939131e-03  4.02278082e-03  9.91111438e-01
  1.59228595e-02 -1.39467347e-02  1.80809475e-02 -7.32879125e-03
  3.89556535e-03  2.49812706e-03 -1.30929088e-03 -7.86727829e-03
  1.43952617e-02  1.21480339e-02 -1.15269075e-03  8.43568224e-03
 -3.20177311e-03  1.29531466e-02 -3.86067839e-03  1.17831862e-02
 -2.74460486e-03  3.50708848e-03  8.30969030e-03  1.01497768e+00
  1.05264284e-02 -2.55659585e-03 -9.79185323e-04  8.17489941e-03
  8.97711398e-03  1.00097163e+00 -7.92571320e-03 -2.25453469e-02
  7.54306122e-03  9.97713373e-01 -5.00794297e-03  7.19237862e-01
  5.97244602e-03  9.63583212e-03 -2.90416464e-03  9.97722002e-01
  1.01345902e+00  4.62364309e-03  6.89744079e-03 -1.99848782e-03
  1.00852261e-02  9.90100413e-01  1.80782702e-03  3.13725490e-04
  1.07848728e-02 -6.86835742e-03  7.49231467e-03  9.92568040e-01
  2.06637386e-03 -3.56921814e-03 -2.02391000e-03  9.90164219e-01
  2.86071907e-03  1.01534232e+00  1.40484525e-02  9.96334451e-01
  9.83283747e-01  1.18596941e-02  1.00948771e+00 -7.18996549e-03
  1.30525172e-02  1.58236193e-02  9.12912645e-04  4.83071131e-03
  2.13403859e-03  1.45906252e-02  9.99156166e-01  5.58534088e-03
 -1.11097680e-02  1.19737254e-02  8.16715386e-03 -2.71634715e-03
 -1.57724580e-02  1.00993210e+00  3.33407324e-03 -6.94064369e-03
  2.25961339e-04  6.25531610e-03  9.85165113e-01  1.16367290e-03
  1.08314898e-02 -2.05284769e-02  9.69237542e-03 -7.83748515e-03
  1.17958302e-02  9.86622491e-01  1.07673757e-02  9.17325599e-03
  7.92613072e-03  1.40112756e-02  6.58652195e-03 -3.88371677e-03
  1.60810647e-02  5.75049040e-03  8.04268198e-03  3.24598141e-03
  6.80669955e-04  4.58655717e-03  1.75038997e-02  1.49022365e-02
  3.36233280e-03  6.89314103e-01  9.64462924e-03  1.01068276e+00
  1.36988402e-02  1.21153334e-02  7.60999618e-03  9.98981487e-01
 -1.25372978e-04 -1.62654996e-02  2.90573246e-01  9.86109957e-01
 -4.34911876e-03  1.01296773e+00  2.26190586e-03  9.99318321e-01
 -5.18897941e-03  1.01235858e+00  1.27648904e-02  1.00719791e+00
 -1.67552663e-02 -1.89813641e-03  1.19501589e-02  9.94524997e-01
 -6.54927240e-03 -1.78326090e-03 -2.13179332e-03 -1.80898058e-03
  1.74606477e-02  1.01034600e+00  6.39100793e-03  2.35503439e-02
  5.67451993e-03  9.90429171e-01  2.40604087e-03 -2.30278916e-03
  4.11393046e-03 -7.38853159e-03  6.38356941e-03 -5.76528600e-03
  1.22904396e-02  1.85949531e-02  1.00198432e+00  1.00177003e+00
  9.96797801e-01 -8.14144657e-05  1.82171409e-02  3.32566653e-03
  6.33079590e-03 -3.90157298e-03  2.45169614e-03  2.77731706e-03
 -2.63564011e-03  1.01540371e+00  1.29814797e-02  4.12814960e-03
  9.97243849e-03  5.00094906e-04  9.86320768e-01 -1.77087653e-03
 -5.36607584e-03  9.89395045e-01  1.00216366e+00  6.64121010e-03
  1.30678002e-02  1.01145439e+00 -6.37873339e-03  5.02538663e-03
  9.92927095e-01 -2.81605046e-03  1.00521644e+00  9.74381439e-03
 -3.58208216e-03 -7.05665366e-03 -6.49381405e-03  1.54544959e-02
  1.12383870e-02  2.39884060e-03  9.96176001e-01  1.00401510e+00
  9.18726221e-04  9.95744058e-01  1.35039763e-02  8.26758271e-03
 -1.12232638e-02  3.29235338e-03  8.74241078e-03  2.05935372e-03
  9.97173106e-01  9.92268600e-01 -4.79422826e-03  1.60333299e-02
  9.90707255e-01  1.00628874e+00  9.97461210e-01  9.34355147e-03
  1.21078944e-02 -1.61849189e-04  7.34177616e-03 -5.69356276e-03
  9.37257001e-03  1.44755418e-02  9.89030615e-01  4.34668275e-03
  1.46762279e-02 -1.84936696e-03  1.45910081e-02  1.09931700e-02
  1.00416551e+00  6.14599325e-04  1.00072760e+00 -3.17628004e-03
  3.13950554e-03  1.04749851e-02  3.34437829e-03  1.00573518e+00
  5.34944202e-03  2.72479413e-03  6.54299858e-01  1.00110126e+00
  8.14465326e-03  6.84682655e-04 -3.14081633e-04  8.68928137e-03
  3.89989130e-03  5.69588270e-03 -1.19093127e-02  6.69509888e-03
  5.09599350e-03 -6.97163955e-03 -9.09348105e-04  1.00049396e+00
  1.16373440e-02  6.41773564e-04  1.32926662e-02  7.50024974e-03
  5.94947991e-03  2.39704732e-03  2.13164045e-02 -9.60019975e-04
  2.89622347e-03  1.01101035e+00 -1.22236184e-03  1.70823442e-02
  9.89683800e-01  4.92201703e-03  2.90656273e-03  6.04743228e-03
 -1.42967173e-02  8.76864795e-03  4.99769042e-03  9.96416470e-01
  1.00392280e+00  7.26895562e-04  1.74732415e-01  1.01038890e+00
  9.10566426e-03  1.00144537e+00  7.89618590e-01  9.85145387e-01
  1.00802208e+00  4.20698637e-03  1.00089000e+00  9.99298163e-01
  9.94009639e-01 -5.83267466e-03  4.80018899e-03  7.40039220e-03
  1.46514261e-02  1.93838590e-02  9.80412526e-01 -2.10250818e-05
  1.32078328e-02  1.00564777e+00  8.64530994e-03  4.74744435e-01
  1.01774159e+00  9.95512698e-01 -3.44277428e-03  1.00196245e+00
  1.01650211e+00  1.00618782e+00  1.01262161e+00  1.73758445e-02
  3.77193182e-03 -2.94858404e-03  1.00093113e+00 -1.89953281e-02
  1.01855521e+00  9.71862647e-03  1.27558248e-02 -1.78168722e-03
  7.55413290e-03  1.00027517e+00  4.03182565e-03  2.05929691e-03
  5.14455968e-03  1.26676813e-02 -3.97795082e-03  7.99501805e-03
  6.21940635e-03  9.91259109e-01  1.34682389e-02  1.00535047e+00
  3.68737811e-03  1.18128799e-02  1.00772877e+00  1.01033178e+00
  1.12041394e-02  5.52650874e-03 -3.62549490e-03 -6.14657285e-03
  1.41663807e-02  1.00279813e+00 -2.61834148e-03 -7.88873867e-03
 -8.05459515e-03  5.34806067e-03 -1.00245899e-03  1.19288187e-02
 -4.06056668e-04  1.87393356e-03  1.26886021e-02 -8.95220955e-03
 -4.94391653e-03 -3.44706190e-03  8.74814123e-03 -1.82009231e-02
  1.35600739e-02  8.82431129e-03  1.18690733e-02  1.01340648e+00
  1.00733206e+00  2.48260437e-04  1.00990155e+00  1.12095569e-02
  5.10604986e-03  1.71598242e-02  9.87359388e-01  6.25206621e-03
 -5.28833689e-03 -1.29566430e-02  1.43962115e-02  4.26407015e-03
  1.00476749e+00  9.26541934e-03  5.95019482e-03 -3.70956489e-03
  1.25725355e-02 -5.59442709e-03 -1.85030065e-02  1.01723345e+00
 -1.85901962e-03 -4.31497884e-03  1.26506137e-02  7.45523938e-03
  3.93035435e-03  6.