[-1.89083474e-03  1.59618156e-04 -1.80715508e-03 -1.11093007e-03
 -5.14216714e-04 -3.17505741e-03  4.46887482e-04  1.00162727e+00
 -2.77958770e-04  1.28591600e-03  1.00100166e+00  1.00177473e+00
  1.02550391e-03  1.60336766e-03 -1.88424267e-03 -6.65693359e-04
 -2.36773884e-03  1.00017775e+00 -1.84702607e-03  7.72336030e-03
 -1.09893212e-03 -5.06794469e-04 -4.45161129e-03  2.76679278e-04
  1.00091411e+00 -2.30884829e-03 -3.54663642e-03  1.00272795e+00
  1.00242313e+00 -5.09211767e-04 -7.41542026e-05  1.00129475e+00
 -1.70034894e-03  1.00269165e+00 -3.90403576e-04  1.00394294e+00
  8.44905336e-04  1.00274236e+00  1.00116266e+00  1.00136099e+00
  9.99570115e-01  5.57369312e-04  1.00037230e+00  1.69940686e-03
  1.00316876e+00 -1.52761782e-03  1.00003740e+00 -1.29044735e-03
 -1.25235556e-03  9.71136888e-01  2.60810490e-03  3.83831225e-05
  1.00315988e+00  1.00007301e+00  1.00218027e+00  1.00171364e+00
 -1.04800640e-03  4.35510003e-04  1.00061091e+00 -1.19179058e-03
 -9.01513461e-04 -1.57841623e-03  9.99035690e-01 -2.93487471e-04
 -1.23557191e-03  1.00269725e+00 -3.85475229e-04  1.00187956e+00
  9.99976392e-01  1.27057153e-04  4.95720119e-04 -1.36767542e-03
  4.17014394e-04 -1.15742528e-03  1.56877672e-04 -1.89324098e-03
 -6.58965108e-04  1.00119984e+00  8.78259917e-04  1.16490096e-03
 -1.25922178e-04  9.99616707e-01  1.25639216e-03  1.00062185e+00
 -1.43799443e-03  1.00115726e+00  8.42308326e-04 -9.72915625e-04
  1.00279026e+00  1.83922716e-03 -3.14933112e-03  1.00167414e+00
 -7.69178067e-04  1.02138793e-03  1.83633669e-03 -1.37669047e-03
  2.82871389e-03 -8.71700420e-04  8.35380593e-04  1.00143458e+00
  1.00271613e+00 -1.86406595e-03 -2.43749947e-03 -2.62986968e-03
  1.47768273e-03  5.24694782e-04  1.94556919e-03  4.46787201e-05
  8.79117252e-04  1.07266497e-03  6.25982859e-01  1.00289238e+00
  1.67742045e-03 -5.59126868e-03 -4.07120123e-04  4.99847822e-04
 -5.99679924e-04  9.53163225e-04  8.81233696e-04  1.00360314e+00
 -1.71597341e-03 -4.08386069e-04  1.00205371e+00 -1.33522052e-03
  1.09474196e-03  1.30582983e-03 -3.56713609e-03  1.04954488e-03
 -3.21568627e-06  1.00162387e+00  1.00050297e+00 -3.77328827e-04
  9.99951498e-01 -1.05919153e-03  1.67745319e-03  9.99999530e-01
  1.15810769e-04  1.00286745e+00  1.00254542e+00  4.93038579e-05
  1.29303875e-03 -9.71696709e-04  1.00150245e+00  8.68438145e-04
  3.59269127e-05  6.52469908e-04 -5.47226765e-04 -2.29688046e-05
  1.00216516e+00 -6.02982484e-06  1.00159987e+00 -1.49555487e-03
 -2.40638174e-04  2.40672435e-04 -1.05438883e-03  6.41360334e-01
 -1.28024461e-03  1.00149119e+00  1.00284544e+00 -3.04528795e-04
 -2.57420576e-04 -6.07737970e-04  3.96227853e-03  7.46626177e-04
  1.00207905e+00 -2.02837638e-03  1.00129875e+00  7.81327678e-04
 -3.18667506e-03 -1.94126050e-03  8.05729763e-05  7.18379120e-04
 -9.18850423e-04  3.99224095e-04 -7.39349465e-04 -5.56602207e-04
 -2.54423014e-04  1.90850513e-04 -3.50069868e-04 -3.50800232e-04
  6.16223494e-04 -3.15289229e-03 -8.62823529e-04  1.00161595e+00
  5.64993050e-04 -6.63579477e-04 -3.76410005e-03  1.00186785e+00
  5.12360384e-04 -1.53265131e-03  4.69153261e-04  8.07558624e-05
  2.27482546e-05  1.00300290e+00 -2.86891998e-03  1.00176661e+00
 -1.08192095e-03  2.27558397e-03  1.00121919e+00 -7.79217870e-04
  1.25114142e-03 -2.43997467e-03  1.00035838e+00 -4.67760156e-05
 -8.19709505e-04  1.80771757e-03 -1.21909107e-03  7.32459570e-04
  1.00242412e+00 -3.30285830e-03  7.08050335e-05  1.00162070e+00
 -1.16768791e-03  1.00152407e+00 -4.28473383e-03  2.67746733e-04
 -8.79190945e-04  2.03315207e-03  1.65140024e-06  4.12543050e-01
  2.80908162e-05 -8.01480595e-05 -9.15912233e-04  1.00196989e+00
  6.99347997e-04  1.16016957e-03 -4.91323252e-04 -1.05008354e-03
 -2.26949939e-04  2.85791856e-04  1.00107229e+00  5.34823529e-04
 -8.43532344e-04  2.15052773e-03  1.36095470e-03  3.62092705e-04
  1.19755862e-03  1.00097531e+00  1.00238383e+00  6.10534257e-04
 -1.07756116e-03 -2.74021572e-04 -2.13150908e-04  2.40546398e-03
  7.23885834e-04  6.78083410e-04  1.00217296e+00 -1.63387337e-03
  2.95619356e-01  1.00127159e+00  1.00154046e+00  2.42120585e-04
  1.52574768e-03  2.05441089e-04  4.76189054e-04 -4.32735893e-04
  1.00160941e+00  3.72609585e-03  1.63680677e-04  3.57305908e-04
  6.55995886e-04 -1.17823611e-04 -3.01106809e-03  1.00207845e+00
  4.52970306e-04  1.84531290e-03 -5.61446878e-04  4.36662399e-04
 -4.30846620e-04 -2.95124501e-04  5.34433623e-04  1.00203656e+00
  8.30058169e-04 -1.25329928e-04  7.04422222e-04  5.51286408e-04
  9.99816807e-01 -5.34667942e-04  1.00143633e+00 -1.20065757e-03
 -8.86525097e-05 -9.35702924e-04  1.00469129e+00  1.00106135e+00
  1.00065264e+00  5.01011104e-04  9.99445101e-01 -1.11806898e-03
 -2.55137849e-04  1.26019649e-03  1.47629700e-03  1.00177866e+00
 -9.18752764e-05  1.00175621e+00  1.38195949e-03 -9.77890567e-04
  1.00033926e+00 -2.10184001e-03  1.80311470e-03 -1.32339938e-03
 -5.41042202e-04  1.00241083e+00  1.00238916e+00  1.00141872e+00
  3.30588283e-01  4.94398438e-04 -7.63368391e-04  1.13115690e-04
 -2.50596679e-03 -1.11573987e-05  9.25700320e-04  1.00274358e+00
  1.00019172e+00  1.00133644e+00  7.25197650e-01 -4.18352274e-04
 -8.21928545e-04  1.00230743e+00  1.00287937e+00  1.40791539e-04
  1.17232316e-03  1.56398464e-03 -2.33560608e-03  1.00010320e+00
  6.23467606e-04 -1.77951717e-03  1.00292475e+00  1.00110807e+00
  3.91472648e-06  1.33572637e-04 -6.06162322e-04  7.49033043e-04
 -1.86391120e-03 -8.92520484e-04 -1.44811448e-03  1.00304392e+00
  4.98200869e-04  1.20256373e-04 -5.78315230e-04  4.02961261e-04
  1.00023120e+00 -1.49331911e-03  3.89094006e-04  2.60821016e-05
  1.00235776e+00 -1.19797199e-03  1.00251801e+00  4.70232807e-05
  1.13178045e-03  1.07160261e-04  1.00158598e+00  5.13045361e-04
  1.20305882e-03 -1.22545247e-04 -2.59444444e-03 -2.02845289e-03
  4.07648507e-04  1.00154885e+00 -7.76101192e-04 -1.61857649e-04
  9.63576655e-04  4.85540187e-01 -1.91441055e-04  8.35004113e-04
  1.48101443e-03  1.69538479e-03  9.95528914e-04  1.47486714e-03
  1.33230610e-03 -9.