[ 7.05406603e-01 -6.19133229e-03 -6.07762053e-04  1.43231756e-02
 -6.69534554e-03  9.29623802e-02  1.58029769e-02  1.56313174e-02
  5.12955347e-01  3.41276307e-03  4.81864999e-01  9.80066236e-01
 -1.04943477e-03  1.56990333e-02 -1.43189382e-02  3.57496104e-01
  1.23567643e-01  8.69222770e-01  1.07906908e-02  1.02705944e+00
 -2.14073983e-03  1.09448429e-02  4.02374247e-03  1.01474339e+00
 -9.81134075e-03  6.90321071e-03  9.88419717e-01  5.82362831e-01
  1.30513933e-02  7.03650883e-02  2.07222828e-02  1.68870202e-02
  6.94870637e-01  9.77524082e-01  1.02912208e+00  1.65150547e-02
  6.92898639e-01  3.04718061e-01  1.95035042e-02  1.00616971e+00
  1.59244641e-03  7.27355743e-04  7.92916489e-01  5.24218497e-02
  9.93060751e-01  9.18157527e-02  1.02146447e+00  6.61710438e-03
 -1.71188248e-03  1.79064320e-01  3.63817090e-01  9.60272781e-01
  9.83071115e-01  1.89659345e-02  1.68871004e-01  6.26509384e-02
  1.00429985e+00  6.10326552e-03  1.00130907e+00  1.00827983e+00
  3.72167270e-01  9.59422628e-01  1.00204797e+00  1.33258520e-02
  1.09237942e-02  5.16892040e-03  1.70178155e-01  1.00676684e+00
  1.01269793e+00  6.44046765e-01  1.01458553e+00  1.87299738e-03
  1.24277630e-02  9.56901480e-04  1.85707556e-02  1.15579091e-02
  8.59338527e-03  4.67882908e-01  1.29671301e-02  9.09619340e-02
  8.63689314e-03  1.75183800e-02  1.38884656e-02  4.53327972e-01
  2.85259164e-01  1.32223159e-02  2.89352857e-01  9.53599030e-01
  1.00866341e+00  1.20676893e-02  1.70092315e-01  1.38867671e-02
  1.02169901e+00 -1.46406252e-03  1.08104802e-02  3.34771968e-01
  6.39487232e-03 -4.31450475e-03  2.45075412e-01  5.70767647e-01
  4.24395851e-01 -2.53307658e-03  2.60909545e-03  1.20982771e-02
  2.66553177e-03  1.76519320e-03  7.51956945e-01  2.01982574e-02
  4.97403125e-01 -4.06118353e-03  1.59599794e-02  1.00921333e+00
  5.81981948e-03  6.07307551e-03  7.63021977e-01  1.00994124e+00
  4.10124962e-03  9.99962860e-01  1.36465490e-02  7.43598287e-03
  1.01274016e+00  2.02569359e-01  7.60983194e-01 -4.08308690e-04
  6.82055155e-01  1.01598301e+00  9.77675899e-01  5.84932361e-01
  1.00306002e+00 -1.38513180e-03  7.30747527e-01  7.47758479e-02
  4.86653179e-01 -6.67830903e-04  9.91862452e-01  3.89160768e-01
  8.62565373e-03  4.33606080e-01  1.41736142e-02  8.70360881e-03
  1.36290163e-02  5.50647856e-01  6.68740271e-03  1.44945098e-02
  9.97786804e-01  2.56818957e-03  1.86747694e-01  2.07779531e-01
  1.25135767e-02  7.16100254e-01  1.01344442e+00  6.48896623e-03
  3.95451824e-04  1.00047175e+00 -1.13468463e-03  8.58889628e-03
  9.78695567e-01  2.01961590e-02  1.47865955e-02  4.04194710e-01
  2.53912322e-03  1.19183938e-02  4.34720523e-01  8.04441919e-03
  2.64831612e-02  2.62414623e-01 -2.72120714e-03 -6.06252674e-03
  1.00252393e+00  1.01513979e+00  1.97341780e-05  1.01326447e+00
  9.91862930e-01  1.46892693e-02  1.22190370e-02  3.91799404e-02
  4.22098442e-01  1.00185370e+00 -1.78115509e-02  1.26339758e-02
  2.70919148e-01  1.01479666e+00 -2.33162229e-03  1.74006989e-02
  1.09835565e-03  1.01695451e+00  9.29508946e-02  4.53109695e-01
  3.88394484e-02  1.37800610e-02  5.99713424e-01 -5.41184053e-03
  6.90409302e-01  4.86810648e-01  7.47654562e-01  3.18916588e-01
 -4.40638730e-03  4.41350645e-01  1.01068276e-02  5.54632184e-03
  3.15963429e-02  1.00788458e+00  9.56972369e-03  1.01360846e+00
  9.92938120e-01  1.00530961e+00  1.88045444e-01  9.00530399e-03
  2.37520197e-02  9.95213007e-01  8.23056439e-01  1.62795873e-01
  1.02568105e+00  1.00459951e-02  6.41988636e-01 -7.15239148e-04
  2.01047205e-01  5.95392555e-03  9.99292269e-01  7.59135196e-03
  1.01072218e+00  9.93371006e-01  2.13307435e-01  1.00483095e+00
  8.22892430e-04  4.04127843e-03  1.19557851e-02  5.86838184e-01
  4.26433810e-01  1.82172003e-02  4.60401789e-03  6.90210205e-02
  1.08172109e-01  9.95628739e-01  8.53999212e-01 -1.43190841e-02
  1.00798348e+00  5.88259195e-03  2.90210842e-02  6.96901739e-03
  1.00519840e+00 -3.03458805e-03  1.34522927e-02  6.13875753e-03
  3.27435069e-03  1.27749450e-01  2.17917016e-01 -6.18646478e-04
  5.96603913e-03  1.70875820e-02 -5.31732263e-03  6.18918122e-03
  1.68823638e-02  2.47738615e-02 -5.58701222e-03  8.54255338e-01
  1.89363204e-02  5.90130164e-03  1.02052785e+00  1.79203550e-02
  8.02154104e-01  2.87109699e-01  3.68648680e-02  2.03585222e-02
  4.21324426e-01  1.00715893e+00  1.13465315e-02  5.83634149e-03
  1.48575013e-02  1.01234927e+00  5.39467937e-01  9.07365393e-05
  1.08463501e-02 -2.20205689e-02  1.00761907e+00  1.59002669e-02
  4.69082393e-03  1.01252640e+00  1.36020364e-02  8.22386364e-03
  2.87861122e-01  3.20237588e-03 -6.92485073e-03  2.70093593e-02
  6.36737246e-01  6.83651307e-03  8.22238009e-01  1.74089838e-02
  8.32886315e-01  2.34721244e-02  1.69090981e-01  6.74982956e-01
  1.53642005e-02  1.00836401e+00  1.01407877e+00  9.85367943e-01
  8.88186554e-03  4.81249283e-03 -1.63203155e-02  1.27075944e-02
  4.28288584e-01  2.06195584e-01  9.95679587e-03  1.84615520e-02
  3.14807510e-01  5.33951238e-03 -1.31310303e-02  1.00940387e+00
 -5.90148392e-03  5.87342254e-01  1.26785401e-01  6.72380020e-03
  9.99799460e-01  9.49734085e-01  1.64973448e-02  5.55082259e-01
  9.91004451e-01  5.38807486e-03  1.00184913e+00 -1.05187820e-02
  1.24789446e-02  1.01094950e+00  5.03369527e-01  9.71552144e-03
  7.03765004e-04  1.01676839e+00  9.34150193e-02  2.74098453e-03
  2.18496238e-02  5.66748231e-03  7.68663239e-03  2.82170226e-01
  1.83447320e-02  2.16222408e-02  8.14638430e-03  1.20652827e-02
  1.96948768e-02  3.69106801e-03  3.53587391e-01  4.42851616e-01
  2.31313460e-02  2.35922301e-02  1.01139015e+00  1.86704882e-02
  2.58314035e-03  3.11654729e-01  1.00653819e+00  2.68798846e-02
  2.67721198e-03  1.02260319e-02  9.48905306e-03  1.13688119e-02
  1.01107422e+00  4.21930417e-03  5.85641716e-01  3.51816650e-01
 -7.25293247e-03  1.00143108e+00  3.36532062e-01  2.74263779e-03
  5.76877735e-01  1.13880988e-02 -1.36919453e-02  9.90405243e-01
  1.14524161e-02  1.13158190e-02  1.02609481e+00  1.55409883e-02
  1.18083549e-02  3.