[-7.33794943e-03  1.00118465e+00  1.00250800e+00  4.00370304e-03
  2.13210209e-03  1.00222733e+00  2.91721623e-04  1.99622570e-03
 -3.06098379e-04 -4.85562645e-04  1.44936068e-01  9.99855322e-01
  9.95829091e-01  1.00114879e+00 -2.64026919e-03  1.63518375e-03
 -3.72054156e-03 -3.37247933e-03  1.00297281e+00  1.00316709e+00
 -1.83121433e-03 -6.42194478e-04  6.14028788e-04  1.00191979e+00
  4.49362984e-03  1.00497075e+00 -4.14725760e-03  1.00204869e+00
  1.00200795e+00 -7.34425343e-04 -8.79426771e-04  1.85536842e-03
 -7.80813855e-05 -7.56827798e-04  1.81351035e-03  1.11463164e-04
 -1.17336750e-03 -1.19531969e-03  4.44019359e-04  2.91726071e-03
  9.99630849e-01  1.00159017e+00  1.73800747e-03  1.00308528e+00
  1.00461221e+00 -6.04236695e-04 -1.51276797e-03  1.22017493e-03
  3.04159664e-03 -1.96437769e-03 -7.82901293e-05 -4.31237038e-03
  1.00288437e+00  1.00489259e+00  1.44389193e-03  2.09716316e-03
  3.64718238e-04 -1.66778711e-03  7.80261379e-04  9.99782100e-01
  1.62081302e-03  9.62391256e-04  1.00316781e+00 -1.12077481e-04
  1.17783425e-04  1.00384100e+00  2.52857580e-04  1.71828118e-03
  1.00386225e+00 -8.04396148e-03  2.09192644e-03  1.00245259e-04
  1.08226078e-04  2.15636811e-03 -2.92123708e-04  2.43705369e-04
  1.00268225e+00  8.02949196e-04  1.97421693e-03  1.00787724e+00
  1.00175420e+00 -3.53307477e-03 -2.57483734e-04  1.00135040e+00
  5.85763175e-04  4.64581170e-04  1.00208532e+00  1.19124181e-03
  2.96056568e-03 -6.51128364e-04  1.01337319e-03  1.00479851e+00
  1.56656052e-03  3.30473229e-04  1.00152814e+00  1.61351284e-03
  5.77069447e-01  1.00406482e+00 -4.65419590e-03 -4.36050253e-03
 -3.05216172e-03  8.97099864e-05  6.36198162e-01 -9.35751010e-03
  1.53525931e-03  9.98492059e-01  3.99758139e-03  2.31096673e-03
  1.00170965e+00  1.00445408e+00 -1.55515789e-03  2.40388703e-05
 -1.18563506e-02  1.98288452e-03  1.00218800e+00  2.52067817e-03
  9.50139940e-01  1.00212871e+00  1.00223549e+00  1.04448298e-03
  8.69020820e-04  1.55349211e-03  7.14843620e-01  1.00078771e+00
  2.29852158e-03  1.00429055e+00  1.00248889e+00  1.00394979e+00
  1.09281078e-03  9.70909947e-04  1.00360133e+00 -2.04955093e-03
 -1.73080530e-03  1.00117532e+00  1.00103778e+00  1.75731508e-03
  1.00167866e+00  2.45973208e-03  3.19752067e-01  1.00048729e+00
 -2.70312619e-04 -5.79087871e-04 -1.58443519e-04 -4.75515789e-03
  1.37111707e-03  1.00230119e+00 -2.50156046e-03  2.76045070e-03
 -4.34998677e-04  2.27861181e-03  2.49929108e-03  1.56850791e-03
 -2.66791376e-03  1.00223064e+00  1.00214689e+00  6.67034483e-04
 -1.68495731e-04  1.00195198e+00  5.00339649e-04 -2.27578395e-04
  1.00118696e+00 -3.75511903e-04 -1.55443685e-03 -5.20000000e-05
  1.00109139e+00  5.81613113e-04  1.00307817e+00  6.86737729e-04
 -1.55790274e-03  1.00275642e+00  7.76864761e-04  1.25463804e-03
  1.00122372e+00  1.00077460e+00  8.50222512e-02  5.80907371e-04
 -3.72182678e-03  1.00105275e+00 -4.70727878e-03 -4.06320889e-03
  1.95804596e-03  1.58474400e-03 -1.90015332e-03 -1.93675329e-03
  9.98442252e-04  2.96048174e-04  1.00148875e+00  2.42093469e-03
  1.00233314e+00  9.98600315e-01 -5.91118584e-04  1.19549001e-03
  1.00219019e+00  1.04446331e-03  1.15123075e-03 -6.59213229e-04
  1.12524364e-04  1.35511579e-03 -1.46009795e-04 -1.05838473e-03
  1.80735294e-03 -6.13538874e-04  1.00213403e+00  1.00161863e+00
  1.38014780e-03 -7.47545220e-04  6.08168934e-04  3.44521198e-04
  1.00367427e+00  1.00081104e+00  1.00189055e+00 -6.63143058e-05
  3.57498455e-04  6.42374890e-04  1.02108133e-03 -7.93572604e-04
  1.00281585e+00 -2.52506874e-04 -1.37916041e-03  1.00204913e+00
  1.00104142e+00  9.43417687e-04 -5.25513048e-05 -7.73424407e-03
  1.00055737e+00  3.24889854e-03 -7.84261597e-03 -4.77494766e-03
  1.00334168e+00  1.00188311e+00 -1.48557606e-03  1.00324241e+00
 -7.21521421e-06 -5.26188259e-03 -3.07700391e-04  2.48466883e-03
 -1.20459682e-03  1.00397746e+00 -7.80050171e-04 -5.61896829e-04
  1.33370330e-03  1.00092153e+00 -3.78108063e-04  1.87642105e-03
 -1.77619233e-03  3.53007752e-03  1.00111614e+00  8.28392781e-05
  5.58095918e-04 -1.14101419e-03  7.70689477e-04 -5.91078082e-05
  9.99771870e-01 -1.40508155e-03 -4.99574631e-03  1.00126160e+00
 -1.61433068e-04  9.02428376e-04 -3.59595577e-04  2.10306890e-05
  1.00237128e+00 -1.38326538e-03  5.91513552e-05  1.83782980e-03
  1.00312970e+00  2.66688640e-04  1.00406257e+00 -1.06819149e-03
  3.60277672e-03  5.19746260e-01 -6.16519697e-04 -1.58460380e-03
 -1.07055916e-03  1.00274968e+00  1.00175706e+00  1.18971999e-03
  1.15817838e-03  1.00384087e+00  1.02149725e-03 -1.40494078e-03
  2.60275691e-03 -3.74593277e-03  1.00162790e+00  1.00158597e+00
  2.86584547e-03  5.57951830e-04  1.00367968e+00  1.00186384e+00
  9.46432786e-04  4.25349615e-04 -9.22402996e-05  9.51356393e-04
 -9.43848911e-03  3.63198974e-04  7.50670846e-04  1.00203738e+00
  1.00196408e+00 -2.47559531e-03 -1.71125908e-04  1.22320299e-03
  2.93255544e-03  1.03631811e-03  1.00080728e+00  1.00316512e+00
  1.00117429e+00  9.57301978e-04  9.23020447e-04 -6.97044545e-04
  1.80369769e-03 -3.34267245e-03  3.20419860e-04 -9.27692721e-04
  1.41032249e-03  1.45021846e-03 -4.38661513e-03 -1.41692233e-04
 -1.67777323e-04  1.00554693e+00  9.98466505e-01  1.37428940e-03
  2.63373083e-03  3.93191712e-04 -8.01735235e-04 -1.30669765e-03
 -2.35645919e-03 -5.78799600e-04  1.63506311e-03 -1.54713424e-03
  1.00171725e+00  1.00362757e+00  2.73182318e-04  4.98970836e-04
  7.21739801e-04 -1.74258517e-03 -8.20415174e-04  1.00271103e+00
 -9.01759186e-04  1.00178586e+00  1.00026114e+00  1.00232232e+00
  1.00225674e+00  1.00280868e+00  1.20138533e-03  1.02840055e-03
  1.59500741e-03  1.00470377e+00  1.00239315e+00  1.00333236e+00
 -1.71615554e-05  1.56929543e-03  3.92074347e-05  1.51537468e-03
  2.13637825e-04  1.00360000e+00  5.93555738e-04  1.37189392e-03
  1.27131307e-03  1.00342062e+00  8.42769054e-04  1.46609820e-04
  1.00029132e+00 -4.17642895e-04 -3.10505702e-03  1.59213477e-01
 -1.48907451e-03 -3.88296106e-03  1.25052977e-03  1.00141318e+00
  1.92901621e-03 -1.