[0.         0.         0.         0.         1.         0.
 0.         0.         1.         0.         0.         0.05716176
 1.         0.21216783 0.         0.         0.         0.
 0.82892875 0.99993313 0.46505728 1.         0.45683654 0.56194812
 0.         1.         0.         0.         0.         0.
 0.         0.58141122 0.         1.         0.         0.65076798
 0.         0.         0.         0.         0.         1.
 0.         0.         1.         0.67445163 0.         0.80045768
 0.2159246  0.         0.         0.         0.71246965 1.
 0.         0.56161956 0.         1.         1.         1.
 0.         0.         1.         0.         0.         1.
 0.97062117 1.         1.         0.         1.         0.
 0.         1.         1.         0.         0.         1.
 0.0135822  0.         1.         1.         0.         0.
 0.         0.6892056  0.         0.         0.         0.
 0.         1.         0.48152625 0.         1.         1.
 1.         1.         0.         1.         1.         0.43461331
 0.         0.         0.         0.         0.         1.
 0.         0.         0.         0.         0.         1.
 0.         1.         1.         1.         0.27509003 0.94807222
 0.30805586 0.         0.         0.         1.         0.
 0.         0.         0.         0.         0.         0.
 0.         0.         0.13868877 0.41773083 0.78139561 1.
 1.         0.         1.         0.         0.         0.
 0.         0.29245095 0.         0.20071768 0.         0.
 1.         1.         0.77419871 0.69034895 0.         0.
 1.         0.39568992 0.         0.         0.         0.
 0.         1.         0.         1.         1.         0.
 0.         1.         0.         1.         0.         0.
 0.         0.         0.         1.         0.         0.
 1.         0.         0.66565358 0.         0.         0.
 0.67635769 0.         1.         1.         0.         1.
 1.         1.         1.         0.         0.         0.
 0.         0.         1.         0.         0.         0.
 0.         0.         0.         0.         0.         0.
 0.73929274 0.         0.26706297 0.         0.54188854 1.
 1.         1.         0.         1.         0.         0.
 0.         0.         0.0227633  0.56471674 0.         0.
 0.         0.52237848 0.         0.         0.         0.
 0.15389816 0.43117582 0.         0.94769935 0.         0.07520886
 1.         1.         0.         0.         0.         0.393559
 0.         1.         0.26262557 1.         1.         0.
 1.         1.         0.         0.04143672 1.         0.
 0.         0.         0.13021592 0.         0.         0.
 0.         0.         0.         0.         0.17207959 0.
 0.         0.         0.69439258 0.         0.98103117 0.
 1.         1.         0.         0.         0.14904431 0.
 1.         0.30665746 0.         0.90561906 0.50243646 1.
 0.03420967 0.         0.         0.         0.         0.
 0.05201536 0.96553462 0.         0.85751932 0.         0.
 0.22201183 0.         0.         0.         0.         0.
 0.         0.         0.58419167 0.         0.81589587 0.
 0.         0.         0.         0.54514334 0.         1.
 1.         0.         1.         0.15679356 0.         0.56081684
 1.         0.         0.90877916 0.         1.         0.
 1.         0.         0.         0.80489776 0.         0.
 0.         0.         1.         0.         0.60551161 0.73330137
 0.         1.         0.         0.         0.51095093 1.
 0.         0.         1.         0.         0.         0.
 0.         0.         1.         0.09617823 0.         0.27550618
 0.         0.         0.         0.         0.47919696 1.
 0.         0.02626791 0.         0.         0.         1.
 0.         0.         0.         0.68296351 0.         0.
 0.         1.         0.         1.         1.         0.
 1.         0.83548624 0.         0.55393434 0.         0.
 0.30611164 1.         0.         1.         0.         0.
 0.         0.         0.         0.         0.         0.
 1.         0.         0.         1.         0.15475545 1.
 1.         0.72569164 0.         0.         0.         0.38957504
 0.         0.         0.         0.         0.         0.10080675
 0.47096303 0.         0.         0.         0.92725571 1.
 0.         0.         0.         0.         0.         1.
 0.73801237 0.         0.46034688 0.         1.         0.
 0.         0.         0.         1.         1.         0.
 1.         0.         0.         0.         0.         0.
 0.         0.         0.         1.         0.         0.
 0.46562495 0.         0.21503176 0.         0.         0.
 0.         1.         0.         0.90039183 0.         1.
 1.         0.         1.         0.         0.         0.
 0.         0.         1.         0.         0.70179983 0.
 0.24938349 1.         0.         0.         0.         0.04105471
 1.         0.         0.         0.         0.         0.
 1.         0.         0.         0.         0.         1.
 0.         1.         0.13909767 0.3104371  0.         0.40585509
 0.         0.         1.         0.41952983 0.92487364 0.
 0.         0.34868347 0.         0.         0.         1.
 0.         0.         0.         0.         1.         0.
 0.         1.         0.         1.         0.         1.
 0.         0.66773181 0.         0.33326427 0.         0.
 0.         1.         1.         0.         0.         0.
 0.         1.         0.         0.         0.         0.
 0.         0.         0.         1.         0.         0.
 0.98904561 0.         0.         1.         0.         1.
 1.         0.         0.1477171  1.         0.71647372 0.31087354
 1.         0.26554059 0.         1.         1.         0.79504143
 0.26626977 1.         0.         0.         0.28949947 0.
 0.         0.         1.         0.40548693 0.         0.
 1.         0.         0.         1.         0.         0.
 0.         0.         0.         0.         1.         0.
 0.40551335 0.         0.