[ 6.25051848e-01  1.12451024e-03  3.79654665e-03  1.00968347e+00
  3.42926285e-03  2.03243663e-03  5.49749589e-03  6.84215424e-03
  4.12960475e-03  9.99641766e-01  3.89712383e-03  2.53518527e-03
 -7.01671335e-03  2.32071281e-03 -3.93954904e-03  5.26867580e-03
 -8.13577705e-03 -1.22154416e-02  4.43923384e-03  5.66298425e-03
 -3.76772862e-03  9.96025192e-01  4.10991773e-03  2.78286424e-03
  7.94350515e-03  6.85138232e-03 -6.12993795e-03  5.18260168e-03
  3.10952507e-03  3.13006113e-03  1.62302607e-03  9.96336003e-01
  3.75287459e-03 -9.34398728e-04  1.52596635e-03  3.08018173e-04
  1.00332062e+00  2.99330192e-03  1.74678438e-03  3.34170563e-03
 -1.14246869e-03  3.28271109e-03  6.38929963e-03  6.15378990e-01
  8.02778219e-03 -2.40883073e-03 -2.32744806e-03  1.28381491e-03
  1.00604150e+00 -3.72262608e-03 -2.02458678e-03 -9.60439122e-03
  5.95423505e-03  6.16111368e-03  4.02077688e-03  2.67547515e-03
 -4.91699238e-03 -8.44812089e-05  4.55612325e-04 -4.89162358e-03
  1.58824221e-03  6.93999067e-03  1.45697511e-03  1.66522248e-03
 -3.63725086e-03  1.00751675e+00  9.42687571e-04  8.12335964e-03
  4.09396901e-03 -1.00658369e-02  1.00211130e+00 -4.00142221e-03
 -1.26064072e-03 -5.30053451e-03 -6.20732656e-04  3.68795655e-03
  3.29690309e-03  2.25917061e-03  1.77781363e-03  9.30464000e-03
  1.00273770e+00 -2.22251402e-03  1.08828130e-03  7.41694893e-04
  1.55036673e-04  1.00522455e+00  8.10570644e-03  4.89864422e-03
  3.26039286e-03  9.41678167e-06  4.16141616e-01  6.07780290e-03
  4.32567233e-03  5.86899044e-04  2.32350220e-03  2.00418207e-03
 -5.33721866e-03  5.54285758e-03 -4.73080256e-03 -9.75217067e-03
 -4.88123310e-03 -1.46232558e-03  5.87245052e-03  2.92689868e-01
  6.39884239e-03 -3.81847665e-03  1.00637676e+00  6.45302742e-03
  2.39846585e-03  3.38543546e-03 -4.29809567e-03  2.63518491e-03
  2.93798034e-01  4.01122655e-03  5.17720305e-03  5.36351900e-03
  1.00152774e+00 -3.54559784e-03  5.67316135e-03  3.59932929e-03
  3.86760893e-04 -1.28605018e-03  7.17211042e-03  3.75594119e-03
 -1.12300126e-03  1.00368681e+00  4.09359258e-03  1.00571043e+00
  1.72203558e-03 -6.71958869e-03  1.00286862e+00  9.96993164e-01
 -7.23412947e-03  1.72824579e-03  1.11808751e-03  1.00125622e+00
  3.11428402e-03  7.77594635e-03 -1.55383491e-03  4.04022122e-03
 -1.84342168e-03  1.00106051e+00 -4.80712757e-03 -1.04786856e-02
  5.33102035e-03  1.00442717e+00  1.14477105e-03  2.44468080e-03
 -5.34463708e-03  2.29336659e-03  7.53236721e-03  3.58685333e-03
 -7.27346596e-03  5.36505489e-03 -2.66909125e-04  1.00178184e+00
 -6.24753365e-03  3.87845076e-03  1.63919036e-03  3.80499563e-03
  1.80342060e-03  5.94335762e-03 -4.78803278e-03 -2.14949884e-03
 -7.36271931e-05 -8.01417927e-04  4.05288127e-03  2.64834115e-03
  1.56751109e-03  1.41187537e-03  1.30375559e-03  1.02245853e-03
 -1.01343725e-03  1.79855488e-03  7.91362665e-01  3.28838559e-04
 -7.60891446e-03  3.03842956e-03 -6.50581535e-03 -8.45736419e-03
  2.72383235e-03  3.36668858e-03  9.99225516e-01  1.68944607e-03
  2.53497571e-03  2.24110808e-04  1.44436166e-03  2.73377942e-05
  5.24382140e-04  2.46715535e-04 -1.59965599e-04  1.00513997e+00
 -3.98971956e-03  3.97686634e-03  1.00291911e+00 -7.37148619e-05
 -8.02266015e-04  1.97312022e-03  2.64082720e-03  5.39645363e-03
 -1.04024687e-03 -3.34822532e-04  1.00246785e+00 -1.78422298e-03
  4.15161215e-03  1.00292937e+00  1.00229298e+00  1.69123945e-03
  5.15339586e-03  1.36316110e-03  3.42185600e-03 -1.62844136e-03
  7.64231954e-04  4.23136330e-03  1.00090401e+00 -2.09734251e-03
 -2.02831831e-03  3.35132327e-03  1.56857757e-03  1.02465514e-03
  2.53299244e-03  1.77035320e-03  2.50225234e-03 -8.37565644e-03
 -3.00352734e-04  5.90902438e-03 -1.49371573e-02 -1.09774635e-03
  5.86386929e-03 -1.57531355e-03 -2.69293688e-03  1.00506921e+00
  2.34906160e-03 -8.45305473e-03  2.58157413e-03  4.61536063e-03
 -1.49742705e-03  2.81741990e-03  3.46311375e-03  4.49931987e-03
  1.82500083e-03  2.02983089e-03 -1.85038212e-03  1.00459856e+00
 -3.66573668e-03  2.30872280e-03  3.34677672e-03  2.63424572e-03
 -7.58620690e-04 -1.09143067e-03  9.73366375e-04 -7.44594955e-04
  1.07605829e-03  1.00323331e+00 -9.41274546e-03  5.46341161e-03
  3.91467165e-03  1.02941581e-03  3.58271580e-03  1.60931098e-03
  6.05372104e-03  6.15820311e-03  3.22856257e-03  2.48910828e-03
  1.00530714e+00  5.30724856e-03  8.07811018e-03  1.00110688e+00
  7.46299395e-03  8.02676750e-03  2.78329696e-01  9.97970005e-01
 -1.21589680e-03  8.25298665e-04  3.40442541e-03  5.46699089e-04
  6.40565593e-03  7.72414195e-03  6.09165144e-03 -3.24725182e-03
  1.81238769e-03 -8.33629588e-03  4.01690156e-03  7.43012161e-04
  7.36878186e-03  1.00234744e+00 -1.52392876e-03  1.00019698e+00
  1.00421712e+00  2.67034782e-03  3.89155335e-03  1.00130938e+00
  9.82231281e-01  1.00004417e+00  1.00154721e+00  1.05009740e-03
 -1.66119001e-03 -2.79089002e-03  9.99467223e-01  1.55922509e-03
  2.85033457e-03  1.61189240e-03  2.78681418e-03 -7.03732216e-04
  6.64889979e-06  1.00498264e+00  3.87112245e-03  3.26186507e-03
  1.00102667e+00 -4.44958055e-03  3.06223945e-03 -3.33347073e-03
 -6.86807475e-03 -3.15984953e-04 -6.61063325e-03  1.00610764e+00
  3.53604151e-03  5.13092672e-03  9.98682323e-01  1.43419274e-03
  3.77717773e-03  4.37348317e-04 -8.27454832e-04  1.34909715e-03
 -1.73237962e-03  1.00002971e+00  2.97487801e-03 -1.71516409e-03
  1.58434394e-03  1.96268012e-03  4.24759868e-03  2.51302723e-03
  3.54575694e-03 -7.81929075e-03 -2.13324095e-03  4.57298144e-03
  8.93859284e-04  2.22207511e-03 -2.13324095e-03 -2.83679894e-03
  4.81260070e-03  5.28445215e-03  3.52010043e-03  1.00714967e+00
  5.38327956e-03  2.05352816e-03  1.00314357e+00  5.76759490e-04
  3.68919588e-03  5.67848007e-03  1.00093691e+00  4.25785592e-03
  1.05870259e-03  5.79269693e-03  1.58098181e-03 -1.63813998e-03
  1.00507743e+00  7.83860491e-03  3.54761008e-03  4.24185892e-03
  1.00169613e+00 -1.57058491e-03 -9.03155853e-03  1.68876850e-03
  1.74230482e-03 -1.14280864e-03  3.25777858e-03  3.71006654e-03
  1.00196326e+00 -1.