[ 1.62071428e-02  6.30660963e-02  2.73414754e-03  2.92881473e-02
 -7.27084029e-03  3.53481910e-01  4.09056072e-01  2.89048433e-01
  3.84787741e-01 -2.78041847e-03  3.08196260e-02 -2.44288898e-03
  2.05439886e-02  9.98765252e-01  9.88188789e-01 -2.32504600e-02
  2.61983280e-02  5.52783546e-02  9.92728384e-01  8.08883659e-01
  7.88040816e-03  7.09933220e-01  3.78281531e-02  3.32853801e-02
  9.89880191e-01  4.30197271e-01  9.89193969e-01  2.18055882e-02
  6.29524486e-01  1.88834877e-02  2.06724391e-01  5.53169367e-03
 -1.04284137e-03  5.80439131e-01  1.01406111e+00  3.77831423e-01
  4.20510954e-03  2.75198570e-01  3.37814806e-01  6.46266818e-03
  6.22026514e-03  9.99188433e-01  1.56422208e-02  7.49165797e-01
  1.47277030e-02  1.00612014e+00  4.03668038e-01  2.14633642e-02
  1.01636455e+00  2.93782756e-02  1.40103507e-02  1.00025381e-02
  5.34413218e-01  1.06056173e-01  1.96002930e-02  1.38292314e-02
  3.00310106e-02  1.70921033e-02  2.68493902e-01  1.02590388e-02
  7.41496352e-01  7.45640503e-03  8.25027960e-01  2.27074876e-01
  1.01457126e-02  3.80799540e-02  1.72684120e-02 -9.16163868e-03
  2.09859321e-02  4.49055760e-02  5.80881034e-01  7.99175827e-03
  3.45632226e-01  2.00471952e-02  1.02276074e+00  1.75057089e-02
  6.98613155e-03  1.70773518e-02  1.00141067e+00  3.18221072e-01
  3.95203047e-01  3.75622516e-03  2.69598675e-02  3.13368503e-01
  3.31536682e-01  7.89515597e-01 -3.52591537e-03  3.05255104e-02
  1.00178722e+00  2.70983692e-02  4.91993599e-01  2.47301421e-02
  4.49882475e-02  6.18598431e-01  3.14758970e-02  9.71260608e-01
  1.96828700e-02  8.22859388e-01  1.01132281e+00 -2.18387272e-02
  1.00344656e+00  1.01502758e+00  2.08312249e-02  3.03884315e-01
  7.54377185e-03  7.22028999e-03  1.00936605e+00  5.73529768e-02
  8.91159643e-01 -1.05915453e-02  9.63893475e-03  4.98638511e-02
  2.38725559e-02  1.26296613e-02  9.88979954e-01  1.02277837e+00
  3.87077554e-01  3.52431941e-03  1.49096528e-02  2.07021559e-02
  2.31841864e-02  4.23205999e-02  2.40185003e-02  2.93343067e-01
  1.01586305e+00  5.08246159e-01  9.71558525e-01  4.84737346e-01
  2.98616433e-01  3.53542593e-02  2.51417721e-01  2.86169729e-02
  4.33011163e-02  8.60636233e-03  3.53676507e-02  1.48085890e-02
  3.37595583e-02  1.01531856e+00  9.52765566e-03  6.57566743e-03
  2.80369386e-02  9.92208160e-01  1.28948751e-02 -8.73171217e-03
  5.57125097e-01  1.61404204e-02  1.00885248e+00  2.33535000e-02
  4.09199438e-01  6.45491265e-01  1.42793487e-02  1.22288439e-02
  2.57698099e-02  2.48956977e-01  9.96531894e-01 -1.06185945e-02
  6.55045998e-01  1.01203871e+00  2.45122191e-02  1.46180798e-02
  4.42512037e-01  5.30662995e-03  9.80348962e-01  9.98447955e-02
  4.15121649e-02  1.00547569e+00  4.33530572e-03  1.68010581e-01
  1.09601337e-02  3.26828550e-02 -1.20446021e-02  3.44188985e-02
  9.67348547e-01  1.03073915e+00  1.09097464e-02  3.36232971e-02
  1.66261713e-03  4.06673152e-02  3.88490065e-01  2.28529212e-02
  2.73106295e-02  9.57719958e-01  2.17111004e-02  3.92463008e-02
  1.55158747e-01  7.60785961e-03  9.63154685e-01  2.88570466e-02
  1.42974987e-02  1.01635431e+00  2.43997737e-02  6.33422719e-01
  4.45938708e-01  1.00861669e+00  5.43609470e-01  5.33876973e-03
 -1.04038824e-02  7.74902949e-01  3.71686126e-01  7.53099657e-01
  4.59728452e-01  5.13424813e-01  6.82118536e-01  1.00394053e+00
 -3.03870905e-02  1.00597641e+00  9.70939163e-01  2.15818942e-02
  3.64437836e-02 -1.77531296e-02  7.72214791e-01  2.01279995e-02
  2.98520953e-02  3.70894757e-02  2.52932983e-02  1.31543279e-02
  9.98220241e-01  3.58013382e-03  1.13414017e-02  1.19334510e-02
  3.30844614e-02 -1.59351083e-04  1.00747315e+00  3.89642390e-02
  9.19652009e-01  1.26529372e-01  3.04999613e-02  8.97259823e-01
  8.59484072e-04  1.01741917e+00  2.91617098e-02  2.95517633e-02
  1.29630122e-02 -1.90821844e-04  1.53461970e-02  1.01492387e+00
  1.63280822e-02  9.90238208e-01  7.72544914e-01  9.82903148e-01
  2.20217705e-02  1.20871917e-02  3.55533351e-02  1.41343514e-02
  9.24583595e-04  1.34182042e-02 -1.57896687e-02  8.84721956e-03
  2.68206457e-02  3.26508379e-02 -5.48157679e-03  3.09354268e-02
  6.63324562e-02  2.63899327e-02  1.32039478e-02  9.79577082e-01
  1.14469386e-02  1.00522736e+00  2.62162161e-02  2.36989618e-02
  6.14610735e-03  1.00884483e+00  4.38240822e-02  4.76037504e-01
  3.07635066e-01  1.67165672e-02  1.00206254e+00  1.92758123e-02
  5.06576468e-01  3.02069199e-02  5.46376966e-01  1.03747524e-02
  2.01381977e-03  9.76885219e-01  7.38288045e-01  3.30333584e-02
  2.31919660e-02  1.12567057e-01  1.17722025e-02  1.32954707e-02
 -6.04578055e-03  9.95221250e-01  2.37034898e-02  3.33825231e-02
  2.42120357e-02  2.25939606e-02 -1.59260834e-04  6.65301937e-02
  2.45556644e-02  2.77658115e-02  7.20141118e-01  1.93394587e-02
  1.62326423e-02  4.45183673e-03  1.16927584e-02  8.99691026e-01
  3.08799468e-01  2.13003089e-02  2.57965240e-01  1.53835470e-02
  2.43441796e-02  2.21624673e-03  6.81642074e-01  2.75793046e-02
  2.34802571e-01  5.53215346e-01 -4.21581942e-03  4.04809775e-01
  1.48713033e-02  7.13748789e-01  2.24303001e-02 -2.45892996e-03
  1.67453193e-02  1.81560089e-02  7.09521265e-01  4.08217871e-02
  3.09674156e-01  9.90743971e-01  3.08847901e-01  3.25846040e-01
  2.44486016e-02  2.44518367e-02  7.41585991e-01  2.03914347e-03
  2.51872272e-02  2.37902936e-02  5.04992548e-01  2.67886151e-02
  1.69993049e-02  4.47357193e-02  1.99217513e-02  1.01120114e+00
  3.46475167e-02  6.76042007e-01  9.88387245e-01  9.17190863e-03
  8.28480656e-03  9.97267987e-01  5.12714840e-01 -1.90262428e-02
  5.05243227e-01  1.37516092e-01  3.21721510e-03 -6.77078802e-05
  1.78846643e-02  3.99277275e-03  1.04192652e+00  2.29161873e-02
  2.67995125e-02  2.97158171e-02  7.52200548e-03  2.56614924e-01
  2.56455390e-02  2.12414649e-02  5.42138770e-01  7.76673738e-01
  8.99878204e-01  4.68470787e-01  9.49351132e-01  7.97624486e-03
  3.37718477e-03  1.62072155e-02  9.64947087e-01  1.29902692e-02
 -1.86651250e-04  4.65114068e-01  1.72391677e-02  3.56226487e-02
  9.92401438e-01 -5.