[1.         1.         1.         1.         1.         0.
 1.         0.         0.         0.         0.         0.
 0.         1.         0.         0.         0.         1.
 0.         0.         0.         0.         1.         1.
 0.         1.         1.         0.         0.         0.
 0.         0.         0.         0.         1.         1.
 0.         1.         0.         1.         0.         1.
 0.73715898 0.         0.         1.         0.         0.
 0.         0.         0.         0.         0.         0.
 0.         0.         0.         0.         0.         0.
 1.         0.         0.09188707 1.         0.         0.
 1.         0.         0.         1.         0.         0.
 0.         0.         1.         1.         1.         0.
 0.         0.         0.         1.         0.93988374 1.
 0.         0.         0.         1.         0.         1.
 0.         0.         0.         0.         0.         0.
 0.         0.         1.         0.         0.2221627  0.
 0.         0.         0.         0.         0.         0.
 0.         0.         0.         1.         1.         1.
 1.         0.         1.         1.         0.         0.
 0.         0.         1.         1.         0.         1.
 0.         0.         0.         1.         1.         0.
 0.         0.         0.         0.         0.         0.
 1.         0.         0.         0.         0.         0.
 0.         0.         1.         0.         1.         0.54408034
 0.         1.         0.         0.         1.         1.
 1.         0.         0.         1.         0.         0.
 0.         0.         0.         0.         0.         0.
 0.         0.         1.         1.         1.         0.
 0.         0.         0.         1.         0.         0.
 0.80250313 0.         1.         0.         0.         0.
 1.         0.         1.         0.         1.         0.
 0.         1.         1.         0.         0.         0.
 1.         1.         1.         0.         0.         0.
 1.         0.         0.         0.         0.         0.
 0.         1.         1.         0.         0.         1.
 0.         1.         0.         0.         0.         0.10020124
 0.         1.         0.         1.         0.         0.
 1.         1.         0.         0.         0.         0.
 0.         0.         0.         0.         0.         0.
 1.         0.         0.         0.         0.         0.
 0.34311147 0.         0.         0.         0.         0.
 0.         1.         0.         0.         0.         0.
 1.         0.         0.         0.         0.         0.
 1.         0.         0.         1.         0.         0.
 1.         0.43848872 0.         1.         0.         0.
 0.         0.         1.         0.         0.         0.
 0.         1.         0.         0.         0.         0.
 0.         0.         1.         1.         0.27647984 0.
 0.         0.         1.         0.63268118 0.         0.
 1.         0.         1.         0.         1.         1.
 0.         0.         0.         0.         0.         0.
 0.         0.         0.         0.         0.         0.
 1.         0.         0.         0.         0.         0.
 0.26173828 0.         0.         0.         1.         1.
 0.         0.         0.         0.         0.         0.
 0.         0.         0.         0.         1.         0.
 1.         0.         1.         0.         1.         0.
 1.         0.         0.         1.         0.         0.
 0.         1.         0.         0.         0.         1.
 1.         0.         0.         0.         0.         0.
 0.         0.         0.         1.         0.         0.
 0.         0.         0.         1.         1.         0.
 1.         1.         0.         0.         0.         1.
 0.         0.         1.         0.         0.         1.
 0.         1.         0.         0.         0.         0.
 0.         0.         0.         1.         1.         1.
 0.         0.         0.         0.         0.89246164 0.
 0.         0.         0.         0.         0.         0.
 0.         0.         1.         0.         0.         0.
 1.         1.         0.         0.         1.         1.
 1.         0.         0.         0.         0.         0.
 0.         0.         1.         0.         1.         1.
 0.         0.         0.         0.         0.         0.
 0.         1.         0.         0.         1.         1.
 0.         0.         1.         0.         0.         0.
 0.         0.         1.         0.         1.         0.
 0.         1.         0.         1.         0.         1.
 1.         0.65082468 0.         1.         0.         1.
 0.         0.         0.         1.         1.         0.
 0.         0.         0.         0.         0.         0.
 0.         0.         0.         0.         0.         0.
 0.         1.         1.         0.         0.         1.
 1.         1.         0.         0.         0.         0.
 0.         0.         0.         1.         0.55781116 0.
 0.         0.         0.         0.         0.         0.
 0.         0.         0.         1.         0.         0.
 0.         0.         0.         1.         0.         0.
 1.         1.         0.         0.         0.         1.
 0.         0.         0.         0.         0.         0.
 1.         1.         1.         0.79016629 0.         1.
 1.         0.         1.         0.         0.         0.
 0.         0.         0.         0.         0.         0.
 0.         0.         0.         1.         0.         0.11363839
 1.         0.         0.         1.         0.20524137 1.
 0.         1.         0.         0.         0.         1.
 0.         1.         0.         0.         0.         0.
 1.         1.         0.         0.         1.         1.
 0.         0.         0.         0.         0.         0.
 1.         0.         0.         0.         0.         0.
 0.         0.         0.         0.         0.         0.54706448
 0.      