[-3.59546703e-03 -4.84137931e-03  8.35108330e-01 -2.02344828e-02
  9.99251254e-01 -1.86809409e-03 -6.21878122e-04  5.83478124e-03
 -6.58252713e-03  1.00383769e+00 -7.21425037e-03 -1.61877311e-03
  8.48857177e-01 -1.53025100e-02  8.51175668e-03 -9.23786757e-04
  6.98344799e-03  3.45284373e-03  1.01004656e+00  9.51669862e-04
  1.01116267e+00  3.96673636e-03  7.19227045e-01  1.00606224e+00
 -7.99054521e-03  6.13679206e-03 -7.89152304e-03  1.32626748e-02
 -2.14686564e-03  2.84243048e-03  7.70888051e-03  9.47071626e-03
  4.29345516e-03  5.74038634e-03  3.38651082e-03  1.82120705e-02
  5.33075633e-03  9.99992339e-01 -6.69367620e-03  9.87051295e-01
  4.49289928e-03  9.93103448e-04 -4.27447552e-03 -2.94702855e-03
  8.52854141e-03  1.30227162e-02  8.97366757e-03  5.88652930e-01
  1.00955862e+00  1.48188990e-01  2.20389462e-03  4.47414616e-03
  1.01104363e+00 -8.90437175e-03  5.90136599e-03  1.23833265e-01
  1.03472909e-02  4.49146940e-01 -3.77470251e-03  4.39412672e-02
  5.75757453e-01 -8.66181470e-04  1.12464476e-03  9.85556187e-01
  6.41031958e-01  1.00261905e+00  8.56013237e-03  9.91762297e-01
 -2.72220593e-02  1.65451020e-02  1.85016759e-03  9.93038827e-01
  1.27121151e-01  1.00678250e+00  8.12374777e-01  9.80057610e-01
  1.40908110e-01  1.77328767e-02 -6.47954663e-04  5.62758621e-03
  1.69797145e-01  8.46278721e-03  2.86679166e-02  1.00085132e+00
  9.85962096e-01  1.40657830e-02  2.50317276e-01 -1.21746643e-02
  5.56352261e-01  4.11560938e-03 -1.60751748e-02  1.00377308e+00
  9.92126402e-01 -1.46153954e-02  5.31467874e-01  4.62376688e-03
  6.61914417e-02 -8.12114024e-03  2.00689655e-03  1.00890325e+00
  1.19869144e-01 -5.10626176e-03 -5.76082871e-03 -1.38040085e-02
  6.07455045e-03  1.38000000e-02 -1.97293971e-03  1.33080425e-01
  9.28130096e-01 -8.36294097e-03  7.47847796e-03  9.67372134e-03
 -9.15831641e-03  7.44071022e-01  1.00366945e+00  1.00947916e+00
  3.69938969e-03  1.01386398e+00  1.00606207e+00  5.72501955e-03
  1.01071128e+00 -7.04224410e-03  3.93289983e-01 -1.21140710e-02
  2.56762388e-03  5.64350423e-03  1.10372265e-02  1.00546076e+00
 -1.13533058e-02  7.94417535e-01 -9.35521475e-04  1.08212265e-02
 -9.52250086e-03  7.16090141e-01  1.70034542e-01  4.51369794e-01
 -3.32648871e-03  8.74375624e-03 -2.26421401e-03  4.29161782e-01
  3.77526443e-01  7.03572727e-02  1.00460939e+00  8.76269560e-01
  8.32824913e-03  9.31109737e-03  6.08208852e-02 -7.36768210e-03
  8.33793103e-03 -7.97004296e-03  1.01138848e+00  9.98412382e-01
  2.04804706e-02  7.96238840e-01  5.45919014e-03  1.00399476e+00
  1.63931698e-01  3.83236680e-03 -1.86206897e-03  7.71575342e-03
  4.03752498e-03  4.68629007e-01  2.70529939e-01  1.79555658e-02
  5.61766736e-03 -4.74143836e-03  3.66289960e-03  1.00147800e+00
  6.11142204e-01  7.59668086e-03  9.96087056e-01  1.22783467e-03
 -5.79143035e-03  9.95108139e-01  8.19222580e-01  1.00608422e+00
  1.00544884e+00  1.00640235e+00  1.67813541e-03  4.61372309e-03
 -5.51300850e-03 -5.86338530e-03  6.84966315e-03  1.01194326e+00
  9.39201955e-01 -4.95435480e-04  1.56571070e-01 -8.92477688e-05
  2.03381980e-03  8.20837850e-01  9.97608414e-01 -4.00935635e-04
  9.92938030e-01  9.93101756e-01  1.00945275e+00  2.93759406e-03
  8.89183450e-01 -8.16062960e-04  1.64383562e-04 -5.11792631e-04
  1.00033555e+00  8.58272580e-01 -1.85470502e-03  1.56754979e-02
 -4.08259075e-03  9.94556151e-01  6.57018121e-03 -1.01965758e-03
  7.15052895e-01  2.55414918e-03  5.13486036e-03  7.65307218e-01
  8.54571040e-01  1.27334323e-02  9.96244080e-01  1.00892486e+00
  2.17617017e-02  1.00454625e+00  9.79451446e-01  8.73585099e-03
  2.03657876e-03  8.75325663e-01  7.26967103e-03 -2.79738137e-03
  9.96613978e-03  4.72365702e-03  4.24557041e-03  2.63595274e-03
  1.06830601e-02  6.49482686e-04  1.01017211e+00  1.21687846e-01
  3.38023603e-01  1.00293722e+00  5.15558419e-03  1.00236607e-02
  1.21907755e-02  1.31635695e-02  9.89951147e-01 -5.27720386e-04
  8.39630987e-01  7.71151301e-01  2.68648850e-03  5.63755490e-04
  7.45322995e-01  1.26518542e-01  1.00278583e+00  4.50534383e-01
 -1.88930157e-03  2.67097165e-03  5.71978353e-01  5.09674596e-03
  7.02976491e-03  8.48120301e-03 -1.06084656e-02  5.35632756e-01
 -6.28194489e-03 -7.61283015e-04  5.01896895e-03  1.01903844e-02
  1.29611729e-01  1.62137432e-02  4.89246809e-02 -1.30084923e-02
  9.93123980e-01  1.00403594e+00 -1.21593911e-03  5.89122210e-03
  1.00448820e+00  2.37134137e-04  5.37234311e-01 -4.16595624e-03
  2.33101180e-03 -1.47622067e-03 -3.74482759e-03 -2.34680796e-03
  2.71500883e-01  5.31748003e-01  4.16198877e-01  1.41299060e-01
  6.12203658e-03  1.61951774e-02  9.77746842e-01  5.64603220e-03
  6.62663790e-01  4.54166317e-01  1.00413592e+00  6.57557978e-01
  3.87729717e-03 -5.58754781e-03  1.42156360e-03  1.38364930e-02
  7.85720981e-01  4.85921283e-03  1.11834752e-01  1.93868412e-02
  4.44936413e-03 -3.51889800e-03  2.23826106e-01  4.92278607e-01
  3.72196639e-03  1.44906357e-02  2.28889111e-02 -3.77548683e-03
  8.64400570e-01  5.17463092e-01 -1.95957520e-03  1.12659220e-02
  6.58615362e-03  1.15259052e-02 -2.16720779e-03 -1.28320110e-03
  3.57635824e-03 -5.24040626e-03  8.44885151e-03 -5.15701724e-03
  2.62338024e-01  8.71631105e-02  1.08409436e-02  1.64633944e-02
 -1.73210083e-03  1.21360357e-02 -7.50973654e-03  1.00784672e+00
  6.20165258e-01  8.27718759e-04  9.93740602e-01  6.24006857e-01
  1.00157905e+00  8.61928030e-01  2.04414505e-01  5.98353622e-01
  4.22205774e-03  3.17208080e-01  9.24601240e-01  9.91973546e-01
  4.81340560e-01 -8.49238220e-03  8.15527928e-01 -1.89614481e-02
  7.57685685e-03  5.50286369e-03  8.80138169e-03  3.60862903e-03
  1.13883549e-02  3.08802595e-01  3.04696080e-03  1.20411501e-02
  1.90771097e-03  2.28745290e-02 -1.13971488e-02  1.13641026e-02
 -7.46404110e-03 -7.99054521e-03  1.10944542e-02  1.23495255e-02
  3.53018699e-03  2.93722257e-03 -2.48618785e-04  1.00501874e+00
  8.43772081e-03  7.96286535e-01 -1.92957265e-02  2.01516337e-02
 -8.19422049e-03  6.77202320e-03  1.38959194e-02  5.76997235e-01
  3.44578411e-03  5.