[-1.72945364e-02  4.30476625e-03  1.49689270e-03  7.70058456e-03
  1.00210055e+00  1.49544723e-03  5.05621254e-01  9.48397436e-03
  4.43061798e-01 -1.29435835e-02  4.75513015e-03  1.00761064e+00
 -6.54080145e-03  9.98616735e-01 -8.66270739e-03  5.80999965e-03
 -1.50062194e-02 -2.57480584e-02  1.06136521e-02  7.63615815e-03
  9.56064436e-02  9.95379950e-01  1.01082137e+00  6.60133182e-03
  1.19053907e-02  6.07656171e-03 -6.98458485e-03  1.01102926e+00
  1.00707645e+00  4.02386334e-03  2.63309863e-01  1.00488364e+00
  7.53118337e-03  1.00913093e+00  8.39871451e-01  1.17073174e-02
  1.00486343e+00  8.53798336e-03  3.31758799e-03  1.00636856e+00
  9.98683418e-01  8.39169910e-03  4.29902379e-03  8.92054151e-03
  1.01470487e+00  9.93320858e-01  3.69068533e-01  9.07379647e-01
  8.00022949e-03 -5.76774596e-03  2.30800423e-03  9.75581853e-01
  1.01373746e+00  1.01377519e+00  1.00068323e+00  5.87797567e-03
 -7.25415440e-03  7.62469853e-01  5.74267063e-03 -2.50605932e-03
  6.96135069e-03  3.50675029e-03  6.77159895e-03  1.00489962e+00
 -8.34905824e-03  9.54566817e-03  9.99699361e-01  6.47652103e-03
  1.19447726e-02 -1.47249060e-02  1.00927611e+00  9.98535102e-01
  1.00665204e+00  1.00835570e+00  9.52057262e-04  6.53159512e-01
  4.49370991e-03  1.01125489e+00  3.61354976e-03  5.44326531e-03
  7.18709517e-03  9.99097913e-01  1.00124978e+00  9.53111118e-03
 -9.88869493e-04  2.54781827e-01  1.46018566e-02  1.01187602e+00
  8.70145730e-03  4.69873006e-03 -4.58345819e-03  1.00446870e+00
  9.78648639e-03 -2.14974641e-03  2.17547327e-03  1.19458863e-02
 -1.38973549e-02  1.01130123e+00 -4.92004181e-03  9.86060991e-01
 -5.26283891e-03  4.33733456e-01  1.11348220e-02  9.00477310e-01
  2.85359370e-03  9.73877551e-04  1.00354943e+00  5.20434487e-04
  6.02916439e-03 -2.88299406e-03  9.98109112e-01  9.96439707e-01
 -2.90456765e-02  1.00902148e+00  9.06680603e-03  1.00422090e+00
  1.00556606e+00  1.00410962e+00 -1.16794893e-03  9.31021194e-01
  7.53843274e-03  1.00529237e+00  3.92908657e-03  1.69995582e-03
 -5.29304051e-04  5.61673469e-03  7.67934339e-03  1.08706119e-02
  4.20101181e-03 -1.68766623e-02 -2.79991227e-04  1.17942841e-03
 -7.04210181e-03  4.27246244e-03  6.76139864e-03  3.32678985e-03
  3.86582471e-01  4.19117302e-03  7.22361151e-01  1.00789573e+00
  4.85238061e-03  8.55996351e-01  2.72054498e-03  9.83702558e-01
  1.00706604e+00  5.42499149e-03 -5.96943998e-03  1.00005795e+00
 -1.29046474e-02  3.69268042e-03  7.57663341e-03  1.00835083e+00
  9.85305255e-01  1.59283387e-03  1.00433479e+00 -6.82092256e-03
 -5.77450143e-03  8.24584515e-03  6.60175538e-03  3.03298454e-01
  1.08422764e-02  9.40809865e-01 -5.07279290e-03  5.64300850e-03
  5.54493681e-03 -9.57089948e-04  8.20282269e-01  1.00387184e+00
 -2.99283253e-03  1.00481743e+00  9.88037207e-01 -1.03594809e-03
  1.00576532e+00  1.00142332e+00 -6.71639188e-03 -2.69378544e-03
 -2.86077054e-03  3.40952658e-03  9.89637363e-01 -1.69953260e-02
  8.21792809e-03  6.25618543e-03  4.97936329e-03  1.91314753e-03
  3.76794920e-01  9.13127014e-01  2.14348904e-03  8.94061612e-03
  1.00659956e+00  1.00051552e+00  2.57904270e-03  7.25397257e-03
  1.01108844e+00  5.62957110e-03  1.00819393e+00  1.00932640e+00
  2.13912240e-01  1.00186467e+00  1.04438651e-02  1.00010441e+00
  1.00058032e+00  2.24997274e-03  5.51948342e-03  9.96535542e-01
  1.36313788e-03  1.00544696e+00  1.00767368e+00  7.64261456e-03
  7.56899998e-03  1.00232050e+00  3.56476206e-03 -5.48212399e-03
  7.37314370e-01  4.63571879e-03  1.72646430e-03  5.01534040e-03
 -3.91187279e-03 -4.54247772e-03  3.39866331e-03  4.47100814e-03
  3.37198110e-03  1.00338209e+00  8.10247633e-03  9.82539207e-01
  1.00091499e+00  7.46649218e-03  9.86343019e-01  9.89113609e-01
  1.00871485e+00  5.75986834e-01 -2.58002224e-04  4.87266899e-01
  5.90166837e-03  3.76893676e-01  4.57577639e-03  4.16926007e-03
 -8.69088963e-04  5.83352432e-03 -7.31155130e-04  8.93545728e-03
  1.00522794e+00  8.11955267e-03  1.01018203e+00  6.40656717e-01
 -6.87426641e-03  3.12614090e-03  4.93858651e-03  7.02448101e-03
  1.00196596e+00 -9.45826245e-03  1.00298282e+00 -1.91641551e-03
 -1.35498850e-04  5.28412414e-03 -1.94719207e-02  3.86247866e-03
 -1.47700450e-03  1.00241588e+00  1.31694336e-03  1.39259678e-03
  1.00978318e+00  4.83926152e-01  1.00419420e+00  1.00912757e+00
  3.80283102e-03  1.06262982e-02  1.20658133e-02  1.00278951e+00
  1.44671033e-02  1.16944303e-02  1.00656385e+00 -3.42903425e-03
  9.90973605e-01  2.51816253e-01  1.83362907e-03 -1.54320845e-03
  1.00939331e+00  1.10232757e-02  6.60908337e-03  9.91883125e-01
 -3.77632589e-03 -1.14870290e-02  4.29653193e-03  1.00399936e+00
  4.61414402e-03 -1.69423459e-04 -2.20000000e-04  4.83407062e-03
  2.65041360e-03  9.99826418e-01  9.28679691e-03  7.76762735e-01
 -2.45706402e-02  2.03632571e-03  5.37629387e-03 -6.35009770e-05
  3.86746271e-03  7.64700402e-01  3.39550165e-03  1.00452587e+00
  1.00628340e+00 -4.47398670e-03  4.31001801e-03  1.00114813e+00
  1.00748734e+00 -1.79298277e-03  1.00460301e+00  4.74206139e-03
  9.99038179e-01 -9.22860491e-03  1.00596722e+00  1.00017525e+00
 -1.30751380e-02  1.34133986e-03 -1.03059475e-02  1.01055671e+00
  7.57632977e-05  1.00496620e+00  7.02803842e-01  3.06153126e-03
  3.76708174e-03  5.25164855e-03  9.52440613e-01  1.54945920e-01
 -4.17923110e-04 -3.96191323e-03  3.02717684e-03  7.69401924e-01
 -1.65310069e-03 -5.69217759e-04  1.00650918e+00  1.00162694e+00
  6.39163501e-03 -1.15110127e-02  3.22277068e-03  1.00603186e+00
  4.74750232e-01  3.34688179e-03  9.95751673e-01 -7.65842499e-03
  4.34567397e-03  9.33592196e-04  1.00838030e+00  1.00746000e+00
  1.00777672e+00  1.15115827e-02  3.71836735e-04  1.07905000e-02
  5.85203169e-03  7.84187135e-01  6.15221393e-04  7.47732968e-03
  2.61093140e-03 -4.08343236e-03  1.00125433e+00 -6.47192768e-04
  1.00868860e+00  6.58043937e-04  3.96449131e-03  9.98831706e-01
 -1.16890575e-02  1.71468609e-03 -2.71901492e-02  8.83756562e-03
  1.00558487e+00 -1.60126715e-05  1.10964510e-02  1.00865011e+00
  4.27221342e-03 -1.