[-7.41777778e-04 -1.10124146e-03 -3.35771468e-03 -3.31503524e-03
 -2.18019003e-04 -2.73130911e-03  1.00101106e+00  1.00179892e+00
 -5.94698395e-04  1.00314788e+00 -6.82451761e-04  1.00379649e+00
 -9.40382646e-05  2.31162050e-03 -3.86187236e-03 -1.57741074e-03
 -1.97854653e-03  1.00259609e+00 -2.88243970e-03  1.00212812e+00
 -1.31326533e-03  4.83711417e-04 -4.90567449e-03  1.13035136e-03
  1.90167482e-01 -3.32955777e-03 -3.70949764e-03  3.98842335e-01
  1.00326751e+00  1.00192106e+00  1.00106095e+00  1.00270723e+00
 -1.22209594e-03  1.00247917e+00 -5.09951031e-05  1.00557455e+00
  1.00143983e+00  1.26126587e-03  9.13694599e-01  1.00241984e+00
 -1.85681193e-04  1.03807697e-03  1.00293651e+00  3.38292484e-04
  1.00413365e+00 -1.26389716e-03  2.28800110e-04 -1.20838465e-03
 -3.48938742e-04  7.85462799e-04  1.80588208e-03  1.00227961e+00
  1.00402099e+00  1.00004890e+00  5.39522199e-01  1.99090406e-03
 -7.73339012e-04 -1.02507240e-04 -1.46606390e-03 -9.38962180e-04
 -6.43975800e-04 -1.50653919e-03 -3.36758735e-03  1.00001386e+00
 -2.50494873e-03  1.00211528e+00 -2.57756203e-04  1.00385073e+00
  1.00023242e+00  1.00089503e+00 -5.17685679e-04  9.98924443e-01
  3.34488877e-04 -1.28509369e-03  1.00268706e+00 -4.19302876e-04
 -1.94043212e-04  3.40527191e-01  1.00252524e+00  1.73274876e-03
  5.75275331e-04 -1.10757356e-03  1.00280670e+00  2.19233475e-04
 -6.03725132e-04  1.00333896e+00  1.00240192e+00  5.60822387e-04
  1.78061027e-03 -9.98396072e-06 -4.38082595e-03  1.00176883e+00
  1.88945099e-03 -4.63521424e-05  1.00212179e+00  2.32111024e-04
  1.00600015e+00  9.99824663e-01  1.87169093e-03  1.41776911e-03
  1.00393373e+00 -9.34847731e-04 -1.52054548e-03 -1.18340918e-03
  1.11847479e-03  4.11253369e-04  3.58370987e-03  6.89708922e-01
  5.54271916e-04  2.66960530e-03  6.81184743e-05  7.06058166e-04
  1.98692239e-03 -5.01886231e-03  5.32333309e-04  1.00134442e+00
  1.00191119e+00  7.65893297e-04 -3.20181629e-04  1.00183912e+00
 -3.04217339e-03  5.73827026e-04  1.09976748e-03 -2.29340971e-03
 -3.38778278e-04 -5.12888889e-04 -5.52325119e-03  1.96488889e-03
 -7.21801971e-04  1.00253399e+00  2.64377890e-05  1.55571252e-03
  1.00177573e+00 -1.20767184e-03  2.94979837e-03  1.00097104e+00
  1.00324061e+00  1.94320598e-01  1.06272090e-03 -9.20618657e-05
  2.13208105e-04 -3.31860378e-03  1.00445420e+00  2.84852624e-03
  1.00202829e+00  4.27254212e-04 -1.25771349e-03  1.00052544e+00
  1.00494905e+00 -2.67449807e-04  1.00288858e+00 -5.65584966e-04
 -1.88198178e-03 -6.09591025e-04 -9.55667665e-04  1.00492288e+00
 -1.17515164e-03  1.19509248e-04  1.01652769e-03  7.30192285e-04
 -3.83751982e-03 -5.82176323e-04  4.97441387e-03  4.58915125e-04
  1.00317313e+00 -2.54413413e-03  1.00297697e+00  1.00276084e+00
 -2.72671460e-03 -3.61311099e-03  6.21227188e-05  1.81511243e-04
 -1.99034154e-03  1.00168925e+00 -2.10423683e-03 -2.81082321e-04
  4.64741302e-04 -7.56553374e-05 -4.18958015e-03 -1.12174938e-03
  1.41782466e-03 -2.20266385e-03  6.06436777e-01  1.00238093e+00
  1.02734784e-03 -3.16480196e-03 -2.77039869e-03  9.99139593e-01
  1.98162185e-04 -1.21606782e-03  1.00384480e+00  9.65664970e-04
  1.00297853e+00  1.93877921e-03 -3.90096318e-03  7.78550410e-04
  1.00201766e+00  2.64616930e-03  1.02398896e-03 -1.49622551e-03
  7.32132002e-04 -3.54314137e-03 -9.29898508e-04  1.43370436e-04
 -2.04362922e-03  1.00163531e+00 -2.28392017e-03 -1.95683706e-04
  1.00285610e+00 -4.03987229e-03 -2.80529600e-03  2.47035096e-03
  1.00228880e+00  2.52115869e-03 -5.50343552e-03 -2.04578021e-04
 -9.68377961e-06  2.38638965e-03 -1.03675087e-03  2.42980306e-03
  1.27892337e-03  4.96862856e-04  1.00016216e+00 -3.88621636e-04
 -1.48188668e-03  1.00228941e+00 -9.94893126e-04 -5.93379834e-04
  3.08033614e-04 -1.98099625e-03  7.76468538e-04 -2.58864835e-05
 -4.09299317e-04  1.00231363e+00  2.39477005e-03 -4.25636838e-04
  1.23290934e-04  1.00193760e+00  8.37923858e-01  1.00186865e+00
 -3.20071366e-03  9.59368137e-04  9.99282231e-01  1.00241148e+00
  6.65162784e-05 -2.23321584e-04  1.00254164e+00 -2.08822537e-04
  1.00434681e+00  1.00076589e+00  1.34330851e-03 -2.98233530e-04
  1.00163035e+00  1.00023314e+00  1.00250124e+00  1.00146784e+00
  1.42144219e-03  4.62492920e-03  1.88212174e-03  1.00273872e+00
 -4.20395064e-04  7.49240948e-04 -3.67751342e-03  1.00177330e+00
  7.65092840e-04  1.00309210e+00  6.81595652e-04  2.24266667e-03
  1.77053134e-03  1.00223984e+00  1.00119406e+00  2.46121677e-03
 -5.87290227e-04  1.80739582e-03  1.61947768e-03 -1.68682568e-04
  1.00104492e+00 -9.82056600e-04  1.00299743e+00 -3.66240845e-04
 -5.38384925e-04  3.92820413e-04  1.00600718e+00  1.00163649e+00
 -2.76815332e-05  1.00239219e+00 -2.05118493e-03  3.39910697e-05
  1.29153946e-01  1.00349444e+00  1.00400709e+00  1.00437795e+00
 -1.71540939e-03  1.74426241e-03 -3.30747998e-04 -1.79168431e-03
  6.52222720e-05 -3.68108854e-03  1.00174137e+00  1.00034387e+00
  1.66255014e-03  1.00447383e+00  1.00294699e+00  1.00195770e+00
  1.82703431e-03  2.27162695e-03 -2.28785398e-03  6.08696611e-04
 -2.53678898e-03  1.00028750e+00  1.00267044e+00  1.00204657e+00
 -1.02844444e-03  6.83111102e-04 -1.79270110e-03  1.00090393e+00
 -2.89006776e-03  1.00353030e+00  1.00237592e+00  1.52098764e-03
  1.05953196e-04  9.72043702e-04 -3.10652216e-03 -2.15396899e-03
  1.57119638e-03 -1.51303525e-03  1.00320695e+00 -2.23157036e-04
  8.07516015e-04  5.04507172e-04  1.00027574e+00 -5.40651595e-04
  9.99798178e-01  3.39485766e-04 -1.92137406e-03  1.00345829e+00
  2.75105910e-04 -1.23502679e-03  9.71587195e-05  1.68693704e-03
  1.00119577e+00 -6.01488984e-04 -8.97456719e-04  9.08059959e-04
  6.30919683e-01 -2.36624548e-04  1.60234261e-03  2.08784955e-03
  1.00019764e+00  1.00133226e+00  1.00180636e+00  1.00255797e+00
  3.60281107e-04  1.30351421e-03 -2.37795995e-03 -1.48068675e-03
  1.00197167e+00  5.25055505e-04  5.93004061e-04  1.68288542e-03
  2.01764179e-03  6.59289482e-01  1.00070834e+00  2.20818241e-03
  1.34826811e-03  1.42972211e-03  2.27733608e-03  1.12050777e-03
  1.00472270e+00  6.