[-8.82488974e-04  4.56552007e-05  3.37053091e-04 -6.84786829e-04
  1.55998230e-04  5.75227898e-04  1.26994061e-03 -8.39782781e-04
 -3.47054277e-04 -3.49857836e-04  3.55153561e-04 -2.22159137e-04
 -2.50914064e-04  4.44255995e-04  3.20945239e-04  2.15701213e-05
  6.57798128e-04 -3.40426709e-04  9.05517203e-04 -4.52000380e-04
  9.32052672e-04  9.03916313e-05 -8.17174386e-04 -1.72435741e-04
  3.31747384e-04 -3.68958105e-04 -1.90799975e-03 -8.26472987e-04
  1.57578505e-04  4.60003676e-04  4.05805807e-04  8.25002046e-05
 -2.12061554e-04 -1.91184281e-04  9.28799452e-04 -4.61851410e-04
 -3.27188443e-04  8.96373578e-04  9.89848694e-04  4.52101025e-04
  1.67392215e-04 -8.13143060e-04 -6.08864018e-04  6.60898087e-04
  1.68684483e-05  7.77063049e-04  4.01175127e-04 -8.72853614e-04
  1.45137618e-04  2.49311388e-04 -7.14704531e-04  6.80000782e-05
  2.51177805e-03 -1.44517954e-03 -8.85557447e-04  2.75999308e-04
 -9.36856048e-04  5.26206929e-04  1.35528917e-04  5.46429113e-04
  6.92502038e-04 -1.06369741e-04  2.15189879e-04  7.76796116e-04
 -7.18052314e-04  2.61685674e-04  1.95997111e-04 -1.04433840e-03
 -4.08789959e-04 -3.81612286e-04  6.21736940e-04 -5.83226016e-04
  3.43326207e-04 -3.25745262e-04  7.13374084e-05 -1.22747513e-03
  7.17750245e-04 -4.85608741e-04 -9.20297149e-05 -8.78628554e-04
  7.94004093e-04 -1.61013006e-04 -7.93440020e-04 -2.37681573e-04
 -2.02932416e-04 -2.02671279e-04 -3.72455361e-04  1.25051327e-03
 -5.56906484e-06 -2.48270885e-05 -1.65688591e-04  1.86445759e-04
  2.32166362e-05  3.94928389e-04  2.25570688e-04 -7.31383423e-05
 -3.85121753e-04 -1.30129057e-03 -1.24209961e-03 -8.09993655e-04
  7.79069066e-04  7.68642064e-04 -3.69660065e-04 -1.00211812e-04
 -2.47306122e-04 -1.75218542e-04  3.08071588e-04  1.10565039e-03
 -4.12245749e-04  8.57809565e-04  1.49706502e-03  3.64447065e-04
 -1.67271883e-03 -5.43463216e-04  2.35983204e-04 -3.79929956e-05
  1.57387347e-03  1.49606716e-04  7.76591588e-05  1.29072498e-04
  5.85703474e-04 -6.47198705e-04 -4.31545022e-04  4.71222805e-04
 -9.54471512e-04 -1.57576836e-04  8.68661176e-04 -2.93870846e-04
  5.91288710e-04  1.42487544e-03 -6.20000362e-04  4.92952052e-04
 -1.52925427e-03 -5.55353576e-04 -2.35999107e-04 -3.52445624e-04
  9.41610416e-04 -1.16000891e-04  1.80148983e-04 -1.44785796e-04
  1.31655302e-03 -2.29676589e-03  4.98394686e-04 -1.27279612e-04
 -8.18737376e-04 -4.79350047e-04  1.02963477e-03  5.46649860e-04
  2.06377223e-03  1.18397732e-03 -5.03225289e-04 -2.42395289e-04
  6.00862552e-04  1.18031516e-03 -9.47903645e-04  7.07999468e-04
  6.73034895e-04 -4.56085923e-05  4.39223182e-04  2.93610683e-04
 -5.80151551e-04 -3.19319072e-04  4.36541285e-04 -2.01534426e-03
  1.20080316e-03 -5.50676990e-04  2.73883220e-04  1.32409112e-03
 -6.31297484e-04  1.20171625e-03  6.71309119e-04 -1.27281043e-04
 -1.96473176e-04  1.69018792e-04 -4.12579532e-04  1.53007698e-04
  5.99225589e-04  1.21599559e-03 -2.95217725e-04  5.77329907e-04
 -1.51068843e-05  7.56560058e-04 -1.36900970e-04  1.21792444e-05
 -3.24357989e-04  1.06006359e-03 -1.61152278e-04  5.85299610e-04
  1.14387114e-03  9.00129371e-04  1.36771604e-04  8.94119023e-04
  5.73603828e-04 -4.53845952e-04 -9.91232060e-04  5.64304854e-04
  2.61581915e-04  9.91211190e-04 -1.23973207e-04  3.83189261e-04
  1.34845948e-03  2.39366413e-04  1.28897355e-04  2.16266393e-03
 -1.59180505e-04 -2.24787477e-04  7.29507945e-05  3.73988606e-04
  3.46108793e-04 -4.72975788e-04 -5.65608984e-04 -1.05731224e-03
 -3.27320537e-04  5.11191980e-04  3.51511503e-04  9.19614083e-05
  1.66058990e-04  1.50986532e-03 -4.24197280e-04  1.05556019e-03
  2.94881853e-05  4.38992674e-04  4.23243801e-04 -2.96550100e-05
  9.43432445e-04 -1.34169006e-04  8.63229752e-04  4.04000998e-04
  2.77821514e-04  1.20496477e-03  9.03657348e-05  1.39665519e-03
 -1.99603300e-05 -1.51511844e-04  1.85681213e-03  2.47484668e-05
  1.25664023e-04 -1.26658382e-03 -4.84000921e-04 -9.37331148e-05
 -9.92858058e-04  2.78013142e-04 -1.70448898e-04 -5.83371003e-04
 -8.30645008e-04  2.25040060e-03  3.78092151e-04 -3.67326909e-04
 -7.37051890e-04  4.25492656e-04  1.09875065e-03  1.38197523e-03
  7.15999842e-04 -1.13139937e-03  7.11762468e-04 -1.10911914e-03
  6.23198626e-04 -9.17780050e-04  3.52954691e-04 -4.08752388e-05
 -2.95438600e-04 -1.17050585e-03  7.87077879e-04  4.69597796e-04
  1.40064534e-04 -2.04001641e-04 -7.43482194e-05 -2.15705982e-05
 -1.88140361e-04  6.32664591e-05  3.27482339e-04  1.06632495e-03
  8.21619608e-04 -5.87273565e-05  7.91800851e-05  8.65749739e-07
 -1.54372220e-04  3.23336239e-04 -1.35330121e-05  3.01724354e-04
  1.86022613e-03 -7.65207373e-04  1.56055482e-04  4.02685391e-04
  6.88848405e-04 -7.12165478e-05 -9.08444280e-04  6.04161323e-04
  1.35388030e-03 -2.00830205e-04  2.15584373e-04 -9.69112364e-04
 -3.35714208e-03 -1.65580795e-04 -4.50395112e-04 -5.29009727e-04
  6.33026837e-04 -2.42703102e-04  8.32296991e-04 -1.25576392e-04
  7.06523832e-06 -1.06321429e-03  3.14757951e-04 -8.36518695e-04
 -4.32839147e-04 -6.24845971e-04 -4.13889673e-04  6.04162993e-04
 -2.67118057e-04 -1.05133668e-03  6.05734841e-04  1.48399997e-03
  4.58003823e-04  1.62967857e-04  8.08942925e-04  3.89592275e-04
 -8.51142180e-04  9.84057961e-05  8.77562987e-04  5.68901180e-06
 -4.97239546e-04  9.06057618e-04  1.15180043e-03 -4.73394395e-04
  9.25642873e-04  1.70376703e-04  3.91332498e-04 -8.87806010e-04
 -1.87965265e-03  4.64972712e-04  3.00388806e-04  6.47669351e-04
 -6.24791111e-04  1.23276217e-03  7.27200316e-04  7.03200953e-04
 -3.33697501e-04  1.28704629e-03 -3.88235739e-04  1.03312960e-03
  6.67795824e-04 -1.86377132e-04 -4.32676640e-04  8.56047613e-05
  1.69236256e-04  1.57608075e-04  5.01930198e-04  1.35231363e-04
  6.68027046e-04  5.78468663e-04  2.95700535e-05  4.02601943e-04
 -7.03316186e-04  1.21230306e-03 -9.99601711e-05  5.17720916e-04
  7.51405828e-04  4.42524778e-04  1.72058069e-04  2.23808325e-04
 -3.87109695e-04 -2.20512761e-04 -4.51027819e-04  9.37916930e-04
  8.22255462e-04  1.94392377e-04 -9.45756187e-07 -1.78392281e-04
 -3.91213786e-05 -8.