[0.         0.         0.         0.         0.         0.
 0.         0.         0.         1.         0.         0.
 0.         0.         0.         0.         0.         0.
 0.         1.         0.         1.         0.         1.
 0.         0.         0.         0.         0.         0.
 1.         0.         0.         1.         0.         0.
 0.         0.         0.         1.         1.         0.
 0.         0.         0.         0.         0.         1.
 1.         1.         0.         1.         0.         0.
 0.         0.         0.         0.         0.         0.
 0.         1.         1.         0.         1.         1.
 1.         1.         0.         0.         0.         0.
 0.         0.         0.         0.         0.         0.98011657
 0.         0.01364909 0.         0.         0.         0.
 0.         1.         0.         0.         0.         1.
 0.         0.         0.         1.         0.         0.
 0.         1.         0.         0.         0.         0.
 0.         0.05992513 1.         1.         0.         0.
 0.         0.49885962 0.         1.         1.         0.
 0.         0.89209936 0.1939855  1.         1.         1.
 0.         0.         1.         1.         0.         1.
 0.         0.         1.         0.         0.         0.
 0.         0.         1.         0.         0.         0.76590129
 0.14672555 0.         0.         0.         0.         0.
 1.         0.         0.         0.         0.         1.
 1.         0.         0.         0.         0.         0.
 0.         1.         0.         0.         0.         1.
 1.         1.         0.         0.         0.         0.
 1.         1.         0.         0.         1.         0.
 0.         0.         1.         0.         0.         0.
 0.         0.         0.         0.         0.         0.
 0.         1.         0.         1.         0.         0.
 0.0932254  0.         0.74949201 0.         0.         1.
 0.         0.         0.         0.         0.         0.7594654
 0.         0.         0.         0.         1.         0.
 1.         0.         0.         0.29745605 0.         0.
 0.         0.         0.         1.         0.         0.
 0.         1.         0.         0.         1.         0.
 1.         0.         0.         0.56361628 0.         0.
 0.         0.         0.         0.         1.         0.
 1.         0.         0.         0.         0.         1.
 1.         0.         1.         1.         0.         0.
 0.         1.         1.         0.         0.         1.
 0.         1.         0.         0.         0.         0.
 0.         1.         0.         0.37771361 0.         0.
 0.         1.         0.         0.         0.         0.
 0.         0.         0.         0.         0.         0.
 0.         0.         0.         0.         1.         1.
 1.         0.         1.         0.         0.         1.
 0.         0.         1.         0.         0.         0.
 0.12149325 1.         1.         1.         1.         0.
 1.         1.         0.         0.         0.         0.
 1.         0.         0.         0.         0.         0.
 0.         0.         1.         1.         0.         0.
 0.         1.         0.         0.         0.         0.
 1.         0.         0.         0.         1.         1.
 1.         1.         0.         0.         0.         0.
 0.49229542 0.         0.         1.         0.         1.
 0.         1.         1.         1.         0.         0.
 1.         0.         0.         0.         0.         0.
 0.         1.         0.65814809 1.         0.         0.
 0.         1.         0.         0.         0.         0.
 1.         0.         0.         1.         0.         0.40301569
 0.         0.         1.         0.         0.         1.
 0.67745982 0.7049376  0.         1.         0.         0.
 0.         0.         0.         1.         0.10986286 1.
 0.         0.         0.59672954 0.         0.35357692 0.
 0.         1.         1.         0.         1.         1.
 0.         1.         1.         0.         0.         0.
 0.         0.         0.         0.         1.         0.
 0.         0.         0.         0.68422831 0.         1.
 0.61374775 0.         0.         0.         1.         0.14124226
 0.         0.         1.         1.         0.         0.
 0.17921458 0.29178904 0.20722845 0.         1.         0.
 0.         0.         0.         0.         0.         0.64083874
 0.         0.         0.         0.         0.         0.40095331
 0.         0.         1.         0.         0.         0.
 0.         0.         0.         0.         0.         0.
 0.         0.         0.         0.         0.         0.
 0.         1.         0.         0.         1.         1.
 0.         1.         0.         0.         0.         0.
 0.         0.         0.         0.         0.         1.
 1.         0.         1.         0.         1.         0.
 0.         1.         0.50052051 0.         0.10846483 1.
 0.         0.         0.         0.         0.         1.
 1.         0.89792063 0.         0.96333914 1.         1.
 0.         1.         0.         0.         1.         0.56615083
 0.         1.         0.         0.         0.         0.
 1.         0.         1.         0.         0.         1.
 0.         0.         0.         0.         0.         1.
 0.         1.         1.         0.35164666 0.         0.
 0.89187018 0.         0.         0.         0.69232925 0.6346724
 0.         0.         0.         0.         0.         0.
 0.         0.         1.         1.         1.         0.
 0.         1.         1.         0.         0.         0.
 1.         1.         0.         0.         1.         1.
 0.         0.         0.82269413 0.         0.         0.
 0.         0.         0.         0.         0.         0.
 1.         0.         0.         1.         0.         1.
 0.         1.         0.         0.98628043 0.         1.
 0.         0.         0.48242