[ 5.01806454e-03 -1.35984075e-03  6.64740987e-03  8.87106279e-04
 -5.98452536e-03 -7.68905021e-04 -1.06367961e-03 -4.19050028e-04
  2.12277973e-03  4.07809094e-03  1.00999039e+00 -1.93416576e-03
  1.00662859e+00  2.26985789e-03 -3.62506490e-03  1.20719758e-03
 -7.15888578e-04  1.43113374e-03  2.60543032e-03  3.38413158e-03
 -8.47950139e-04 -3.13937906e-03 -4.56916996e-04 -3.68826076e-03
  2.39499009e-03 -1.67957839e-03  1.00750850e+00  1.00853958e+00
 -4.70268853e-03  1.00878732e+00  1.55835482e-03 -3.40184474e-04
  9.83584654e-04 -2.98920266e-03 -3.18395161e-03 -3.21850497e-03
  3.01464459e-03  1.00911569e+00 -9.91609350e-04  1.36931607e-03
  2.22941176e-03  5.10840645e-03  2.72715472e-03  6.69283660e-03
  3.90590984e-03 -5.29411765e-05  1.00341539e+00  4.14632781e-03
  3.66088404e-03  3.27706138e-03  4.21988577e-03  1.00855379e+00
  1.00486656e+00  3.80449953e-04 -6.69147342e-04 -7.56744388e-03
  1.00689106e+00  1.60403129e-04  1.61944360e-04 -6.95948248e-03
  6.87241688e-03  2.45062632e-03  4.21487090e-03 -2.93601190e-03
 -4.76046059e-03  1.01488542e+00  5.53671950e-03  3.71788158e-03
 -8.43102619e-03 -1.74193653e-03  2.38282221e-04  1.00473082e+00
 -9.05690295e-04  1.69877341e-03 -6.63283463e-03 -4.09932852e-03
  4.13093578e-03  1.00701220e+00 -2.38535376e-03  4.77154725e-03
 -1.90784383e-03  3.46707093e-03 -2.09750668e-04  7.10748773e-03
 -1.57456818e-04  5.07669067e-04  1.00473910e+00 -8.01588726e-03
  5.31596420e-03  4.84946282e-03  9.60679519e-04  2.29677107e-03
  1.48226727e-03  3.44851926e-03 -1.19063569e-03  5.65686275e-03
  5.35185645e-03 -2.81600469e-03  1.91245974e-03  5.11174005e-04
  1.00654883e+00  1.00678614e+00  1.00867783e+00  4.47947897e-03
 -5.34954046e-03 -4.31768555e-04  6.59482143e-03 -3.22513414e-04
  2.45837271e-03 -7.08081216e-04  1.00569376e+00 -1.04492643e-02
  1.00982449e+00  2.06085187e-03  1.94638356e-03  5.42056075e-03
  3.12229798e-03 -3.37916426e-03 -4.61815470e-03 -5.81536139e-03
 -4.94759281e-03  5.62323166e-03 -3.79872945e-03  3.90139141e-03
 -7.36625312e-03 -7.00111437e-03  2.09799254e-03  3.39494107e-03
  2.37963233e-03  6.26814052e-03  3.96641485e-03  1.00602433e+00
  1.91229287e-03 -3.78499155e-03 -2.75708400e-03 -7.39658656e-03
  1.02331282e-04 -2.42784664e-03 -5.66329452e-04  1.00762380e+00
  1.68304745e-03 -1.16706161e-03 -6.70089286e-03 -3.02211992e-03
  1.10682657e-03  4.79316093e-03 -7.07566836e-04  1.60918245e-03
  3.74128343e-03  1.00622484e+00  4.78175734e-03  3.64297313e-04
  3.25580903e-03  7.00099140e-04 -2.89606872e-03  1.01027129e+00
  2.06429345e-03 -6.59191265e-04  2.49684378e-03  1.91332731e-04
  4.26064890e-03 -4.76169105e-04 -3.35284228e-03 -2.35796712e-03
  1.00916052e+00 -3.53951890e-03  2.92330673e-03  4.47962772e-03
  4.14222438e-03  4.34605450e-03  4.00921555e-03  3.84672647e-03
  3.76557632e-03  6.39727933e-04 -8.77777226e-05  1.00787301e+00
  1.00841597e+00 -5.85635173e-03 -4.95535714e-04  1.00921891e+00
  1.01072202e+00  1.00549823e+00  4.44571029e-03  6.91603576e-03
  2.44457563e-03  2.09379939e-03 -2.76317093e-03  3.27379616e-03
  2.66447156e-03  2.66447156e-03  1.83725490e-03 -1.72256148e-03
  4.79065483e-03  2.72715472e-03 -1.29776074e-03  1.00449571e+00
 -3.22134721e-03 -9.81921812e-03 -5.28883145e-03  8.92350326e-04
  2.17892197e-03  1.00731418e+00 -3.85258324e-03 -9.06514732e-03
  1.45488739e-03  5.47703225e-03  1.61587637e-03 -9.20673203e-03
 -1.11194178e-04 -1.05929494e-03  1.00822819e+00  2.99315330e-03
  1.08028297e-03 -1.46989924e-03  5.27280130e-03  3.45882081e-03
 -1.18748895e-02  3.84347826e-03 -4.97943134e-03  3.77439584e-03
  1.00889601e+00 -5.27193666e-03 -4.85924225e-03  1.00839791e+00
 -3.36792129e-03  1.00768725e+00  1.68180252e-04  1.46793142e-03
 -4.12574872e-03  1.00595765e+00  1.01085479e+00 -4.46509177e-03
 -5.47476662e-03  6.17443302e-04  1.94655293e-04 -2.04647699e-03
  1.23889735e-03 -3.39562527e-03  3.52287146e-03  3.21075497e-03
  1.00971850e+00 -1.03988666e-02  2.02276975e-03  2.65064851e-03
  1.63157721e-03  4.66620331e-04  1.00625888e+00  5.13686353e-03
  1.52630198e-03  1.00817914e+00  3.01751688e-03 -1.12985907e-03
  8.35728699e-04 -5.00242728e-03  1.02794545e-03  2.36802385e-03
  4.20911934e-04  4.82717965e-03 -2.93601190e-03  1.02941176e-03
  6.65870159e-03 -2.58500701e-03  4.24023468e-03 -2.13262234e-03
  4.70363704e-03 -2.98502285e-03 -2.12334614e-04 -1.99092817e-03
  1.01095257e+00  8.85578920e-04 -1.70810638e-03 -2.80159661e-03
 -1.29144518e-02 -2.23019103e-03 -6.00529666e-03 -2.00007197e-04
  1.00528387e+00 -1.49091225e-03  1.29441061e-03 -3.25943565e-03
  1.00645699e+00 -3.32353617e-03  1.00560189e+00  5.12378788e-04
 -5.04439782e-04  1.00766806e+00  2.62444141e-03 -1.58476582e-03
  4.07577497e-03 -4.12743360e-03  1.00592488e+00 -4.72172619e-03
 -3.24811642e-03  6.34603751e-04 -8.11227779e-04  2.59467635e-03
 -3.62570512e-03 -5.18628535e-03  1.01351924e+00 -1.46812108e-03
 -6.33333333e-04  4.24350038e-03 -3.26340284e-03  5.18304432e-04
  1.74501661e-03 -5.39636504e-03  1.38965791e-03 -1.79217347e-03
  1.00808930e+00  4.81430351e-03  7.40608936e-03  3.27409811e-03
  5.47425249e-03 -5.22609327e-03  3.62569894e-03 -6.40220687e-03
 -9.11705961e-03 -6.60047106e-03  9.99747656e-01  1.30306249e-03
  7.05015860e-03 -9.71425691e-03  1.00443330e+00 -6.64852958e-03
  9.94374999e-04  2.80016874e-03  1.00832557e+00  3.61576414e-04
  1.00415603e+00  3.75753368e-03 -5.91849590e-03 -1.32447865e-03
 -1.54469610e-03  1.01022557e+00  1.01057025e+00 -6.95511900e-04
  5.34813671e-03 -7.17990127e-03  4.35409596e-04 -1.16666766e-03
  3.99034064e-03 -3.11911827e-03  7.98883614e-05 -2.58707994e-04
  3.14678488e-03  1.00684151e+00 -5.94712053e-03  9.70238095e-04
 -2.33043392e-03 -5.90407259e-04 -3.32103608e-03  3.46153246e-03
  1.00600565e+00 -5.14735637e-03  5.35906772e-03  2.51274914e-03
  2.87828499e-03 -4.03462586e-03  1.68873313e-03 -5.62590192e-03
 -5.78850922e-03 -1.70333657e-03  2.00815252e-03 -5.29955702e-03
  2.38354560e-03 -9.00485140e-03  6.33829030e-04  3.88726636e-03
 -4.79782202e-03 -4.