[-4.00401252e-03 -5.41414191e-04  1.00345520e+00 -2.70251960e-03
 -2.44179134e-03 -7.27365975e-03  5.82028092e-04  2.38979803e-03
  8.58571500e-04 -1.95632251e-03  1.00695546e+00  1.46710963e-03
  1.00356248e+00  5.13764185e-03 -5.60476148e-04  1.18031554e-03
  5.82990600e-03  7.29514256e-03 -2.45334272e-03 -6.75176348e-04
  1.00743200e+00 -7.12714294e-03  1.00589889e+00 -6.13691700e-03
 -1.74402919e-04  3.26718263e-03 -5.88719706e-03 -3.01776921e-04
 -5.89882916e-03  2.49038607e-03 -6.88287837e-03  1.78303143e-03
 -3.92864815e-03 -4.32492997e-03 -7.08609109e-03  6.77002619e-04
  1.00947607e+00 -5.71158509e-03  6.23370446e-03 -1.30257786e-03
 -4.93338080e-03 -5.56351419e-03 -7.69227327e-04  5.14649880e-03
 -9.74840596e-03 -3.78362605e-04  4.06085401e-03  6.92841197e-03
  5.02940109e-03  7.96952105e-03 -4.39437924e-03  7.96725526e-04
 -4.19683945e-03  1.86833186e-03  2.41994118e-03 -6.27324706e-03
  1.00804471e+00  2.27264674e-03  2.82394612e-03  1.00579719e+00
 -4.19007740e-03  4.43967893e-03 -2.04527646e-03 -4.31332580e-03
  2.14610495e-03  1.00635461e+00  1.29845048e-03  1.00253660e+00
 -5.00620198e-03  1.00675151e+00 -3.38141924e-04  2.81428251e-03
  4.29625816e-03  3.12470588e-03  2.37288709e-03  1.00739386e+00
 -3.81573577e-03  1.00587368e+00 -8.61592954e-03  6.82780042e-04
  1.00533348e+00 -2.00665638e-04 -8.92469606e-04  1.00548139e+00
 -2.24869662e-03 -3.57866658e-03  1.31052771e-03 -9.49490196e-03
  5.25772982e-03 -2.46810547e-03  3.47337963e-03 -3.54534615e-03
  1.00550377e+00 -1.29237379e-03  1.00667217e+00  3.62994844e-03
  3.04022618e-03  2.58949945e-03 -1.86474559e-03  1.97961443e-03
  1.56833416e-03  6.13902505e-04  5.72735005e-04  1.27020281e-03
  5.56402935e-03 -9.99081726e-04  5.53508122e-03  7.06478984e-03
  1.33510788e-03 -5.16940065e-03  1.00776664e+00 -2.35813983e-03
  7.49211682e-03 -3.02626184e-03  1.71512128e-03 -7.45564192e-03
 -7.91669705e-03 -1.09572803e-02 -1.63883036e-04 -3.43171980e-04
 -3.35841484e-03  1.01049825e+00  3.92712736e-03 -2.09353277e-03
 -5.47585417e-04 -2.74124937e-03  6.12239325e-03 -4.37681685e-03
  3.65998183e-03 -3.13142307e-03  5.22298851e-03  1.86035680e-03
  1.30709922e-03 -1.23723069e-03  7.04950114e-04  1.00568793e+00
  1.00696809e+00  1.54135464e-03 -3.38242800e-03 -3.38009605e-04
  1.00501848e+00 -2.29107352e-04 -7.77603108e-03  2.48524605e-03
  1.39625033e-03  4.20981040e-03 -8.09124674e-05  1.00810144e+00
  5.05198689e-03 -9.42512603e-03  1.00678184e+00  1.00877012e+00
  4.41559086e-03  7.57726932e-04  1.44381457e-03 -2.00615923e-03
  3.61679824e-03 -1.19282182e-03  2.12369350e-03 -2.48058190e-03
  4.75191396e-03 -7.69930306e-03 -6.67902753e-03 -7.77363510e-04
  1.60196230e-03 -3.44270372e-03 -2.53261007e-03  3.42683811e-03
  8.43493560e-04  3.93581256e-03 -4.41037287e-03  3.97416762e-03
 -7.84561379e-03 -1.03718748e-02  1.86268048e-04  4.10935107e-03
  6.48626715e-04 -4.27766399e-03  1.82562529e-03  3.47211814e-03
 -1.08298793e-03  1.00630875e+00 -2.03177890e-03  5.34389977e-03
  3.77061974e-03 -8.42096598e-04  4.16970902e-03  7.16525643e-03
  4.64846850e-03  3.93116335e-03 -3.35016611e-03  3.72613045e-03
 -7.70939180e-03  1.00501916e+00 -6.75214474e-03 -4.50986389e-03
 -4.27137255e-03  4.17656389e-03 -1.10656701e-02 -5.81372832e-03
 -4.42733930e-03  4.08941176e-03 -2.24732609e-03  2.62641691e-03
  4.62761352e-03  3.51687960e-03  5.90415632e-03  2.24119627e-03
 -2.07680156e-04 -6.14957531e-04  1.00658957e+00  2.51270658e-03
  1.00575480e+00 -4.74421394e-03  2.96223321e-03  1.00810819e+00
  7.08713338e-04 -4.40999618e-03  6.43793203e-03 -2.64868570e-03
 -2.63976261e-03  1.00626228e+00 -1.20660855e-03 -1.29319632e-03
 -3.96647867e-04 -3.08842787e-03  9.30693719e-04 -4.55575721e-04
 -2.64496891e-04 -1.36845447e-03  1.30368581e-03  1.48409256e-03
 -2.96205097e-03 -1.39670354e-03 -2.68412513e-03  2.86156971e-03
 -2.87682529e-03  6.87149508e-04  4.35553677e-03  3.87007042e-03
  1.00959533e+00  1.00494315e+00  1.00699907e+00  2.14057938e-03
 -2.11032896e-03  1.00796472e+00 -7.09635862e-03  1.20574882e-03
 -2.10679905e-05  1.00546702e+00  1.00687152e+00 -7.78756580e-03
 -2.91874323e-03  1.00603548e+00 -4.96630362e-03 -7.79804182e-05
  4.63894532e-03  5.02848163e-05  2.35920942e-04 -5.37605238e-03
  3.42770415e-03  1.00666588e+00  2.24077381e-03  3.79849277e-03
  3.48235294e-04  2.65448113e-03 -3.06189094e-03  5.29232555e-05
  1.01177255e+00  3.64697532e-03 -5.44656289e-05  3.53716475e-03
  1.00808157e+00  1.27873682e-03 -6.42750745e-04 -6.09748656e-03
  1.00879666e+00  4.62227669e-03  1.00225082e+00 -1.85705079e-03
  1.00511513e+00 -4.06877277e-03 -1.31220992e-03 -1.93672070e-03
 -4.96349544e-03 -8.28705488e-05  5.42586964e-03 -1.97444399e-03
 -8.12549020e-04  6.25878185e-03  1.17960784e-03  4.64082656e-03
 -1.45908937e-03  2.00788231e-03  1.00614495e+00  1.00991076e+00
 -2.45690952e-03 -6.43982952e-03  4.37085794e-03 -4.30435996e-03
  3.39752983e-03  4.02383088e-04 -5.40862745e-03 -1.10189995e-02
 -1.92355611e-03  4.17746613e-03  4.13405929e-03  8.59790819e-04
  2.01086040e-03 -1.24926215e-03  1.00949566e+00  1.26068900e-03
 -1.69411765e-04  2.52876444e-04  9.15503551e-04  2.67498168e-04
  4.42350029e-03 -3.67385666e-03  1.00679766e+00  3.19529412e-03
  1.00591581e+00 -1.04168253e-03 -6.56137667e-03 -2.33022873e-03
 -4.53315804e-03  1.40190206e-04 -3.07438161e-03 -1.89924791e-03
  3.25671426e-04  2.50180401e-03  3.41444894e-03  1.17176471e-03
  1.00431931e+00 -9.84308737e-05  7.22260625e-04 -6.22400513e-03
  1.26004427e-04  4.29715115e-03 -3.46753193e-03  9.54980924e-04
  1.00767541e+00 -1.72611120e-03  1.00616474e+00 -2.38294398e-03
 -8.17717764e-04  3.47608322e-03 -4.46187058e-04 -5.35114306e-04
 -2.75726050e-03 -1.36156863e-03 -2.44038675e-04 -7.41234225e-03
  1.01754746e-03 -4.23956927e-03  1.01061056e+00  5.71671044e-04
 -4.23618846e-03 -1.30034790e-03 -3.51468852e-03 -1.52543696e-04
 -1.11044118e-03 -1.21199129e-02 -5.80299922e-03  8.46428551e-04
 -5.63876932e-03 -3.59877288e-03  1.00557577e+00  1.00993141e+00
  5.18550067e-03  7.