[ 1.00496604e+00  2.45551704e-03 -7.74917783e-03 -2.83879247e-03
  3.96696110e-03 -1.45880423e-03  3.09144590e-03  1.00785612e+00
  8.37908997e-04 -8.37624196e-03 -5.80808273e-03  3.30769170e-03
  2.73536499e-03 -3.24049203e-03  7.61525970e-03 -2.10908398e-03
 -5.20773810e-03  6.98483942e-03  1.17244249e-03  1.75381788e-03
  1.00315596e+00 -6.22779897e-03  1.69899604e-03  4.61204325e-03
  3.42971386e-03  6.47533977e-04  1.50467290e-03  1.01509075e+00
  6.87178453e-04  1.00999625e+00 -2.05900133e-03  1.01101140e+00
  1.63041556e-04 -3.36260178e-04 -6.09155946e-04  1.00526431e+00
  1.95308230e-03  6.07060396e-04  8.12940858e-03 -8.42358745e-03
 -6.86782943e-03 -8.36836821e-03 -2.25879162e-03 -5.51906852e-03
  7.49303244e-04  2.89766645e-03  4.16050517e-03  3.25670308e-03
  3.91428571e-03  2.03641074e-03  1.46107955e-03 -1.28255623e-04
  6.81488024e-04  1.02930784e-03  2.86912840e-04 -2.94357504e-03
  1.00578360e+00  2.02440476e-03  2.28639606e-03  1.00561836e+00
  1.69231241e-03  1.00971582e+00 -1.37564128e-02  4.63821917e-03
  2.51967478e-03  1.00826158e+00  1.29618213e-03 -5.20276101e-03
  1.00672519e+00 -1.96509626e-03  1.01309799e+00 -1.17370633e-03
  1.00894376e+00 -4.86289505e-03 -1.17305794e-03 -2.16003012e-03
  1.00960565e+00  1.72812227e-04 -5.75484528e-03 -3.20796913e-03
  2.97184845e-03 -3.04309604e-03 -6.88908265e-03  3.24765317e-03
  6.39477268e-04  7.85531736e-04 -4.46269698e-03  2.37156860e-03
 -2.43228479e-03  1.00595892e+00 -6.81338424e-04 -1.87118832e-03
 -4.60317171e-03  1.30864669e-04 -4.63437381e-03  1.00766665e+00
  2.52682925e-03 -2.73750000e-03  1.00520243e+00  1.00582118e+00
 -1.09826893e-04  7.13310185e-03  3.16127395e-03  4.85529521e-03
 -1.61180501e-03 -6.85249046e-03 -4.34841697e-03 -1.00617060e-03
 -1.59268353e-03 -1.96085948e-03  6.16001684e-03 -8.01067750e-03
  1.00813995e+00 -3.80568720e-03  6.48924091e-03 -1.86304339e-03
 -6.33240552e-03 -5.75792892e-04  1.18400175e-03 -5.43657996e-05
  1.15354170e-03  5.86530462e-03 -1.70792498e-03 -1.11103045e-03
 -5.62771000e-03  7.17816462e-05 -1.68372656e-03  1.00561617e+00
  1.55811533e-03  4.44542313e-04  3.98687568e-03 -1.88862745e-03
  1.00547319e+00 -2.57792731e-03 -3.44946039e-03  1.00272691e+00
 -4.81516514e-03 -3.27933890e-03  2.47546337e-04  4.14815844e-03
  1.49883722e-03 -2.74515963e-04 -5.14684385e-03 -4.28724997e-03
 -2.81317108e-03  2.75930521e-04 -8.20275115e-03  3.12230998e-03
 -4.05089568e-03 -1.12947241e-02  1.00492457e+00 -2.72650861e-03
 -1.23598886e-03  1.76988790e-03  2.84578638e-03  5.83604087e-03
  2.90702740e-03  1.28208351e-03  1.00556315e+00  5.56153968e-04
 -1.24603725e-03 -2.54346145e-04 -8.31337882e-03 -5.83602284e-04
  3.67564548e-03  1.86236460e-03 -1.27046543e-02  1.31495017e-03
 -2.28218512e-03 -2.53907820e-03  8.95686275e-04  2.45955335e-03
 -7.94181101e-03 -5.00175002e-03  3.67694779e-03 -2.55081553e-03
  2.35741077e-03 -8.05240452e-03  1.00808739e+00  5.15376815e-03
  7.26948096e-04  3.81543865e-03  1.00851488e+00  7.33578264e-05
  2.58308249e-03 -7.34314917e-03 -1.02487740e-02 -5.03954737e-03
  1.01300110e+00  6.31249773e-05  1.00776562e+00 -3.22841129e-03
 -5.04691749e-03 -3.03273091e-03  6.13043728e-04 -2.08667261e-03
 -2.18447701e-03 -2.07838394e-03 -5.01839262e-03  4.45135444e-03
  5.88918790e-03  1.00760364e+00 -6.30443160e-04 -1.09430015e-03
  1.24756940e-03 -1.14174064e-03 -7.07932111e-04  1.00542953e+00
 -7.36241655e-04 -2.17139973e-03  1.00797316e+00 -4.32543201e-03
  1.00651757e+00  2.28684537e-03  3.71222495e-04  7.62447438e-03
 -5.79913840e-04 -4.05550285e-03  4.80145191e-03 -3.90880152e-03
  1.07326778e-03  1.00992740e+00  1.51101248e-03 -2.97203566e-03
  9.51567852e-04  1.00770587e+00  3.41407952e-03 -1.30739729e-03
  1.19209107e-03  5.83634874e-04 -3.72867054e-03 -8.31131421e-03
  3.08724040e-03 -1.77772741e-03  1.00936927e+00  1.36105824e-03
  1.00574401e+00 -5.61874981e-03  4.41865871e-03  6.07991758e-04
  9.35058824e-03  5.80886572e-03  2.55963232e-03  1.12333057e-03
  4.27763883e-03 -4.82856317e-03  1.00480326e+00  6.28588722e-03
  6.86188500e-03 -9.18169113e-03  1.44943925e-04  5.44565399e-03
 -7.00231690e-03 -1.52110940e-03  3.67412144e-03 -5.81760169e-03
  3.69750032e-04  1.86827993e-03 -1.91532088e-03  1.00631110e+00
  2.31981417e-03  1.01383322e+00  1.00629928e+00  1.00962618e+00
  6.61770816e-03  3.53613519e-03 -2.63372549e-03 -2.80664674e-04
  1.01048288e+00 -3.19511544e-04 -5.51962163e-03 -6.36875735e-03
 -3.65099607e-03  3.28413819e-03 -3.08317210e-03 -4.45492413e-03
 -1.35804986e-03 -2.91675189e-03  8.91122476e-04 -3.42972314e-03
  1.86959736e-03  1.00513216e+00 -1.56176761e-03 -1.32209260e-03
  2.02134326e-03  3.47093113e-04 -7.46154812e-04 -5.30039216e-03
 -2.78362335e-03 -4.10879938e-03  2.27761527e-03 -7.84086171e-04
  1.00577040e+00  1.00611561e+00  1.01061194e+00 -2.23106739e-03
 -4.95581395e-03  1.00818228e+00  2.93444909e-03 -2.22261278e-03
  4.86886306e-03 -1.29005100e-02  1.47208476e-03 -4.61035182e-03
 -1.77287582e-04 -1.21860810e-03 -3.42894182e-04  2.17814914e-03
  9.10294152e-03 -1.17606104e-04 -6.46592414e-04  2.84572559e-03
  2.87129228e-03 -2.42453301e-03 -4.25263126e-04 -3.76480489e-03
  2.11427381e-03 -5.94253539e-03  3.59436744e-04  1.00678553e+00
 -1.26202630e-02  1.21104404e-03  3.22858897e-03 -3.58599611e-03
 -3.80764096e-03  2.91874752e-03 -9.33849566e-03  2.33075141e-05
  6.58190435e-03  5.98811066e-03  2.53478611e-03  1.00805056e+00
  1.00619008e+00 -1.20425770e-03 -8.92982279e-03  4.34403094e-03
 -7.89462697e-04  6.57680156e-03  2.53490196e-03  4.85315615e-03
  5.03332325e-03 -2.35368886e-03  2.84491277e-03  3.32863871e-03
 -5.44785971e-03  6.20392004e-04  1.15052239e-03  7.81421985e-04
  2.87364388e-03  1.00859071e+00 -1.04323845e-03 -1.05818673e-02
  1.24733118e-03  6.46722467e-03  2.70624729e-03  4.32415521e-03
 -2.66837388e-03 -5.53721358e-03  6.34411878e-03  3.48559971e-03
  4.02128986e-03  1.98692650e-03  2.08030043e-03 -6.26774529e-03
 -5.25908739e-05 -8.12341941e-04  4.42832172e-04  1.01185371e+00
 -1.70854022e-03  1.