[ 2.34173672e-04 -9.93029595e-03  2.39494064e-03 -1.13129503e-04
  1.00826414e+00 -3.23764706e-03  1.84547533e-03  4.60897493e-03
 -1.15263033e-03  1.62304706e-03 -4.23895233e-03  1.20156863e-03
 -8.98453659e-04 -1.71170706e-03 -7.99076064e-04  1.03445217e-03
 -2.04896764e-04 -1.05503634e-03 -2.63203567e-03  1.00828252e+00
 -3.33846478e-03 -4.56966121e-03  1.88631744e-03 -5.91126644e-04
  1.41677011e-03  1.21771704e-03 -2.30562613e-03 -2.37580966e-03
  9.78184142e-04  5.33755358e-03 -8.37768881e-03 -3.49000291e-03
  1.00841978e+00 -6.55704689e-03 -2.55922284e-03 -3.70597342e-03
  5.51609414e-04 -2.64301899e-03  1.48794284e-03 -4.47541843e-03
 -7.13093549e-03  5.94878880e-03 -4.08672976e-04 -2.06358778e-04
  3.43534661e-03 -1.78839580e-04 -1.01275982e-02 -4.56392441e-03
  9.93635596e-04  4.08841265e-03  6.51008113e-04 -1.16663282e-03
  3.03593335e-04  1.07683035e-03  2.51277833e-03  1.17141834e-03
  1.00640862e+00  4.11296784e-03  1.00892530e+00  1.81879725e-03
  1.00814084e+00  1.01146242e+00  1.00789703e+00 -1.23707673e-03
  2.75745468e-04 -3.11401440e-03  3.72009926e-03  1.00854261e+00
  3.37048659e-03 -4.85814557e-03  1.00704363e+00  5.24591986e-03
  3.35913166e-04  1.00870375e+00  4.72712543e-03  1.08366365e-03
  4.01117078e-03 -2.66997238e-03 -3.03463361e-03  3.95532043e-03
  4.28934235e-05 -1.97259674e-03 -2.74637557e-03 -9.71653343e-03
 -3.40771028e-03  1.57605898e-03  1.60261070e-03 -9.92331240e-03
  1.03858147e-03  5.03014607e-03  3.47303868e-03 -6.86937018e-03
 -1.97168747e-03  2.86145512e-03  4.18418240e-03  1.00856510e+00
 -3.39919796e-03  2.71750085e-03 -7.37716330e-03 -3.43122279e-03
  2.36267772e-03 -1.90181260e-04 -4.67061547e-04  7.12063283e-03
 -4.02943434e-03  1.00836342e+00 -5.23921569e-04 -3.27049476e-03
  1.97226127e-03 -2.39340493e-03  1.00978738e+00  2.41963652e-03
 -2.19859639e-03 -4.10007594e-03 -2.12606025e-03  1.00537744e+00
 -5.13369847e-03 -6.08676203e-03  2.91078450e-03 -4.69484985e-03
 -8.86349797e-03  1.00633258e+00  1.00872503e+00  3.56370427e-03
  2.35450980e-03 -3.37467847e-03 -3.04796359e-03 -9.23794247e-04
  1.00831058e+00 -5.26192540e-03  5.67975713e-04 -1.24374017e-04
  1.00380976e+00  5.44353762e-03 -1.57859689e-03  4.24732238e-03
  1.01039471e+00 -6.54362543e-03  3.10274894e-03  1.00889110e+00
 -1.61336680e-03 -1.78912505e-03 -5.04053156e-03 -5.70073790e-03
  4.27866820e-03  1.90037694e-03 -5.87047351e-03  7.40544377e-03
  1.63573201e-03 -7.49434872e-03  1.97109726e-03  1.32589455e-03
  3.04669306e-03 -1.05572487e-03  1.00663191e+00 -3.97664531e-03
 -2.93533753e-03  5.36153884e-03 -4.61061009e-03  3.68271713e-03
  5.13788766e-03  1.00671101e+00 -1.74576798e-03  1.00843327e+00
 -2.28913743e-04  4.98650645e-03 -1.08287582e-03  1.68857405e-03
  1.00929403e+00  1.00876513e+00  1.48455693e-03 -6.88372093e-04
 -4.42347247e-04 -6.87724376e-03 -2.56767429e-03 -7.41149425e-03
  1.00746952e+00 -1.22359886e-02  5.61907321e-03  1.00657056e+00
  1.82423876e-03  1.75179128e-03  1.01007569e+00 -9.94511776e-04
 -7.92261008e-03 -4.99450980e-03  1.01153213e+00  1.00781136e+00
  1.01119710e+00 -8.30340285e-04  1.00770432e+00  6.10223325e-03
 -9.20492569e-03  2.18975844e-03  5.70600501e-05 -2.67274485e-04
 -2.59178515e-03 -2.94886422e-03 -7.46996807e-03 -9.20570627e-03
 -5.10977854e-04  6.01926695e-03 -8.08701589e-03  5.64075829e-04
  1.00431116e+00 -1.04013845e-03  2.16731154e-03  1.00167132e+00
 -1.99371290e-03 -5.44859372e-03 -3.43145809e-04  3.67767857e-03
  1.00531382e+00  1.00763948e+00 -2.25522817e-03  9.24799374e-03
 -5.37710043e-04  1.00598937e+00 -2.84603932e-03 -9.05348985e-03
  9.62579567e-04  2.72266469e-03  1.01044708e+00  1.01302993e+00
 -3.00198464e-03  1.01012113e+00  1.00724389e+00  4.22901961e-03
 -2.19062362e-03 -3.29776165e-03  1.18638103e-03  6.83847167e-04
 -4.08526881e-03  1.67050798e-04 -2.71842232e-03  3.39159218e-03
 -4.90809983e-03 -9.93395839e-03  2.32313725e-03  1.00866580e+00
  7.48859025e-03  4.18991402e-03  1.00609082e+00 -1.71122995e-04
  1.00803185e+00  4.55413572e-03 -3.67569100e-03  1.00511059e+00
 -6.10698569e-03  1.82702404e-03  1.31250941e-03  4.95358576e-03
 -1.01045251e-02  1.15026127e-03 -2.93397682e-03 -2.88237593e-03
  4.47145134e-03 -2.41917167e-03 -2.22822698e-04  1.00317808e+00
  1.01473185e+00 -4.50209599e-04  1.00649199e+00 -1.02159805e-03
  3.58013818e-03 -4.96174246e-03  6.30940278e-03  2.76235163e-05
  1.00979715e+00 -1.12827079e-03  1.05856284e-03 -6.02346375e-05
 -4.90680804e-03 -6.42346919e-04 -4.35137255e-03  1.86811857e-04
  3.84310997e-03  3.44314698e-03 -2.01854963e-03 -5.27896112e-03
 -2.01021902e-03 -2.82185925e-03 -1.81504143e-03 -8.84756328e-04
  4.78258048e-04  5.52291667e-03 -1.05365509e-04  2.19001783e-03
  1.00153543e+00 -7.18213369e-03  4.00703440e-03  2.93368964e-03
 -7.16756534e-04 -1.29583266e-03  4.62859304e-03 -4.89877756e-04
 -4.31785234e-03 -1.00637962e-02 -2.18055009e-03 -2.13108342e-03
  2.90677724e-03 -9.96852309e-03 -1.32573824e-03  1.98733428e-03
 -2.89075578e-03 -2.25636302e-03 -5.56434765e-03 -5.28544831e-03
  9.09496450e-03  7.08109081e-03 -1.49537037e-03 -4.53734192e-03
 -4.04898796e-03 -8.43331686e-04  3.33148904e-03 -4.81555863e-03
  1.00911211e+00 -6.55763370e-03  1.00553269e+00 -2.22003361e-04
  3.43121181e-03  3.39634475e-03  1.01048734e+00 -1.97457629e-03
 -5.21246219e-03 -1.41090072e-02  1.00794281e+00  2.82679901e-03
  5.80638219e-03 -1.17129775e-02  5.18123484e-03 -2.94716159e-03
 -4.77996035e-03  4.70639694e-04  7.01571775e-03  7.94123980e-04
 -4.51263071e-03  1.01262930e+00  2.89966777e-03 -4.20485979e-03
  1.00738943e+00  3.90375318e-03  1.00974061e+00 -1.41019608e-03
 -5.91040884e-03 -7.39116555e-04 -2.36117601e-03 -2.21736667e-03
  1.30391668e-03  6.09110538e-04 -1.19674306e-03  5.45483077e-03
 -3.58364438e-04  1.74315541e-03  2.32454609e-03  1.00948064e+00
  4.40804997e-03  5.43329004e-04  4.54239937e-03  9.77572372e-05
 -3.69673582e-03 -4.04673382e-03 -4.34026033e-03 -1.23911775e-03
 -6.71040186e-03  1.05903257e-03 -2.52546498e-03  3.00731122e-03
  1.00478042e+00 -3.