[ 1.13349287e-04  3.27606372e-03 -1.96232417e-04 -8.01938589e-04
 -2.66964286e-03  2.15776132e-03 -2.20355344e-03 -4.23937395e-03
  9.59814833e-04 -1.67939772e-03  1.00577773e+00  1.00610804e+00
  4.42801254e-03  4.52710224e-04  8.46016340e-04 -5.13960900e-05
  1.00456636e+00  5.05548480e-03 -9.36875271e-03 -5.52844471e-03
  6.75278278e-04 -5.59659558e-03  3.28267489e-03 -7.04169690e-04
  1.00418015e+00 -5.81568627e-03  7.19096592e-04  4.06161527e-03
 -1.35219521e-02 -3.59669811e-04  3.17120387e-03  1.00532032e+00
  5.75272155e-04  3.05969324e-03  1.78027572e-03  3.79900967e-03
  3.29222864e-03  9.58102767e-04  6.94923245e-04  1.00595613e+00
 -3.43350943e-03 -4.99317279e-04 -1.03448886e-03  1.32853324e-03
  1.00497301e+00  1.01009643e+00 -2.51257368e-03  8.87428967e-04
  4.35274649e-03  6.24588628e-03  1.00885697e+00  3.02227959e-03
  4.73169052e-04  2.18000861e-03  5.84284956e-04  7.35634183e-04
  4.76903818e-04  1.00700395e+00  8.81347357e-04  1.57996146e-04
  3.36219336e-03  1.00401150e+00 -3.44331859e-03 -3.73967640e-03
 -7.72678072e-03  1.00747015e+00  1.66666667e-03  2.92537209e-04
  1.55672041e-03  3.59906213e-03 -3.09511601e-03  4.77502528e-03
  2.08895679e-03  3.37467291e-03  2.55743325e-03  4.55151847e-03
  3.36787326e-03  5.86352566e-03  8.07847663e-05 -8.66013282e-03
  1.48159256e-03  4.09332303e-03  2.89760000e-03 -2.92994223e-03
  6.04331278e-03 -2.05290391e-03  6.89516479e-04 -1.39296871e-02
 -1.14005136e-03 -3.57430593e-03  2.35095329e-03  3.79840799e-03
 -8.23295810e-04  1.00812794e+00 -6.47276928e-04  5.94866239e-03
 -5.27627487e-04  1.00805842e+00  1.00691612e+00 -2.76820456e-03
 -3.90273116e-03  1.00773981e+00 -1.83644178e-03  1.00973667e+00
 -2.58479191e-03 -4.06972460e-03 -9.64233135e-05  3.01471088e-05
 -9.61701572e-04 -2.82883142e-03  1.00714959e+00  1.00533136e+00
  4.89556978e-03  2.50392993e-04  3.18411635e-03  4.49206253e-03
  1.28466142e-03 -4.22521786e-03  1.41020925e-03 -2.85576470e-03
  3.90057113e-04  2.95321434e-03 -2.12845215e-03 -6.83402796e-03
 -2.13465081e-03  1.00429261e+00  2.58859034e-03  1.00566882e+00
 -5.57656257e-03  3.09706765e-04  1.00747355e+00  5.95012968e-03
 -8.20195847e-04 -1.92976060e-03 -4.30748540e-04  1.00590080e+00
  4.55521873e-03 -3.54737831e-03 -6.43529412e-03 -1.27829587e-03
  1.00532510e+00  4.36107499e-03  2.11578401e-04 -8.75140361e-04
 -5.75134194e-03  1.70069267e-03 -4.29623516e-03  3.44233232e-04
 -7.94482306e-03  4.92602979e-03  1.00604740e+00  1.56832772e-03
 -5.00082209e-03  2.45591069e-03  1.42411407e-03  5.02766798e-04
  2.45806239e-03 -3.10932581e-04 -7.41666035e-03  1.00572031e+00
  1.84507582e-03  1.00475549e+00 -4.00954381e-03 -5.13960900e-05
  7.72955009e-04 -1.90969212e-04 -8.88332997e-03  7.91314587e-03
  5.41114408e-03  1.74433988e-03 -4.33162682e-03 -6.32292745e-03
 -4.04148085e-04  2.57627282e-03  3.59951341e-03  1.00696045e+00
 -3.99519494e-03  3.13486983e-03 -8.42734649e-03  4.47338164e-03
 -4.53037795e-03  1.01502352e+00  1.00571717e+00  3.31921758e-04
  1.83909913e-03 -1.82596822e-03 -3.35412293e-03  1.24339585e-03
  1.01013716e+00  1.78550078e-03 -1.17639561e-03  6.49087440e-03
 -5.15812506e-03 -8.35835635e-04 -4.10887683e-03 -1.44235299e-03
 -3.50820794e-03 -1.01746864e-02 -4.50943686e-03 -4.15717117e-03
 -3.02104764e-03 -1.24977072e-03 -2.31970158e-03 -3.48589612e-04
  1.01434586e+00  1.00489418e+00  2.64583434e-03  1.00402174e+00
  1.97860060e-03  1.49758773e-03  1.00723227e+00  2.21543163e-04
  3.40849287e-03  6.99382998e-04  2.38835039e-04  3.06770728e-03
  2.34862568e-03  5.55163453e-04 -2.27599371e-03  3.08957043e-03
  1.84812929e-03  1.00544131e+00 -3.31658422e-03  7.17064545e-04
 -7.49847826e-04  1.74955637e-03  1.36078431e-03 -5.28948651e-03
  4.55151847e-03 -7.32032147e-04  3.66737282e-04  1.46400484e-04
  2.18327933e-03 -5.09095110e-03 -1.62122730e-03  7.33495701e-03
  1.01278277e+00  1.00505274e+00  1.00886069e+00 -3.76797044e-03
  1.00861837e+00 -5.17803768e-03  4.63639323e-04  1.01044951e+00
 -2.17664852e-03  4.08704479e-03 -1.70087595e-03 -1.35281866e-03
  4.33350672e-03 -1.38760301e-03  6.66119734e-03 -1.13568648e-03
 -9.37385324e-03  1.00634982e+00 -1.04413083e-03  4.26352472e-03
 -5.44758162e-04  1.00528180e+00 -2.47636830e-03 -5.88227578e-03
  1.11553860e-03  3.04846165e-03  1.00338110e+00  1.00758232e+00
 -3.37477142e-03 -9.14620834e-03  4.39390518e-03  1.00617187e+00
  3.05393496e-03  5.39122903e-04 -3.99875114e-03 -3.05927828e-03
  2.49817718e-03 -1.30634072e-03 -4.48856855e-03 -6.91967697e-03
  4.56957435e-04 -1.24880960e-03 -3.40481824e-03  2.95341803e-03
 -6.50571132e-03  2.27431296e-04 -3.69165862e-03  3.70356927e-03
 -3.67766842e-03 -3.24863596e-03 -1.55655304e-03  1.00683805e+00
 -1.89991177e-03 -5.70008450e-04 -1.96335178e-03 -2.02969196e-03
 -8.36324243e-04  4.97258088e-03  1.00309952e+00  3.27975402e-03
 -2.66915392e-03 -1.98699619e-03  4.09964196e-03  3.68536574e-03
  3.26227636e-03  1.14766150e-03 -8.59059662e-03 -8.75519211e-04
  2.09611517e-03  4.98608778e-03 -4.90043290e-04  2.48653159e-03
  6.58927652e-03  2.59315802e-03  1.00620017e+00  1.01280645e+00
  4.30006406e-03 -9.61131068e-04  3.74058930e-03 -1.73592110e-03
 -9.78618880e-04  9.94578410e-04  4.19607843e-04 -7.58295188e-03
  1.00722742e+00 -1.24640415e-03 -6.78311084e-03  1.97922897e-05
  4.90318478e-03  3.10083218e-03  3.60441697e-04 -4.76578208e-03
  2.38540419e-03 -6.98041602e-04 -2.58411346e-03  3.04846165e-03
  1.00760500e+00  1.00678641e+00  1.23047109e-03 -4.77408143e-03
 -2.94707640e-03  1.00986138e+00 -3.47161843e-03 -4.05426028e-03
  1.00949489e+00 -1.23429768e-03  1.00694892e+00 -3.07372855e-03
 -6.15731786e-04 -3.23529412e-03 -8.33114377e-03 -2.87332423e-03
 -1.33355727e-03  1.38169887e-03  4.32873272e-03  1.18422652e-03
  1.58989666e-03  1.00863198e+00  2.63050365e-03 -9.77215273e-04
  5.43910458e-03 -8.00976192e-04 -1.19258063e-05 -3.84705882e-03
  6.64588273e-04 -2.48007188e-03 -4.56753228e-03 -4.46326619e-03
 -2.24810716e-03 -2.30196078e-03 -3.05015419e-03  6.12422918e-03
  1.76280798e-03  1.