[-7.08495715e-04  2.55824781e-03  5.15637516e-03 -4.15411793e-03
  2.99034918e-03 -1.93960784e-03  1.86830708e-03  5.44602279e-04
  1.48233561e-03 -2.61677757e-03  2.00577228e-03  1.00728125e+00
 -6.63672370e-03  1.00844538e+00  3.01110538e-03  2.89438674e-03
  1.97257066e-03  2.21402475e-03 -2.20802261e-03  1.00564854e+00
 -2.02570669e-03 -4.05743865e-03  3.94228982e-03 -2.74890220e-03
  3.94638967e-03 -1.21829607e-03 -6.25785978e-03  1.00668682e+00
 -5.67863653e-03 -1.13847546e-02  1.37766882e-03 -2.85405622e-04
  1.58359642e-03 -9.42196078e-03 -5.26142888e-04 -6.75879729e-05
  1.00642631e+00 -1.96608432e-03  1.00521272e+00 -3.61775516e-03
 -3.61111111e-04  2.34668988e-03  6.33483203e-04  2.95392250e-03
 -2.82346862e-03  1.86187576e-04 -1.11809872e-02  3.49209120e-03
  9.41879042e-04  1.00783634e+00 -6.86836270e-04  1.01004632e+00
 -1.80673045e-03  1.00619491e+00  1.96384995e-03  1.98151793e-03
 -1.87105933e-03  2.19553571e-03  7.13424777e-03  1.59639323e-03
  4.35036473e-03 -3.67322008e-04  1.92385562e-03 -3.54637842e-03
  7.30693646e-04  1.26531140e-03  5.95968807e-03 -6.05589059e-03
  1.00738488e+00  1.14810293e-03 -2.13887370e-04  2.53580142e-03
  1.00698266e+00 -8.86274510e-05  3.07444779e-03 -2.21040819e-03
 -6.82654568e-05  9.67640274e-04 -4.79596333e-03 -6.68864403e-03
  1.00739027e+00 -5.88482143e-03  5.16143195e-03 -3.77939806e-03
  5.62352941e-04 -2.35760831e-03  6.80338508e-03 -6.20024211e-03
  3.04064430e-03 -2.94156300e-03  7.12805262e-03  1.00773213e+00
 -9.72362801e-03  4.77244396e-03  1.00719160e+00  6.46392480e-03
  4.19588683e-03  4.11748165e-03 -3.75949618e-03  1.25298160e-04
  1.00554764e+00 -2.80981544e-03  1.06353467e-03  1.01132991e+00
 -1.45692489e-03 -4.39442651e-03 -9.36805914e-04 -3.96158056e-03
 -8.93927881e-03 -9.68668830e-03  6.61914557e-03  3.48004275e-03
  3.77019608e-03 -1.27067023e-03 -4.16677741e-03  1.00660019e+00
 -1.46135113e-02 -5.70995224e-03  4.28699106e-03 -6.61664138e-03
 -5.92794042e-03 -2.34233743e-03  9.72722890e-04 -3.15269561e-03
 -3.15024620e-03 -4.46214597e-04  3.05693854e-03  2.41577536e-03
 -2.64107498e-03  5.51567027e-03 -1.93834372e-03  1.00508273e+00
 -4.72410714e-03  1.82995179e-03 -6.74381734e-03 -1.99940173e-03
  1.00643859e+00  3.52811819e-03  4.77894600e-03 -2.46566141e-03
  1.09026433e-03 -7.23278983e-04 -2.62188149e-03  3.25464866e-03
 -5.41238231e-03  3.29867801e-03  3.26083623e-03 -2.86621776e-03
 -1.79882204e-03 -5.68174512e-04  6.61868941e-05  4.11216434e-03
 -5.66875441e-03 -3.57404085e-03  1.09609558e-03 -4.04027402e-03
 -1.39194173e-03 -1.27563307e-03 -4.29950078e-04  1.00715458e+00
  1.00550522e+00 -4.01311290e-03 -1.45511439e-03 -1.96608353e-03
  2.87638493e-04 -1.85126066e-03 -1.45396416e-03  7.29427994e-04
  4.50081779e-04  1.00659239e+00 -2.28536988e-03  4.44146852e-03
 -2.14262149e-03 -2.85079254e-04  2.32148230e-03  1.14629013e-03
  5.01184642e-04 -1.01402518e-02  2.95890568e-03  1.68314558e-03
 -9.76859313e-04  1.01130149e+00  1.00478097e+00  5.37744420e-03
  4.20446429e-03 -5.89537576e-03 -4.16071429e-04 -2.37500000e-04
  6.67666439e-03  1.00962395e+00  3.16815112e-03  5.87964160e-03
  1.37766882e-03 -4.78835248e-03 -2.01201487e-03 -3.26825822e-03
 -1.31718656e-03 -2.01733243e-04 -7.87632736e-03 -7.25374970e-03
  1.00739595e+00  1.01021935e+00 -8.16749723e-03  4.02328812e-03
  1.00633983e+00  5.31008269e-03  4.49887724e-03  5.03610013e-04
  3.45647059e-03 -1.10548517e-02 -3.22820392e-03  1.00699639e+00
 -1.70934863e-03  9.28444131e-04  5.49884378e-03  1.01139397e+00
 -3.15837683e-03 -3.63372549e-03  1.00431539e-03 -1.48421265e-03
  4.91997586e-04 -3.80132890e-03  3.44830131e-03  1.00839503e+00
  1.85460360e-03  9.15286039e-04  2.22188280e-03  5.03864888e-04
  4.24861306e-03  2.68201678e-03  4.87031876e-03  2.68806260e-03
  4.18950403e-03  1.00719160e+00  1.71861425e-03 -6.60787772e-04
 -1.05197388e-03 -6.39421133e-03  1.00704685e+00  1.00996735e+00
  5.84335400e-03 -2.16535157e-03 -1.49164704e-03  1.00804909e+00
 -2.62511518e-03  6.25111027e-04 -6.28999669e-03  1.30688781e-03
  6.97759114e-03 -9.85970805e-07 -8.95966427e-04  1.00656058e+00
  1.00427827e+00  4.70352941e-03  1.20125255e-04  6.69002139e-05
  1.00723656e+00  1.00916864e+00 -1.02634183e-02 -3.83716824e-03
  4.21573297e-03  5.02078059e-03  1.00506039e+00  9.27591150e-04
  3.62176291e-03  5.80228923e-03  2.38696183e-03 -4.83949615e-03
  7.41050644e-03 -1.92195766e-03 -5.99552259e-04 -9.20106891e-03
 -1.37990440e-03  4.22728453e-03 -5.13539132e-03  3.75080717e-04
  8.01725461e-04  2.59712579e-05 -5.05548173e-03  2.03675431e-03
  1.55848059e-03  1.70745098e-03 -7.26447013e-03  4.96515322e-03
 -6.80024392e-03  5.21502252e-04 -5.12758609e-03  3.07031151e-03
  1.24455014e-04 -4.40443186e-03  1.00512158e+00 -3.69824561e-03
 -1.14936238e-03  5.98046161e-03  1.22309523e-03  2.02228818e-03
 -1.33178275e-03 -1.34220440e-04  1.00653779e+00  1.09618423e-03
  5.09730699e-03 -1.05827463e-03  1.00812109e+00 -4.60106585e-03
 -2.32956617e-04  7.54785121e-05  1.00793406e+00 -3.64147951e-03
 -7.37491228e-03  2.58635046e-03  1.01364997e+00 -3.46700926e-03
  1.87766788e-03 -7.52966324e-03  1.00807600e+00 -8.08510437e-03
 -1.90588853e-03 -5.48706672e-03  1.00598243e+00  2.31605590e-04
 -1.12186589e-03 -9.26408359e-03  3.86478405e-03 -3.59405977e-03
  1.05747508e-03 -8.31306277e-05 -8.56690665e-04 -3.33055012e-04
 -4.18609850e-03  1.00657802e+00  9.15167445e-03 -7.03679285e-03
  6.66900917e-03 -7.56784630e-03  3.68695652e-04 -6.62704401e-03
  2.60971728e-03  1.00920490e+00 -2.57940622e-03  3.78583104e-03
  1.95490121e-03  1.00328620e+00  1.00707218e+00  4.12233256e-03
 -5.17793207e-03  5.19653044e-03  4.24619298e-03 -2.09248442e-03
  3.63481056e-03 -1.40663900e-03 -3.08490739e-03  3.28279815e-03
 -3.36891758e-04  1.00767742e+00  4.87645252e-03  1.53641068e-03
 -4.23512239e-03  3.80461440e-03  1.52683928e-03 -2.98576230e-03
  3.81678031e-03  2.55379411e-03  3.47830299e-03  5.84112150e-07
 -3.33384172e-03  7.01222155e-05  3.97448363e-04  7.34116010e-03
  1.00615474e+00 -2.