[ 6.01196019e-03  2.22204743e-03  1.01200667e+00 -4.42515917e-04
  4.02850595e-03 -4.50837750e-03  6.05208781e-03  1.27210564e-03
 -2.29357001e-03 -5.92235925e-05  3.00547323e-03  3.86492840e-03
 -9.13182611e-06  1.00769341e+00  3.02522272e-03 -2.13274477e-03
  1.96406312e-03 -7.26749229e-03  1.00732169e+00 -1.59579439e-03
 -5.38434316e-03 -9.63589458e-03 -1.35059673e-03  1.39147419e-03
 -2.27358804e-03  2.85488077e-03  1.00423996e+00  2.18474988e-03
  2.38145372e-04  8.23071613e-04 -2.89937487e-04  7.46456645e-04
 -2.85005175e-03  1.86877560e-03  1.00561650e+00  1.72045841e-04
  1.00697786e+00  3.32692246e-03  1.72848999e-03 -6.11095313e-03
 -6.61488332e-03 -2.01017364e-03  5.70682299e-03  4.83214286e-03
 -1.57926918e-03  3.55960784e-03  1.00731647e+00 -2.38179001e-03
  3.02733667e-04  5.18273249e-03 -3.38357617e-04  1.59547718e-03
 -1.19667976e-04 -2.94363102e-04  1.00646023e+00 -6.93938786e-03
  1.55078976e-03 -2.07016040e-03 -1.18052813e-03  1.00668766e+00
  1.65960523e-04  5.25927198e-04  2.64164048e-03 -2.09066719e-03
 -4.44926247e-03 -5.23747791e-04 -1.40034734e-03  1.00232774e+00
  4.45573932e-04  5.81097487e-04 -9.67993000e-04 -2.86876196e-03
 -1.68039892e-03  1.93842366e-03 -1.16942194e-03  4.43877077e-03
  2.19047619e-04  4.93215686e-03 -6.34869389e-04 -8.94850498e-04
  1.00652701e+00  4.27715391e-03 -2.59685420e-03  2.47507368e-04
  1.44098444e-03  1.13398919e-03 -2.06158023e-03 -5.50090626e-03
  3.71352453e-03  2.17168161e-03  3.37308083e-03 -4.48669942e-03
 -3.64582407e-03 -8.61090960e-04  2.55243302e-03  9.94575301e-03
  2.92845505e-03  1.00836656e+00  1.95949609e-03  1.00553261e+00
  2.52487285e-03 -1.56728846e-03  1.00848698e+00  1.68463447e-03
 -1.54303110e-02  4.96092601e-03  1.00771529e+00 -7.59686113e-04
 -5.51412888e-03  1.00655909e+00  1.01147836e+00 -1.34849199e-03
  3.57757659e-03 -4.12120924e-03  3.95820893e-03 -4.18059434e-03
 -1.69529412e-03 -7.42836300e-03 -2.28854110e-03 -7.40421593e-03
 -8.91634732e-03  1.00813566e+00 -1.23845925e-02 -5.12692792e-03
 -9.37479163e-03 -2.00475612e-03  1.00692398e+00  5.01258980e-03
  5.24825798e-03  1.24746334e-03 -3.18652415e-03  1.00552962e+00
  1.00744654e+00 -1.87626874e-03  1.00670550e+00  4.57635512e-03
 -1.47776293e-04 -8.82888312e-03  2.40895877e-03 -1.34554625e-03
 -5.56519460e-03  1.00760798e+00  3.61817279e-03  5.30406084e-03
  4.57703485e-03  3.95955317e-03  4.37529412e-03  5.86057323e-03
  1.00628261e+00 -3.25230289e-03  1.00813425e+00 -1.91570123e-03
 -6.53409033e-04  2.56269490e-03  4.82538085e-03  1.81109044e-03
 -1.65453551e-03 -4.56507335e-03 -1.40240824e-03 -2.98416118e-03
  5.39499432e-03 -2.10077166e-03  2.16647202e-03 -1.22034251e-03
  1.93780892e-04  4.13585343e-03 -4.91387591e-03  1.01022977e+00
  1.94602304e-03  1.82825737e-03  1.73330682e-03  1.55173019e-03
 -5.39745086e-03 -2.27199377e-03  1.01185573e+00 -3.47060676e-03
  1.00587366e+00 -3.31098039e-03  1.78306611e-03  1.00561331e+00
  4.44206937e-03 -5.93197058e-04  2.86611960e-05  3.44069767e-03
 -5.22469439e-04  9.91930813e-04  1.00770372e+00  4.92295724e-03
  4.63603350e-03  3.11260799e-03 -1.54941728e-03  1.01062355e+00
 -5.51096731e-03 -7.12802360e-03  1.00697930e+00  6.52614074e-04
 -7.20859632e-03 -7.64571244e-03 -7.21141755e-03  1.19015134e-04
 -1.00074063e-02 -5.10980392e-04 -4.55471572e-04 -3.32635994e-03
 -2.55995958e-03  1.73276710e-03  5.23880061e-03 -7.76307601e-05
 -2.60000000e-04 -4.11710240e-03 -1.36883447e-04 -3.87329259e-03
 -1.03768969e-02 -3.27688255e-03 -6.87624131e-04  3.76787283e-03
 -1.36927043e-02  1.77336961e-03  1.21248018e-03  2.18424099e-04
  4.10958288e-03  6.01666800e-03 -2.71234481e-03  1.00694675e+00
  1.49072682e-03  4.03750756e-04 -4.56305644e-04  1.01152607e+00
 -3.11619376e-03 -6.03342420e-03  3.00573587e-03  1.00462919e+00
 -2.23828979e-03 -2.50596096e-03  5.39570623e-03 -1.32185002e-04
 -8.72480276e-04 -3.76657052e-03  1.01352207e+00  3.76840268e-03
  5.92905828e-03  2.81953636e-03 -8.48480894e-04  1.00791087e+00
 -7.46237387e-04  1.41772978e-03  3.22432778e-03  1.37842010e-03
  1.91281517e-03 -3.70194138e-05 -4.37929882e-03  1.00809222e+00
  1.41411960e-03  1.00685456e+00 -8.23904918e-03  1.00561532e+00
  6.53364217e-04  5.28726893e-03 -4.34183474e-03 -6.01927298e-04
  2.98529995e-03  1.00893895e+00  3.22062219e-04  1.00806362e+00
 -3.11404010e-03  1.00683704e+00 -2.41193527e-03  1.35069678e-03
  8.31752050e-03 -1.53609612e-03  1.29779282e-03  2.36943286e-03
 -4.43897905e-05  1.00804334e+00 -1.39443023e-02 -8.22233518e-04
  9.48331950e-05  2.09031977e-03  1.00444536e+00 -4.75378716e-03
 -4.57404475e-03 -3.35750363e-03  1.00324118e+00  4.41256025e-03
 -5.19429496e-04  6.03068254e-03 -2.15302889e-03  5.40875176e-04
 -2.17882751e-04  1.21363380e-04 -7.76666490e-03  4.89573024e-03
  1.00993895e+00 -4.62864026e-03  1.49267998e-03  1.00838557e+00
  1.91137041e-03  9.19132918e-04 -1.44669135e-05 -3.08726856e-03
  9.69076040e-04  3.72528172e-03 -4.62344119e-03 -4.58647461e-04
  1.29024344e-03  1.00646537e+00  1.48824220e-03  2.16019087e-03
  1.00690732e+00  3.14666290e-03  3.42586789e-03 -5.62561075e-04
  5.56933879e-03 -2.06158023e-03  4.88039526e-04 -5.59525167e-03
  1.62148980e-03  6.00235849e-04  1.00485428e+00 -1.49326297e-03
 -2.12374372e-03 -2.97762190e-03  4.46782972e-03 -3.37392133e-03
 -2.61981469e-03  2.70866971e-03 -4.32986111e-03  1.00322948e+00
  5.26117136e-03  9.38570958e-04  4.62964205e-03  8.09687875e-04
  2.62921696e-03  2.08183657e-04 -1.40408849e-03 -2.25385367e-03
 -4.18280442e-03 -4.41463647e-03  1.38224877e-03  3.89639607e-03
  1.00573824e+00  3.50046984e-03  1.00626161e+00  4.78410320e-03
  3.59477124e-05  2.34453101e-03 -1.42271781e-03 -6.72646472e-03
 -3.99215560e-03  3.90441145e-03 -2.00052753e-03 -1.32175485e-03
  7.32101954e-03  1.68054164e-03  1.01216958e+00  6.21456428e-03
 -8.93628748e-04 -2.95522762e-03 -4.03131634e-04 -4.53359345e-03
  3.99156198e-04  1.55834783e-03 -9.53548530e-04 -1.90258894e-04
 -3.90509334e-03  1.00509853e+00 -7.67343428e-03 -1.11086214e-03
 -2.89851190e-03 -1.