[ 3.72678936e-03  5.26920750e-04 -5.18225256e-03  8.46815125e-04
  2.93090747e-03 -3.43624367e-03  2.27765563e-04  1.00571430e+00
  2.07445948e-03 -3.02108125e-03  1.59313291e-04  1.00761412e+00
  1.50498064e-03 -2.29181129e-03 -1.51803779e-03 -1.09352339e-03
  3.67992748e-03 -1.00019956e-03  4.74013428e-03 -8.20027282e-04
 -6.17466996e-03  3.14484978e-03 -4.15044133e-04  2.86488852e-03
  6.70043206e-03  1.09301596e-03 -4.90022743e-04 -1.08449063e-03
 -4.36918828e-03 -9.29183376e-04  2.07979190e-03  1.00828069e+00
 -1.68188238e-03 -3.98267986e-04 -1.05180005e-02  4.03120258e-03
  1.00714314e+00  1.00657015e+00  1.00796549e+00  4.56274510e-03
 -1.53053625e-03 -1.68746479e-03 -1.19658035e-03 -4.40102005e-05
  3.16457042e-03  4.32035909e-03 -3.89762828e-03  6.49887980e-03
 -8.39525893e-04  4.29250887e-03  3.32291255e-03  1.00511234e+00
  1.00442053e+00  2.99151656e-03 -2.32635963e-03  1.17578219e-03
  1.00368726e+00 -1.13702135e-03  1.00653798e+00  4.39774102e-03
  6.86794020e-03  2.04447405e-04  1.00689917e+00  2.36168678e-03
 -7.21920789e-03  5.76996869e-03  3.63865003e-03  1.00325854e+00
  1.97371430e-03 -4.86867152e-03  1.00574888e+00 -3.21075497e-03
  6.96485545e-04  7.52382022e-04 -2.05424511e-04  1.46397788e-03
  2.99516031e-03  1.00936147e+00  1.83954091e-03 -3.13944323e-03
  1.00906587e+00  2.27024922e-03  1.00562008e+00 -2.29161883e-04
 -1.48023776e-03  5.30482758e-03  1.52693598e-03  4.84896192e-04
  3.28963292e-03  5.18108490e-03  6.74294783e-03 -3.25875656e-03
 -3.38704532e-03  2.75091342e-03 -1.72571208e-03  2.47977586e-03
 -5.22841744e-04 -1.79122368e-03 -5.18016022e-03  3.28309614e-04
  1.60479052e-04 -4.86910465e-03  2.30259953e-03  1.00812521e+00
 -4.44651684e-03 -5.33019602e-03  1.00831339e+00  4.64045154e-03
 -4.87139945e-03  4.14057773e-03 -6.84345294e-04  2.93818272e-03
  1.42608514e-03 -5.72342193e-03  1.00700820e+00  2.47977586e-03
 -4.99758397e-03 -3.80129290e-03  1.66577591e-03  3.65051665e-03
  5.29019133e-04 -5.97071905e-03  1.68352777e-03 -2.27126175e-03
 -4.57083529e-03 -3.56658402e-03  1.18922412e-03  2.28302323e-03
 -3.23809090e-03  4.11139806e-05 -2.64458725e-04  1.00728098e+00
 -3.44509804e-03  2.86115341e-03  2.52207554e-03  7.52488845e-03
 -3.04620742e-03 -3.42548589e-03 -3.18321078e-03  2.50862034e-03
 -3.78914812e-03 -6.06901264e-05 -3.01074361e-04  5.33713293e-04
 -3.26633311e-03  1.61078736e-03 -1.27319541e-02  1.56652033e-03
  2.84326533e-03 -9.68653922e-04  1.28249940e-03  2.64583333e-03
 -3.89752022e-03  5.83464657e-03  1.00522521e+00  1.09631908e-03
  2.49545306e-03  3.49543649e-03 -9.09719505e-04  3.56597550e-04
  5.03090067e-03  2.56521125e-03  4.55314056e-03 -7.00253115e-03
 -2.37357722e-03 -8.57497517e-03  1.85048225e-03  1.00896086e+00
 -5.37853640e-03  5.72261768e-03  3.32721010e-03 -9.33441056e-03
 -7.22820571e-03 -6.68798957e-03 -1.21943598e-04  2.71878780e-03
 -6.07592849e-03  3.80573679e-04  1.70965714e-03  7.55845992e-04
  1.21624040e-03  3.49364742e-03  1.00534052e+00  1.00689866e+00
  5.81599542e-04  8.16173516e-04  3.43467395e-03  1.00796394e+00
  2.63081524e-03  3.41230937e-03  5.94187169e-03  6.35337461e-03
  1.32009610e-03  2.46422178e-03 -5.01615562e-03 -1.93897645e-03
  4.08357638e-03 -2.90190243e-03 -2.37506998e-03 -1.50822584e-03
 -8.16515729e-03 -3.83047767e-03 -4.78685647e-05 -5.09713317e-04
  9.46364776e-04  2.86836189e-03  1.41780865e-03  3.43138372e-03
 -4.35811070e-04  3.80206844e-03  2.35562560e-05 -6.83702681e-05
  1.00679814e+00  5.17792945e-03  2.84524577e-03 -6.09467456e-04
 -3.61764706e-03  1.00468423e+00 -5.64771547e-03  4.37352582e-03
  1.56893688e-03  2.45658742e-03  1.00324344e+00 -1.67018371e-03
  5.52470333e-03  1.31823656e-03  2.40118640e-03 -1.18820063e-03
  1.00813041e+00 -2.92676000e-03 -6.42672534e-04 -3.08222591e-03
 -4.76672967e-03 -8.58693801e-03 -4.41483140e-04  9.39824360e-04
  3.44601329e-03  3.10638149e-03  1.73188914e-03  1.00348004e+00
  5.48861091e-03  1.23913853e-03  1.64002128e-03 -5.24840682e-03
  1.00628442e+00  2.16274510e-03 -6.49186772e-03  1.34349487e-03
 -1.59731984e-03  6.35932951e-03 -2.73151857e-03  5.41216195e-03
 -1.65508017e-03  1.00862872e+00  2.07673227e-03  3.79125808e-04
  7.85737330e-03  1.00789202e+00  3.49763637e-04 -2.11870457e-03
  1.00963810e+00  2.90449456e-03  3.24437383e-03  3.54316297e-03
 -5.77662816e-04 -6.39465572e-05 -3.43414104e-03  1.50915985e-03
 -1.63242429e-03  3.87418684e-03 -2.55774845e-03 -5.84899439e-04
  1.17323488e-03  1.00859676e+00  1.82543864e-03 -3.11897560e-03
  2.34824189e-04  1.74875898e-04 -1.05343208e-03  2.54528749e-03
  2.33180983e-03  2.58437572e-03  1.00559297e+00 -3.96179699e-03
 -1.19386033e-03 -5.15952662e-03 -6.76148866e-04 -1.79955214e-04
 -4.95942169e-03 -7.33235278e-03 -4.81142545e-03 -2.44748399e-03
  1.02180736e-03  1.01330369e+00  1.00510224e+00  3.82414744e-03
  1.35503586e-03 -4.45655686e-03  1.00702834e+00  1.15773810e-03
  1.00639803e+00  2.75821596e-04 -3.75000000e-04 -8.05323314e-04
 -1.30319278e-03  5.00127871e-04  3.79127503e-03  1.00374413e+00
  1.00556512e+00  7.29893839e-03  1.00620650e+00  4.68627451e-04
  4.19285598e-03 -3.75297619e-03  9.24018714e-04  2.83722370e-03
  1.01078715e+00 -6.68352730e-03  5.57030067e-03 -2.12043844e-04
 -3.21134191e-04  1.71694480e-04  4.03069834e-03 -4.58339103e-03
  1.00531525e+00 -6.54193915e-03  4.92806680e-03 -1.43969742e-03
 -2.01764706e-03 -2.16682604e-03  7.06117052e-03 -9.65842400e-03
  1.01008805e+00  1.00578870e+00  1.95098039e-03 -1.25064901e-03
  2.10550610e-03 -1.33931826e-03  2.34063813e-05  4.69137769e-03
 -1.58416377e-03  8.21428571e-04  6.80768984e-03 -1.74306054e-03
  1.00592107e+00  2.17876324e-03  3.87566772e-03 -1.61127308e-03
  1.94177668e-03 -4.31762675e-03  1.00565888e+00  1.00767958e+00
  1.00568670e+00  1.83511918e-03  1.00900126e+00  3.34310528e-04
 -5.02954688e-03 -1.11994036e-03  2.47860577e-03  2.94605809e-03
 -4.85379038e-03 -1.94782266e-03 -2.45983115e-03  1.08511199e-03
 -2.91715708e-03  2.47359607e-03  1.84447837e-03  2.78544061e-03
  3.17964817e-04  2.