[ 2.60406607e-03 -2.85595649e-03 -1.48154762e-03 -5.21885322e-03
  9.55635426e-05 -1.00338133e-02 -2.28466624e-03  1.00769929e+00
  3.36456708e-03 -1.25143781e-03 -3.43766792e-03  3.38933611e-03
 -1.49602385e-03  1.06430627e-03 -3.01192098e-04  1.00449267e+00
 -7.37450493e-04 -4.39615068e-04 -1.68831480e-03 -5.47778054e-03
  1.00394398e+00 -9.79403259e-03 -3.18040223e-03  5.78113406e-03
  2.51942029e-03  5.85342949e-03  6.82369918e-04  3.28974469e-03
 -6.59299738e-03  1.00799731e+00 -7.70280114e-03  1.01201032e+00
  4.90487345e-03 -1.25203346e-03 -2.67395587e-04  3.45551397e-03
  1.94458885e-03 -2.06023221e-03 -5.80909454e-03 -3.05042835e-03
  5.90721346e-04 -5.80822992e-03  2.14627210e-03  9.77623474e-04
 -7.60444530e-03  3.63188070e-03  1.39379623e-03  2.01317405e-03
 -6.02334267e-03 -5.17612112e-03  4.70549020e-03 -1.88627451e-04
  5.15934073e-03  1.00369985e+00 -2.21124731e-03 -3.86675808e-03
  5.72798140e-04  1.00640798e+00  4.81842620e-03  4.52864522e-04
  1.58708619e-03  1.00992470e+00 -3.13008504e-05  4.72753370e-03
 -2.09320517e-03 -1.98364101e-03  3.75167752e-05 -3.87296994e-04
 -2.86341471e-03  2.13337366e-03  5.73571429e-03 -2.74664247e-03
  1.00742679e+00  1.00909417e+00 -1.27543522e-02 -8.09072857e-03
  1.06595059e-03  2.54305633e-03 -1.28365208e-02  1.00885421e+00
  1.01327199e+00 -1.87299078e-04  1.00386339e+00  1.00908946e+00
 -1.33329205e-03 -2.21823192e-03  1.00363307e+00 -1.49782771e-03
  3.46367545e-03  3.43822330e-04  1.34096744e-03 -1.52318794e-03
 -4.02741434e-03  4.73723276e-03  1.00689661e+00  4.01165715e-03
 -1.73158690e-02  6.43209799e-03 -3.10840578e-03 -5.90757361e-03
 -1.51499542e-04 -1.34498695e-03  3.10549020e-03  5.65872589e-03
 -1.63980285e-03 -6.06899897e-03  4.04672619e-03  3.23971302e-03
 -4.29033295e-03 -5.09196282e-03  2.05784998e-03 -3.63826573e-03
  1.01054516e+00  3.68308270e-03 -1.60524137e-03  3.95251552e-03
 -8.85423824e-03  1.32946467e-04 -3.29045642e-03 -5.43656216e-03
 -2.80501988e-03  3.94395204e-03 -3.51787164e-03 -4.49612648e-03
 -2.31325517e-03 -6.99685909e-03 -8.59418355e-04  5.33487646e-03
  3.84077999e-03  1.00993931e+00  1.00947593e+00  4.39404743e-03
 -4.12506270e-03 -1.73030853e-03  4.49140618e-03  5.01905412e-03
  3.67830811e-03 -2.89238477e-03  7.21329561e-04 -5.94858775e-03
 -2.57644794e-03 -5.61669364e-03  1.44188509e-04 -5.02358059e-03
 -8.11198964e-03  1.00902108e+00 -1.36917296e-02  8.64135262e-04
 -1.58342262e-02 -8.84464610e-03  5.09946245e-04 -5.07184287e-03
  9.40290690e-04  3.11631839e-03  2.04666667e-03  1.11125165e-03
 -1.95342623e-04  1.87071252e-03 -4.02020857e-03  4.48040467e-03
  4.75681039e-03 -4.77330111e-03  1.40599351e-04  4.14663321e-04
 -2.68176571e-03  4.91594373e-03  1.00618067e+00  1.01086784e+00
 -1.46933944e-03 -6.50275633e-03  2.02562821e-03  5.64455298e-03
 -1.22235505e-02 -9.25916795e-03  2.10647651e-03  2.57711585e-03
 -2.12031463e-03 -5.28743863e-03 -4.15521327e-03  1.61001148e-03
 -4.80412220e-03  3.76732442e-03 -6.95846592e-03  1.00628364e+00
  1.00427412e+00  1.45184144e-03  6.33764107e-03  2.32015836e-03
  5.88797170e-03 -1.30932280e-03 -7.86922759e-04  1.00995348e+00
  4.92210851e-03 -9.94719995e-03  3.37376189e-03 -9.32832308e-04
 -8.07659363e-03 -4.96564787e-04 -8.67268170e-03  9.95686275e-04
 -9.46705882e-03 -4.78682908e-05 -6.49078401e-04 -3.33901155e-03
  6.17384749e-04  1.00614279e+00  2.61159031e-03  1.75170199e-03
 -8.24997763e-04  1.78584161e-03  1.00829483e+00 -6.76117647e-03
 -1.28803571e-02 -3.17031525e-03 -7.06368224e-03  1.00906244e+00
 -2.85535068e-04  1.00526094e+00  5.32470571e-04  1.36587306e-05
  1.00857623e+00 -5.94020429e-03 -8.14865496e-03  1.10356721e-03
 -3.33592366e-03  4.71453922e-03  1.00551916e+00 -3.04109707e-03
 -7.94491315e-03 -2.26443978e-03 -3.52479915e-04  1.00788424e+00
 -5.59763945e-03  9.77043003e-04  2.46359427e-03 -1.70412048e-03
  1.00757150e+00 -8.24313115e-03 -1.00555119e-02 -1.02090365e-03
  2.82129338e-03 -1.10016128e-03  1.98039403e-03  1.00417653e+00
  1.00760421e+00  4.85282118e-04 -6.59942900e-04  1.00606855e+00
  1.80665043e-04  1.00686976e+00  1.01004350e+00  5.27249701e-03
 -8.73737542e-03  1.01208181e+00  3.31801661e-03 -5.40842929e-03
  1.00559919e+00  1.00845824e+00  1.04240037e-03 -7.75008085e-04
  1.00555664e+00  2.58836648e-03  5.14544186e-03  6.89765414e-04
  2.06415217e-03  4.59461258e-03 -2.04558623e-03 -6.42642597e-03
  1.00968281e+00  1.66553741e-03 -1.27131528e-03 -2.31937609e-03
 -1.41200108e-03  7.73938918e-03  6.33582469e-03 -6.53639531e-03
  1.00287969e+00  3.35093024e-03 -4.58964659e-03  1.03910863e-03
  1.38399510e-03  1.00492691e+00 -7.52713670e-03 -3.66313725e-03
 -3.29505027e-03 -2.53372549e-03  4.07897867e-03 -3.75468278e-03
 -3.93820624e-03  1.00684223e+00 -2.68806566e-03  5.43918145e-04
  3.24615455e-03  2.13356698e-03  1.00920057e+00 -6.71783534e-03
 -7.29413859e-03  1.00752099e+00  6.27401675e-03 -3.94229642e-03
 -5.11610104e-04  2.62642079e-04 -5.10131568e-05 -8.13038208e-03
  6.24863524e-03 -5.20839823e-03  1.00943465e+00 -3.22007261e-03
 -3.23835105e-03  1.82030922e-03  1.47442890e-03  1.00401149e+00
 -1.18326248e-04 -6.28819007e-03  1.00671847e+00 -6.48329738e-03
 -3.85065883e-03  9.22093023e-04  1.00764028e+00  2.85083813e-03
 -7.42720345e-03 -4.41122519e-03 -1.91281477e-03 -2.88713695e-03
  4.19830611e-03 -1.19259125e-02  1.00925503e+00 -7.01021029e-04
  2.71035750e-03 -6.72369809e-04 -2.13495746e-03 -1.44763951e-02
  1.21759336e-03 -2.23881297e-03  3.57613934e-03  2.56049626e-03
 -1.22385028e-04  2.27780536e-05 -2.01622779e-03  3.54658628e-04
  1.00533834e+00 -3.54869316e-04  4.32389987e-03  7.03712423e-05
  1.00523882e+00  1.00728422e+00  1.61941749e-03  1.00565034e+00
 -7.07249772e-03  6.06434528e-03 -8.75610205e-04 -8.70186195e-04
  8.17451206e-06 -2.97590173e-03  8.71029740e-03 -2.38270552e-03
  1.53340103e-03  1.53589526e-03  4.97600939e-03  4.60354969e-04
 -7.02896960e-03  4.40839688e-03 -3.31338835e-03  5.57518286e-03
  1.81724719e-03 -7.19565217e-03  2.34643358e-03  3.74405659e-03
  5.85092698e-03 -1.