[-3.96592423e-03  8.58407632e-04  1.39251095e-03  2.09797704e-03
  8.24046599e-03 -5.18461070e-03 -3.94798260e-04  5.18398796e-03
  4.98503052e-03  1.50082678e-03 -3.84819281e-03  3.41578708e-03
  5.71046325e-04  1.00573278e+00 -2.62553446e-03  8.95440270e-04
  1.19192010e-03 -6.30501818e-04  1.00551949e+00  1.00776926e+00
  1.00463768e+00 -2.61615263e-03 -1.50083639e-03  2.29528041e-03
  5.52805362e-03 -9.96467430e-05  1.39227255e-04 -5.90203427e-03
 -8.95446142e-03 -3.60496067e-03 -2.32850851e-03  3.72815293e-03
  5.86124064e-05 -4.62291631e-03 -4.35283188e-03 -3.24064943e-03
  2.43994234e-03  1.05744763e-03 -7.93443918e-04  1.00478858e+00
  1.00640031e+00  3.73514822e-03  1.68253197e-03  1.00690102e+00
  3.44319592e-03 -4.96623699e-04  3.87076930e-03  2.89780787e-03
  1.78879584e-04  3.66436014e-03  1.32697300e-03 -2.89923110e-03
 -1.31883802e-03  1.01447372e+00  5.16691900e-04 -7.12103187e-03
  3.00823529e-03  2.09905118e-04  1.01149756e+00  1.03165141e-05
  6.01668171e-03  3.73809524e-03  2.90894379e-03 -5.20597786e-03
 -4.13902313e-03  3.56511487e-03 -2.16839051e-03 -6.44684271e-04
  1.00503152e+00  1.00503948e+00  7.73851072e-04 -1.92509804e-03
  1.03606337e-03  1.43723941e-03 -1.20486670e-03  1.00149733e+00
  1.48922638e-03  3.61870504e-03  2.79720504e-03  7.62055416e-04
 -1.75379230e-03 -2.45046666e-03 -8.16229189e-04  9.34192514e-04
 -2.99267036e-03  3.05331483e-04  1.00651303e+00 -8.50537540e-03
  1.00899896e+00  3.90635747e-03  1.73239203e-03 -4.92075647e-03
 -5.81960341e-04  6.57009703e-03 -2.56590617e-03  6.10324619e-03
 -3.52859498e-03  5.82687232e-03 -2.25844195e-04  6.74622522e-04
  2.00092761e-03  1.00876558e+00  2.04106949e-03  2.83958976e-03
 -9.64179828e-03  5.00060134e-04  7.85635687e-03 -6.23098039e-03
 -9.00993981e-03  2.70391015e-03  9.00325623e-03 -7.40847532e-03
  2.94474292e-03 -5.52801678e-03  1.00695248e+00 -2.25898921e-03
 -1.03259727e-03  4.78459924e-03  9.68461383e-04 -1.09554971e-02
 -1.37599318e-03  4.88189390e-03  2.93075117e-03  5.56874523e-03
 -7.16837815e-03  3.29854303e-03  4.74449007e-03 -4.63305486e-03
  1.00791872e+00  8.41045769e-04 -2.65144028e-03  1.01368225e+00
  2.18582388e-03  6.49233287e-03 -1.92509804e-03 -5.37406782e-03
 -4.43687708e-04 -8.70627529e-03  1.35821127e-03 -5.15708812e-04
  2.85334025e-03  5.78853256e-03  1.00407727e+00 -5.16268789e-04
  3.29992434e-03  1.00466870e+00 -4.67956811e-03  3.99476282e-03
 -1.17581709e-03 -1.05078261e-02  1.00685481e+00 -1.66363299e-03
  1.91143348e-04  5.56880222e-03 -4.88556604e-03 -4.56311161e-03
  1.50846934e-03  7.74107335e-03 -1.86803045e-03  5.92699429e-03
 -3.68665628e-03  1.00498642e+00 -2.00379765e-03 -5.33880492e-03
  4.90923538e-04  3.44319592e-03 -1.14828402e-02  6.45653413e-03
 -9.30783664e-04  3.78205704e-03  2.08123976e-03  8.11035573e-03
 -8.20359091e-04  5.57088123e-04  5.46663952e-03  1.21301217e-03
  1.00962513e-03 -6.30747965e-03  1.00981619e+00  4.35243801e-03
  2.10598274e-03  1.01002416e+00 -3.22013290e-03  3.20233598e-03
  1.53737334e-03  1.00789458e+00  1.11250000e-03  2.69176478e-04
  5.07388870e-03 -4.39699911e-03 -4.78396648e-03  3.86870615e-03
 -4.54989701e-03 -3.02851120e-03  1.08749861e-03 -3.90508245e-03
 -8.65766318e-03  1.00645588e+00  3.00603585e-03  1.42151630e-03
  4.05521157e-04  4.75304858e-03 -1.83977858e-03  3.45106066e-03
  3.50235294e-03  4.95637945e-03  4.50388181e-03  4.66903213e-04
  1.01487794e+00  1.00803004e+00 -2.72196351e-03  3.93065498e-03
 -7.46933815e-03 -7.81445391e-03  1.93917852e-04  5.13849341e-03
 -8.02973603e-03 -1.00348808e-02 -3.69462778e-03 -4.72873522e-03
 -6.19187053e-03 -7.01836548e-05  1.56474418e-03  2.83174027e-03
  4.25005078e-03  3.63505462e-03  5.00838021e-03  1.00794212e+00
  3.26776627e-03 -3.46175443e-03 -6.52966118e-04 -1.54741807e-03
  2.15325800e-03 -7.40668804e-04  3.93955491e-03  7.55487253e-04
  2.99583492e-03  1.42696198e-03  4.54398319e-03 -4.59609000e-03
  6.74156871e-03 -5.73155510e-03  1.00700422e+00 -2.81642425e-04
  6.72296177e-04 -5.74660099e-03 -1.19309098e-03 -3.91979615e-03
  2.03894430e-03  1.00847959e+00  4.46612799e-03  4.21256643e-03
 -2.76711462e-03  1.00951725e+00 -6.06220267e-03 -2.50872026e-03
  1.00693229e+00  1.00582167e+00  7.33857847e-03  1.22973886e-03
  1.00806983e+00  2.52302108e-03 -6.05446644e-03  1.01021846e+00
 -3.97551953e-03  1.00283529e+00  3.86170968e-03  1.78688263e-03
  1.57310005e-03  2.91759879e-03  3.14535675e-03  4.45218784e-03
 -1.71207229e-03  5.77271547e-03 -3.77886826e-03  7.35201418e-04
  3.20181905e-04 -8.16339924e-03  1.01112193e+00  1.01146854e+00
 -2.12653803e-03 -9.14663283e-03 -4.43022905e-03 -3.68768105e-03
 -3.20206650e-03 -3.57530843e-04  2.80996373e-03  1.34928330e-03
 -8.50539359e-03 -5.97371049e-03 -7.79343473e-03  2.63385469e-04
  1.43753066e-03  4.56289742e-03  1.00747411e+00 -4.88339040e-03
  1.80372782e-03 -1.11191063e-03  3.51500556e-03 -7.80706763e-04
  1.00594707e+00  1.00763773e+00  2.95395287e-03  1.04146231e-04
  1.36035326e-04  1.24402767e-03  3.89057632e-03 -1.75925608e-03
  1.00941044e+00  2.31069728e-03  4.94502321e-03 -1.32665879e-03
  3.63288538e-03 -4.09077808e-03  8.94492033e-04 -4.36572791e-03
  4.46021508e-04  1.53299575e-03  1.00946363e+00  3.08979790e-04
 -1.41473275e-04  6.71478205e-03  4.96545142e-04 -7.55046200e-03
 -6.38754600e-03 -1.68851335e-03  2.71750504e-03 -1.71006710e-03
  5.17314409e-03 -1.98019022e-03  1.01330239e-03 -6.52866148e-03
  3.12851656e-03 -1.26627451e-03  1.00427798e+00  3.39120847e-03
 -6.24459597e-04  1.69649361e-03  2.69277273e-04 -3.07578203e-03
  2.94208156e-03  1.28942587e-04  1.00974151e+00  1.00475436e+00
  1.50235294e-03  7.33725490e-04  1.35511746e-03  2.12293657e-03
  4.47330944e-03  5.63886209e-03  3.94538232e-03  1.10029518e-03
  1.00947511e+00 -5.33205188e-03  6.55497399e-03  9.10873440e-04
  3.88795247e-03 -5.22074635e-03  1.00927526e+00  1.00751636e+00
  1.01214894e+00 -3.15765087e-03  7.80095723e-03 -1.72236749e-03
 -4.63486280e-03 -5.58344423e-03 -7.92398038e-03  1.01231568e+00
  6.97656473e-05  1.