[0.         0.         0.         0.         0.         1.
 0.         0.         0.         0.85869592 0.89864918 0.
 0.         0.54444959 0.03896371 0.         0.         0.
 0.55938042 1.         0.         0.         1.         0.
 1.         0.         0.         0.         0.42559608 0.
 0.         0.         0.         1.         0.         0.
 0.         1.         0.         0.         1.         0.
 1.         1.         1.         0.         0.         0.
 1.         0.         1.         1.         0.6581884  0.
 1.         0.         0.         0.         1.         0.
 0.         0.         1.         1.         0.         0.
 0.         0.         1.         0.63271895 0.         0.
 1.         0.         0.         0.         0.         0.
 0.         0.         0.         1.         0.         0.
 0.         1.         1.         0.62600498 0.         0.
 0.         1.         0.         0.         0.         0.
 1.         1.         0.31203603 0.         0.         0.
 0.7585456  0.         0.         1.         0.         0.
 1.         1.         0.         0.15268488 0.         0.
 1.         0.         0.         0.         0.         0.
 0.         1.         0.         1.         1.         0.
 1.         0.         0.49598428 1.         0.         1.
 1.         0.         0.         0.9558822  0.         1.
 1.         1.         0.         0.         1.         0.
 0.         0.         0.         0.         0.         0.
 0.86929105 0.         0.         0.         0.         0.11093469
 0.         0.         0.         0.         0.         0.25449832
 0.         0.         0.         0.11649771 1.         0.
 0.         1.         0.         1.         0.         1.
 0.         0.         0.01087479 1.         0.         0.
 0.         0.         0.         0.         1.         0.
 0.19535105 0.         1.         0.         1.         0.
 0.83418221 0.         0.         1.         0.         0.
 1.         0.         0.         0.         1.         0.01497521
 0.73283067 0.         0.         1.         0.         0.
 0.         1.         0.         0.         0.         0.
 0.         1.         1.         0.         0.88490991 0.54422763
 0.         1.         1.         0.         0.         1.
 0.18092391 0.         0.         0.         0.         1.
 0.         0.08839927 1.         0.         1.         1.
 0.         0.52528893 1.         0.         0.         0.13684149
 1.         0.         1.         0.15369413 0.         0.
 1.         1.         1.         0.         0.         1.
 0.         0.         1.         1.         0.         0.
 0.         0.32316037 0.88791053 0.09779797 0.         1.
 0.         1.         0.         0.         0.         0.
 1.         0.         0.         1.         0.         0.02793177
 1.         0.         0.         0.         1.         0.
 1.         0.         0.94343749 0.         0.         1.
 1.         1.         0.60949793 0.         1.         0.
 0.         0.         1.         0.22623205 1.         0.
 0.         0.         0.         1.         0.         1.
 0.         1.         1.         0.         0.         0.44695245
 1.         1.         0.         0.         0.         0.
 0.         1.         0.         0.         1.         0.
 0.         0.         1.         0.8274108  0.         0.
 0.         0.         1.         0.         1.         0.
 1.         0.         1.         0.         0.         0.
 0.         0.         1.         0.         0.         0.
 0.         0.         0.         0.         1.         0.
 0.         0.35260979 1.         0.         0.         0.
 0.         0.         0.         0.9957193  0.11453562 0.
 0.         1.         0.63551545 0.         0.         0.
 0.01391251 0.         0.2749632  0.         0.         1.
 0.         1.         0.         0.         0.         0.
 0.         0.         0.67084838 0.         1.         0.
 1.         1.         0.         0.         1.         0.
 0.         1.         1.         0.         0.66833662 0.
 0.         1.         0.         0.         0.23959875 0.
 0.         0.         0.         0.         0.         0.
 0.         0.         0.         0.         0.         1.
 1.         1.         0.         1.         0.         1.
 1.         1.         0.         0.06457289 0.         1.
 0.         0.         1.         1.         0.         1.
 0.         1.         0.         0.         0.         0.
 0.         0.         0.         0.         0.         1.
 1.         1.         0.56441827 0.         0.         0.
 0.         0.         0.         0.         1.         0.
 0.         0.         0.43121956 1.         0.         0.
 0.         0.         0.         0.         1.         0.
 1.         0.         0.         1.         0.         1.
 0.         0.         0.2407831  0.         0.         0.
 0.         0.         0.         0.67765812 0.         0.
 0.         0.         0.         0.         0.73057293 1.
 1.         0.         0.         0.         0.         0.
 0.         1.         0.         0.         1.         0.81211408
 1.         0.0968635  0.         0.         0.89031329 0.
 0.         0.         0.         1.         0.06721772 0.
 0.         0.         1.         1.         1.         0.
 0.         0.65966807 0.         0.         0.         0.
 0.         0.         0.         0.39798119 0.         0.
 1.         1.         0.         0.         0.         0.03882017
 0.         1.         1.         0.         1.         0.
 1.         0.         0.         0.         1.         1.
 0.         0.14553821 0.         0.         0.         0.
 0.         0.         0.         0.         1.         0.
 0.         1.         0.         0.25326164 1.         1.
 1.         1.         0.         1.         0.         1.
 1.         0.         1.         0.         0.         0.
 1.         1.         1.         0.         0.         1.
 1.         0.         0.   