[ 9.96483052e-01  9.99934275e-01  9.98897448e-01  9.99930140e-01
  9.99097900e-01  1.00026932e+00  1.00145139e+00  9.99336027e-01
  1.00087919e+00  9.99181783e-01  1.00127238e+00  9.99339589e-01
  9.99458706e-01  1.00020710e+00  9.99992439e-01  1.00035597e+00
  9.99399841e-01  1.00051822e+00  1.00032760e+00  9.99718902e-01
  9.99857272e-01  1.00040494e+00  1.60437868e-04  1.00007063e+00
  9.48826291e-04  1.00063408e+00 -1.88086884e-03  6.92525406e-04
 -8.01065328e-04 -6.90127114e-04 -1.93536458e-04  1.00097704e+00
 -8.13444929e-04 -3.92208666e-04  8.72393700e-06 -1.75820535e-04
 -4.39889611e-04 -1.08835628e-04 -9.35718471e-04  4.69306185e-04
  6.01622163e-05 -5.12799767e-04  3.93176841e-04  3.44774892e-05
  1.00157281e+00  7.14921304e-04  1.11432855e-04  9.99756240e-01
  9.99907964e-01 -1.84812980e-03  1.00003881e+00  1.85232382e-04
  1.00019180e+00  9.99862948e-01 -4.95372076e-04  1.00191579e+00
  8.44291476e-05  1.11811180e-03 -2.74819340e-04  9.99501938e-01
  1.58022050e-04 -2.53368591e-04  1.00098775e+00  1.39173243e-04
  9.99735865e-01  2.14364780e-03  9.99958207e-01 -2.53255513e-04
  1.00062723e+00 -3.32563114e-03 -2.46984759e-05 -5.31323312e-04
  1.00006846e+00 -2.49205229e-04  9.99484900e-01  9.80440968e-04
  7.38105847e-04 -1.76341259e-04  1.00111274e+00  1.00148821e+00
 -6.14794187e-05  9.98290306e-01  9.99859149e-01  9.99867622e-01
  9.98925332e-01  1.38930030e-04  1.00001267e+00  9.99924990e-01
  9.99973440e-01  4.91509720e-04  5.78587610e-04  1.21777590e-03
  1.00008124e+00  1.98719127e-04  4.23709804e-04  4.81034144e-04
  1.21217920e-03  1.00110357e+00 -1.30559203e-03  1.64988699e-04
 -1.62038001e-03  1.00029509e+00  1.00040479e+00  1.00110558e+00
  7.45370327e-04 -4.02077971e-04  1.00123165e+00  3.75604325e-04
  6.30770041e-04  7.23523514e-04 -1.16172329e-04  3.57536824e-04
 -2.85646884e-03  5.09480359e-04 -1.48354560e-04 -6.04759771e-04
  4.75018161e-04  1.13781769e-03  7.12317569e-04 -3.71655528e-04
  1.00068190e+00 -6.88494699e-05  8.15412439e-04  9.74389831e-04
  1.80445308e-03  1.82989613e-03  4.65217704e-04  3.67051562e-04
  5.87097199e-05 -5.20892249e-04  5.57486661e-04  9.98341156e-01
  9.97444452e-01  4.45767594e-04  1.00007783e+00  9.99483267e-01
  5.55706449e-04  1.00015376e+00 -6.86468835e-04  1.00036989e+00
  4.34117558e-04 -7.73752696e-04 -5.70967234e-04 -2.60445897e-04
  1.00034442e+00  1.00035082e+00  1.00020127e+00  5.81563230e-04
  2.39276378e-04  2.78972243e-04 -3.30879617e-04  9.99445374e-01
  9.23917768e-04  2.44587485e-04  9.99199728e-01  3.11612374e-04
 -6.02027041e-04 -6.26540424e-04 -8.07995479e-04 -4.29547240e-04
  1.17352345e-03  1.00066493e+00 -9.84820940e-04  8.48642035e-04
  9.99680369e-01  9.99486004e-01  1.00052349e+00  4.08811657e-04
 -6.44689422e-05  9.99633395e-01  6.94289381e-04  4.91450595e-04
  9.99713062e-01  1.93629514e-04  7.50175155e-04 -3.09102712e-04
 -7.31255560e-04 -9.15064739e-04 -1.57152649e-03  9.97688695e-01
  9.99858909e-01  1.26071446e-03  9.95043717e-05  9.98901485e-01
 -1.96868755e-04  3.13172529e-04 -5.39889344e-04  4.79161614e-04
  1.00083708e+00 -4.21169179e-04  9.99978346e-01  1.00102336e+00
 -9.71467391e-05  2.71069926e-04  7.85458698e-04  2.44581070e-04
  6.32257058e-05  7.50620579e-04 -2.30098593e-04 -8.70493098e-05
  1.00031186e+00 -1.52765608e-04 -7.17414294e-04  2.68354253e-03
 -2.83543541e-04  2.44010701e-04  1.00080820e+00 -7.55875654e-04
  3.75604325e-04  1.00097117e+00 -6.86569024e-04  1.58782770e-04
 -1.04203092e-04  3.50616497e-04 -2.87178527e-05  4.35001362e-04
  1.00071028e+00  8.29738856e-04  9.99399046e-01  6.09607534e-04
  5.10626400e-06  2.22535958e-04  2.64078791e-04 -7.65500841e-05
  4.20072572e-04  1.30541449e-03 -1.49549246e-03  9.99710741e-01
  1.00025078e+00  4.57083294e-04  9.98995793e-01  2.64537999e-04
  3.17010834e-04 -1.58987277e-03 -3.59401552e-04  1.60804249e-04
 -1.99473694e-04 -6.95669485e-04 -6.76367224e-04  9.98958969e-01
 -7.66487640e-04 -2.15301767e-04  1.52149926e-04 -1.92643008e-04
  6.72309630e-04  2.44447301e-03 -1.31180849e-04  2.01802304e-05
 -5.64276589e-04 -3.38574302e-04  9.99421341e-01 -7.53457364e-04
  3.86020804e-04 -4.39949281e-04  7.19261193e-04  2.14705259e-04
 -7.27833685e-04  1.00028184e+00 -9.26341031e-04  9.99903714e-01
  3.57958705e-04  2.90049064e-05 -5.99341261e-05  1.27925420e-04
  9.99724981e-01  9.99557547e-01  2.67477656e-04  5.42323551e-04
  1.00112037e+00 -5.22670068e-04  1.00029256e+00  9.98478398e-01
  5.96690800e-04 -3.15715265e-04 -4.92632313e-04 -6.92599117e-04
  7.82252133e-04 -1.10090983e-04  4.56453186e-04  1.00155161e+00
  1.00385272e+00 -4.55951533e-04  1.00006357e+00  9.99851441e-01
 -6.13531534e-04  9.98709938e-01 -6.05631910e-04  9.99295012e-01
  9.99539255e-01  1.00096020e+00  1.00021581e+00  1.00090414e+00
 -3.73017848e-03 -1.41082555e-04  1.37944289e-04 -8.70788723e-04
  2.54886716e-04  9.98424735e-01  9.99820559e-01 -2.09121146e-04
  5.03765624e-04  1.00021773e+00  1.00057863e+00  1.09571528e-03
  1.57109077e-04  9.99840996e-01  9.99756795e-01  9.99526909e-01
  6.63446210e-04  7.01896133e-05 -4.03579401e-04  1.78153256e-04
  7.51241774e-06 -3.99092166e-04  9.99756933e-01  2.03408056e-04
  4.32043931e-04  2.95581014e-03  1.75779049e-04  9.99658024e-01
  1.00018760e+00  4.72478691e-04  1.60884811e-04 -5.00205693e-04
 -2.40247930e-04 -7.57758138e-04 -1.66692780e-04 -2.06900080e-03
  1.42564728e-03  9.99472672e-01  1.08495959e-04 -4.44989797e-04
 -1.35089221e-03  9.15340320e-04  1.00035928e+00 -5.14632464e-04
  1.28174940e-04 -1.19095515e-06 -2.68553263e-05  5.92654804e-04
  1.00059930e+00  4.52671429e-04 -3.70516943e-04  3.38488813e-04
  3.91389466e-04  1.00988235e-03  4.97899105e-04  5.41280226e-04
  6.80150888e-04  3.73908813e-04 -1.00747256e-03  5.15405447e-05
 -5.64609720e-05  2.73555513e-03  9.99246435e-01  4.61428862e-05
  2.95831696e-04  7.39992535e-04 -2.52805285e-04 -4.02031135e-05
  1.00102143e+00  1.00022146e+00  7.78632433e-04  1.00021279e+00
 -9.43910924e-04 -1.29690686e-03 -6.84320450e-05  9.99546063e-01
 -6.54393069e-04 -5.