[0.         0.         1.         0.         1.         0.
 0.         1.         0.         1.         0.         0.
 1.         0.         0.         0.         0.95924498 1.
 0.16374748 0.         0.87772343 0.         0.         1.
 1.         0.         0.         0.         0.         0.16145567
 0.37983917 0.         0.         0.94517738 1.         1.
 1.         0.         0.39317613 1.         0.         0.
 0.         0.         0.55873383 0.         0.         0.
 0.         0.         0.         0.         0.5149194  1.
 1.         0.         0.         1.         0.         0.95376226
 0.         0.43121291 1.         1.         0.         0.02367592
 1.         0.         0.93736116 0.59239632 0.         0.85068925
 0.         0.         0.         1.         0.         0.63278369
 0.         0.         1.         0.51981477 0.         1.
 1.         1.         0.         0.         0.         1.
 0.09329974 0.99634316 0.         0.         0.59381638 0.
 0.47076907 0.         1.         0.99402332 0.         0.99572066
 0.         1.         0.01062419 0.         0.         0.
 0.         0.02470353 0.         1.         0.95393942 0.
 1.         1.         0.         1.         0.         0.
 0.         0.         0.         0.         1.         1.
 0.49542679 0.         0.         0.         0.19286894 0.
 0.         0.         0.         0.77044959 1.         0.
 0.         0.         0.         1.         1.         1.
 0.         0.         0.         0.19756664 0.         0.
 0.         1.         0.74520902 0.         0.         1.
 0.64692561 0.         0.         0.37628879 0.         0.
 0.         0.16848699 0.         0.         0.         0.
 0.00994584 0.         0.         0.         0.         0.
 0.         0.         0.08441829 0.35300889 1.         0.89193476
 0.19187452 0.         0.92987599 0.62202644 0.         0.
 0.         0.40328797 0.73774742 0.         0.         0.
 0.         0.47890415 0.         0.         0.         0.
 0.         0.07076101 0.         0.         1.         0.
 0.41241653 0.07693426 0.         0.         0.         0.
 0.62891506 0.9514572  1.         0.         0.9292489  0.
 0.         0.         0.         0.         0.         1.
 1.         1.         0.         0.         0.26847274 0.
 0.         0.         0.60849571 0.         0.         0.
 0.43851127 0.18567204 0.         0.06745645 0.97014382 0.
 0.82917968 1.         0.         1.         0.         0.
 1.         1.         0.         0.         0.         0.
 0.         0.         0.2477258  0.         0.         0.35571531
 0.         0.         0.         0.         0.         1.
 0.02401163 0.34419289 0.22623274 0.956569   1.         0.
 0.         0.         0.         1.         0.52775681 0.
 0.         0.         1.         0.         0.4196954  1.
 0.         0.91175379 0.         0.         0.         0.
 0.35331739 1.         0.         0.         1.         1.
 0.53812597 0.         0.         0.58922734 0.         1.
 0.         0.         1.         0.         0.25542486 0.
 0.         1.         0.12017144 0.5052905  0.         0.
 0.         0.19793296 0.         0.         0.95091466 0.
 1.         0.         0.         0.         0.         0.5705792
 1.         0.3136066  0.44217066 0.         0.25873962 0.
 0.         0.         1.         0.         1.         0.
 0.         0.         0.         0.         1.         0.43100642
 0.         1.         1.         0.04740514 0.03669094 0.
 0.52498661 0.         0.24548033 0.         0.         0.84545409
 0.         0.         0.62869427 0.         0.         0.
 0.         1.         0.         0.         0.21215642 0.
 0.         0.         1.         0.         0.         0.
 0.         1.         1.         0.         0.         0.90811116
 0.         0.62300966 0.20955728 0.         0.         0.
 0.         0.6821451  0.         0.         1.         1.
 0.         1.         0.14096154 0.54138491 0.         1.
 0.         0.         0.16024019 0.71915465 0.095119   0.52008148
 0.07441435 0.         0.         0.         0.26762743 1.
 0.43419368 0.81683024 1.         0.14150092 0.         0.32846325
 0.         0.         0.         1.         0.05008728 0.48939061
 0.28071289 0.         1.         0.         0.         0.
 0.34484646 0.         0.         0.51948663 0.         0.
 1.         1.         0.         0.         0.07370062 0.
 1.         0.         0.         0.         0.40821487 0.
 0.         0.         0.         0.         0.         1.
 0.         0.         0.         0.73992309 0.         0.7456798
 0.         0.         0.         0.         0.         0.
 1.         0.08715014 0.         0.         0.         0.37221806
 0.38237072 0.         1.         0.14555272 0.         0.
 0.         0.         0.         0.53056875 0.         0.06879421
 0.         0.         1.         0.         0.         0.
 0.         0.         0.52971164 0.06921211 0.         0.
 0.         0.46545612 0.36130043 0.         1.         0.
 1.         0.         0.         1.         1.         0.19896168
 1.         0.         0.45377911 0.         0.         0.63497455
 1.         0.         0.         0.00970851 0.         0.
 1.         0.         1.         0.         0.         0.
 1.         0.         0.         0.35119319 0.         0.38831368
 0.         0.         0.27458909 0.         0.43278407 0.
 0.         0.         0.11761298 0.         0.         0.
 0.         1.         0.         0.         0.48578746 0.
 0.         0.         0.         0.         0.         0.43294135
 1.         0.23780777 0.         0.         0.         0.
 0.04143591 0.48252631 0.         0.         0.82850448 1.
 1.         0.         1.         0.         0.36928157 0.44069811
 0.         0.         0.87936785 1.         1.         0.
 0.42018922 0.         0.26574873 0.         0.         1.
 1.         1.         0.24072655 1.         0.         0.40648621
 1.         1.         0.601