[1.         0.         0.         0.         0.         0.
 0.         1.         0.         0.         0.         0.
 0.         0.         0.         0.         0.         1.
 1.         0.         0.         0.         0.         0.
 1.         0.         0.         0.71335149 1.         0.42822893
 1.         1.         0.         1.         0.         1.
 1.         1.         0.         0.         0.         1.
 1.         1.         0.         0.         1.         0.
 1.         0.         0.         1.         0.         0.
 1.         0.         1.         0.         0.         0.
 0.         0.         0.         0.         1.         1.
 0.         0.         1.         0.         0.         1.
 0.         0.         1.         0.         0.         1.
 1.         0.         0.         0.         1.         1.
 0.         0.         1.         0.         0.         0.
 0.         0.         0.         1.         1.         0.
 1.         1.         0.         0.         1.         0.
 0.         0.         0.         0.49221088 0.         0.
 1.         0.         0.         0.         0.         0.
 0.         0.         0.         0.         0.         0.
 0.         0.         0.         0.         0.         1.
 0.         0.         0.         1.         1.         0.
 0.         0.         0.         1.         0.         0.
 1.         1.         0.         0.         0.         0.
 0.         0.         0.         0.         1.         0.
 1.         0.         0.         0.         1.         1.
 0.         0.         0.         0.         0.         0.
 0.         1.         0.         0.         0.         1.
 0.         0.         0.         0.         0.         0.
 0.         0.         0.         1.         0.         0.
 0.         0.         0.         1.         0.         0.
 0.         1.         0.         1.         0.         0.
 0.         1.         0.         1.         1.         0.
 0.         0.         0.         0.         1.         0.
 0.         1.         0.         0.         1.         0.
 0.         0.         1.         1.         0.         0.
 0.         0.         0.         0.         0.         0.
 1.         0.         0.         1.         0.         0.
 0.         0.         0.         0.         0.         0.
 1.         1.         0.         1.         0.04299151 0.
 0.         0.         0.         1.         0.         0.
 1.         0.         0.         1.         1.         0.
 0.         0.         1.         0.         1.         1.
 0.         0.         0.         0.         0.         1.
 0.         0.         0.         0.         0.         1.
 0.         1.         0.         0.         1.         0.
 1.         0.         1.         0.         0.         0.
 1.         1.         0.         0.         0.         1.
 1.         0.         1.         0.         0.         1.
 0.         0.         0.         0.         1.         0.
 0.         1.         1.         1.         1.         0.
 0.         0.         0.         0.         0.         0.
 0.         0.         0.         0.41616054 0.         0.
 1.         0.         0.         0.         0.         0.
 0.         0.         0.         1.         0.         0.
 0.         0.         1.         0.         0.         1.
 0.         0.         0.         0.         0.         0.
 0.         0.         1.         0.         1.         1.
 1.         0.         1.         1.         0.         0.
 0.         0.         0.         1.         0.         1.
 0.         1.         1.         0.70586103 0.         0.
 0.         0.         1.         0.         1.         1.
 1.         1.         0.         0.         0.         1.
 1.         1.         0.         0.         0.         1.
 0.         1.         0.         0.         0.         0.
 0.         0.         0.         0.         0.         0.
 1.         0.         0.         1.         1.         0.
 1.         0.         1.         0.         0.         0.
 0.         0.         0.         0.         1.         0.
 1.         0.         0.         0.         0.         0.
 0.         0.         1.         1.         1.         1.
 0.         1.         0.         1.         1.         0.
 0.         1.         0.         0.         1.         1.
 1.         0.         0.         0.         0.         0.95910623
 1.         0.         0.         0.         0.         0.
 0.         0.         0.         0.         0.         0.
 0.         0.         1.         0.         0.         0.
 0.         0.10846758 0.         1.         0.         0.
 0.         1.         1.         0.         0.71791019 0.
 0.         0.         1.         0.         1.         0.
 0.         0.         0.         1.         0.         0.
 0.         1.         0.         1.         1.         1.
 1.         0.         0.         1.         0.         1.
 0.         0.         0.         1.         0.         0.
 1.         0.         0.         0.         1.         0.
 1.         1.         0.         0.         1.         0.
 0.         0.         0.         0.         1.         0.
 0.         0.         0.         1.         0.         0.
 0.         0.         1.         0.         1.         0.
 0.         0.         0.         1.         0.         1.
 0.         1.         0.         0.         0.         0.
 1.         0.         1.         0.         0.         0.
 0.         1.         0.         0.35160016 0.         0.
 0.         1.         0.         0.         0.         1.
 1.         0.         0.         0.         1.         0.
 0.         0.         0.         0.         1.         0.
 0.         0.         0.         0.         0.         0.
 0.         1.         1.         1.         0.         1.
 0.         0.         0.         0.         0.         0.
 1.         0.         0.         1.         1.         1.
 1.         0.         0.         1.         1.         0.
 0.         1.         0.