[ 3.70118643e-05  1.21860249e-03  2.21170175e-03 -2.84169804e-04
  2.32328021e-03  5.96645956e-05  5.92841637e-04 -5.50332277e-04
  3.84342934e-04  7.23373193e-04 -9.78907558e-04  7.40000963e-04
  1.11674497e-03  1.36140857e-04  2.12686824e-04  3.43814217e-03
  2.91347767e-04  2.11600018e-03  3.45299806e-04  4.50000259e-04
 -1.10656710e-03  1.80311796e-03  1.24270938e-03  1.58979761e-05
 -5.13081228e-04  1.00608270e-03  7.57325653e-04 -1.25391817e-03
  2.52002001e-04  1.45611769e-04  7.40530525e-04  1.92270822e-04
  1.33368498e-03  1.44583934e-04  1.61323364e-03  4.59672283e-04
  1.89107236e-03 -8.76729595e-04 -3.58022770e-04 -2.25131490e-03
 -1.46682893e-03 -1.38709328e-03 -1.73905022e-03 -1.23554092e-03
 -2.63605970e-04  1.51030178e-04  2.42302093e-03  5.28787534e-04
  1.09370862e-04  1.10095087e-03 -1.68841651e-03  1.62079396e-04
  2.19023855e-04 -1.95743627e-04 -1.70715504e-04  2.39527794e-03
 -1.15504959e-03 -1.83503954e-03  1.74836347e-03  6.62396099e-04
 -2.92515158e-04  1.74817097e-03  1.23017327e-03 -1.30673734e-03
  2.58422566e-04  8.31675537e-05  2.83786925e-03  2.83340105e-05
 -2.98770207e-03  2.41927468e-03 -1.77515405e-03  7.14840018e-04
  4.05643996e-04  1.15873064e-04  1.26688532e-03  1.71062513e-03
 -8.33962711e-04 -7.08717668e-04  1.06693015e-03  7.98980040e-04
 -1.07444769e-03  1.78304362e-03 -1.26667270e-03  6.91519520e-04
 -3.54462130e-04 -8.35678465e-04 -1.01571282e-05  7.56646456e-05
 -1.93156608e-03  4.83208130e-04 -1.96514368e-04  7.33868547e-05
 -4.83514948e-04 -1.28269159e-03  9.65147396e-04 -4.50910867e-04
  8.43381951e-04  3.47019161e-03  3.42414845e-04  2.89606914e-04
 -2.07758460e-03  6.02681883e-04 -2.96269854e-04  2.85292631e-03
  1.44159609e-04  4.25013956e-05 -1.17621570e-03  1.37076296e-03
 -2.22330922e-04  1.59613769e-04 -5.55835140e-04  1.95636650e-03
  9.54532805e-04 -8.43380520e-04  4.54067782e-04 -6.59225612e-04
 -2.53137786e-03 -3.69937089e-04  1.85452077e-03 -2.11684510e-03
  1.50899167e-03  2.00286250e-04  2.09128952e-03  2.29944932e-03
 -8.27109552e-04  1.47599936e-03 -6.05531110e-04 -4.91999626e-04
  4.45459012e-04 -6.87651479e-04 -1.71498059e-03  3.52355771e-03
 -8.13777893e-04  1.02137592e-03  6.17561552e-04  1.28262753e-03
  1.20287792e-03 -1.19514766e-03  2.04336337e-03 -9.14128394e-04
  2.28343626e-03  1.45217422e-03  1.14646170e-03  2.75185953e-04
 -1.25886957e-03  1.56945688e-03  3.95511005e-04 -1.24266359e-03
  1.28619615e-03  2.21999860e-03 -1.50770959e-03 -1.42007258e-03
  6.04710681e-04  3.30775412e-03  3.06068179e-03 -8.21777521e-04
  8.38331295e-05  1.11812655e-03 -8.83836997e-04  1.34035814e-03
 -7.34929695e-04  4.50372395e-04 -6.50253918e-04 -2.24404003e-03
  2.57285525e-04  2.10058010e-03  5.07671241e-04 -2.57131498e-03
  5.26992075e-04  2.25938426e-03 -9.83694876e-04  1.27518088e-03
 -8.82117763e-04  1.71868075e-03 -3.61839802e-04 -5.88346490e-04
  1.56066090e-03  3.39999437e-04  7.90971480e-04 -2.04512169e-04
  1.62175788e-03 -1.25502957e-03  2.99506878e-04 -3.63832790e-04
  3.54063319e-03 -1.75500088e-03 -1.16756918e-03 -6.25514319e-04
  8.64440750e-04 -2.42267436e-04 -2.03382771e-05 -9.00171012e-04
 -8.86274425e-05  7.85857217e-04 -6.04507322e-04  2.68524098e-03
  2.86123605e-03  7.00244652e-04 -1.06800127e-03 -7.53897260e-04
  4.52520527e-04 -1.07474980e-03  2.13243166e-03 -1.01360334e-03
  1.31479085e-03  1.99511662e-03 -6.73402762e-04 -1.52355116e-03
  1.00243317e-03 -1.25066208e-03  1.32337435e-04  4.77269122e-04
 -1.45089947e-03  6.65699324e-04  8.66710397e-04 -2.64424241e-04
 -1.13122928e-04  6.57828777e-04 -4.51205580e-04 -1.99272611e-03
 -1.16641293e-03  1.47554862e-03 -1.21911854e-03 -1.20435461e-03
  5.38411489e-04  1.02651366e-03  2.21184023e-03 -1.93799117e-04
 -2.34336536e-03  1.21133922e-04  1.53087798e-03 -1.22799850e-03
 -4.92703763e-04  3.40027418e-05  3.96699093e-04 -3.51374062e-04
 -4.25982215e-04  2.06357695e-03  8.65053323e-04  1.95511128e-03
  1.49084006e-03 -1.06404201e-03 -4.44343179e-04 -8.97447192e-05
 -1.60109716e-03 -9.71013265e-04  1.24496342e-03 -1.10661546e-04
 -5.36822967e-04 -9.79015446e-04  2.55698184e-03 -1.27875273e-03
  2.04480243e-03 -4.99062960e-04 -1.12815909e-03 -1.94246958e-04
  2.84010500e-03 -8.02746513e-04  4.67204828e-04  2.08328000e-03
 -6.29717527e-04 -5.45870800e-04  6.95344157e-05 -1.26697974e-03
  4.01081509e-04  2.15532876e-03  3.73061175e-04  2.42565310e-04
  3.47857829e-03  2.47839696e-03 -1.99636010e-03  4.03509998e-04
 -7.55834557e-04  6.48127359e-04 -1.33377652e-04  1.03478668e-03
  1.72436363e-03  9.50826648e-04 -6.11832735e-04  3.24462038e-03
  6.22148639e-04  7.17027604e-04  2.48566433e-03  1.70990372e-03
  1.52448917e-03 -5.54667183e-04  2.93160232e-03 -2.26723772e-03
 -7.29647267e-04  1.53277196e-03  3.05010175e-04  3.19871459e-04
 -4.35202278e-04 -5.36981911e-04 -1.02000046e-03 -1.40276510e-03
  7.81765549e-04  7.49980931e-04 -1.24340836e-03  6.51225630e-04
 -3.39192244e-04 -7.77782932e-04  1.21341323e-03 -5.65286194e-04
  1.53471646e-04  5.91540896e-04  5.37205877e-04  2.39950569e-04
  1.23617351e-03  2.14959874e-03  1.26868490e-03 -3.06442109e-04
 -3.58302176e-05 -2.84588683e-03 -6.21296928e-04  6.18449197e-04
 -9.22373106e-04  1.41141528e-03  1.07762630e-03  5.29252087e-04
 -1.08780229e-03  3.89836263e-04  2.35707677e-03  3.21896467e-04
  9.86422974e-04  1.62743014e-03 -2.48894652e-06 -6.81931074e-04
 -4.22685813e-04  1.48383835e-03 -1.68295400e-03  9.07121474e-04
  3.43561946e-03 -1.50227884e-03 -1.56287294e-03 -1.00224455e-03
  1.51699189e-03  5.48707580e-04 -2.41157733e-04 -1.45298536e-03
  7.43187208e-04  1.94510347e-03  1.60292201e-03  1.34274436e-04
  4.03510952e-04  1.65031989e-04  2.38632358e-03  1.67555587e-03
 -5.13221280e-04  2.01307677e-03  4.40796849e-04 -6.67999983e-04
 -1.97111744e-03 -1.53177387e-03  1.56523300e-03  2.96438181e-03
  1.35500264e-03  4.12342363e-04  1.32383715e-03  2.17169909e-03
  1.06054150e-03 -4.00711828e-04  2.09525225e-04  1.04921518e-05
 -1.92311059e-03  1.41026696e-04 -1.09371101e-04 -2.69767304e-03
  2.19999790e-04 -9.