[0.51993505 0.37520042 0.20805397 0.10939592 0.57156369 0.0174961
 0.76675446 0.75989128 0.19958446 0.29191576 0.33532041 0.12786865
 0.27844176 0.43921909 0.47135117 0.19539526 0.53327176 0.35821108
 0.91880824 0.45279608 0.52401423 0.99438207 0.38303714 0.38670926
 0.97910189 0.13124339 0.70047024 0.89672946 0.91020308 0.04388336
 0.23584778 0.72113673 0.58195954 0.99878902 0.88212207 0.16079329
 0.69257844 0.3998432  0.30046522 0.47715986 0.20035112 0.2656692
 0.17148143 0.18688307 0.7136525  0.37917425 0.96077852 0.84954852
 0.65672681 0.16727075 0.93408649 0.40487336 0.21838455 0.75009502
 0.76327904 0.83605234 0.52977074 0.10413543 0.97329601 0.34887882
 0.92710127 0.04984454 0.92146729 0.66764535 0.01553941 0.9940713
 0.48457112 0.29561044 0.72230567 0.12434857 0.74934121 0.64774676
 0.27124671 0.86845981 0.35680346 0.89842628 0.87891895 0.90967116
 0.89939453 0.62599408 0.09646434 0.29415308 0.31588489 0.95885202
 0.68837248 0.01151235 0.26587716 0.01963957 0.68412214 0.68459246
 0.17348094 0.28903014 0.36872668 0.79857705 0.26334262 0.91315871
 0.30094945 0.74950519 0.35564373 0.02789555 0.00319384 0.89053319
 0.31708437 0.5450049  0.18448812 0.98327566 0.48248764 0.65918389
 0.08811099 0.7490265  0.49945027 0.07032764 0.01111735 0.09011112
 0.19940618 0.35304589 0.98699541 0.43472276 0.83854622 0.46104793
 0.05471398 0.3052621  0.77844364 0.53275056 0.41315234 0.91186896
 0.78225866 0.11107155 0.50720586 0.3211764  0.53860335 0.10017789
 0.49308799 0.68027913 0.73607061 0.46247657 0.012237   0.3091006
 0.92940457 0.36674298 0.89036525 0.23856135 0.02882787 0.27330762
 0.72838763 0.98160228 0.22777327 0.47043162 0.41597308 0.96432642
 0.8340725  0.21569289 0.38019261 0.62280921 0.07476993 0.57867969
 0.46229574 0.95288663 0.34909395 0.42310165 0.10713303 0.25294684
 0.84913808 0.24240856 0.76044063 0.18324742 0.80255494 0.4921095
 0.18270755 0.52238462 0.27441904 0.61366482 0.60047717 0.96051588
 0.39714135 0.24353015 0.47613922 0.43794531 0.41733249 0.43610973
 0.58720092 0.84353655 0.98007853 0.86655715 0.98884319 0.29352183
 0.33603902 0.14391661 0.3789426  0.82829943 0.13926867 0.00739678
 0.03611299 0.66152857 0.70306694 0.34542473 0.98654093 0.67264103
 0.36367772 0.56888234 0.51428106 0.40067769 0.55806714 0.27341279
 0.78738813 0.74474385 0.84537124 0.30225228 0.52874431 0.69698551
 0.09501107 0.03897191 0.50562009 0.08718992 0.68147185 0.60085078
 0.75032863 0.78291007 0.83168822 0.95034057 0.35432516 0.69547912
 0.0915933  0.69463591 0.4797193  0.57079069 0.00122963 0.11134585
 0.55333485 0.15624819 0.14884439 0.27956778 0.65658865 0.79358429
 0.83038076 0.33137917 0.84579082 0.19978791 0.85485051 0.05580796
 0.48078631 0.02229114 0.27270617 0.87730257 0.40016019 0.72541287
 0.84801656 0.40051359 0.56506261 0.6307495  0.73983716 0.46404435
 0.97013311 0.15695613 0.35419941 0.66813586 0.28717067 0.05206407
 0.20162923 0.60188598 0.43401918 0.25263626 0.98253246 0.39494268
 0.4747274  0.12880096 0.98831278 0.50931557 0.86790961 0.36941578
 0.35963109 0.52633086 0.63897479 0.38017615 0.08084749 0.47867735
 0.51316909 0.3379976  0.40265629 0.6352133  0.84444765 0.4405332
 0.06505222 0.26231082 0.30264843 0.20912086 0.68949431 0.15014882
 0.55789015 0.50148467 0.96221036 0.84280607 0.82886108 0.10260153
 0.48095505 0.44734003 0.64610769 0.62644537 0.96966451 0.99860183
 0.84577166 0.41681825 0.43335889 0.43988173 0.40933504 0.27107881
 0.02508738 0.96763113 0.28265231 0.1107126  0.05074347 0.9386214
 0.02747907 0.74190208 0.48051641 0.82748345 0.88214969 0.53577373
 0.29563462 0.21800531 0.28059223 0.76796739 0.80457523 0.0981768
 0.59930789 0.90641012 0.77242428 0.47543836 0.06440768 0.85330651
 0.40477575 0.82781828 0.35869828 0.08215349 0.8761473  0.2674317
 0.4049595  0.87797296 0.0063417  0.64040894 0.19496145 0.31493262
 0.01525902 0.07562104 0.89285956 0.11088866 0.43361786 0.182751
 0.68372632 0.44288056 0.65540124 0.75365391 0.25776468 0.63205023
 0.49548075 0.2015926  0.08556179 0.90625063 0.21499914 0.88566882
 0.93772749 0.84764244 0.40864535 0.36424591 0.58358951 0.37186791
 0.74453434 0.06940401 0.66808371 0.60192395 0.07523718 0.07879942
 0.49778463 0.39497782 0.8535063  0.58143098 0.42408033 0.14581195
 0.53044923 0.32297486 0.60350437 0.04855842 0.35662192 0.42249724
 0.57910126 0.85137932 0.95910822 0.82301685 0.02997137 0.07960717
 0.67434289 0.76004321 0.50450038 0.77727183 0.38325511 0.57291831
 0.9746134  0.24155868 0.94950537 0.65497754 0.86661765 0.56265498
 0.49327572 0.67617419 0.35327251 0.00147381 0.59729305 0.98725631
 0.03437024 0.13001692 0.09146689 0.70184981 0.56516844 0.61193362
 0.77753756 0.67965295 0.07536419 0.64268303 0.82559348 0.36037958
 0.32740032 0.4284503  0.21412911 0.2964946  0.40526536 0.09650698
 0.59014981 0.44724004 0.16445875 0.88778133 0.31062266 0.33356663
 0.72649897 0.13361489 0.56834556 0.98227156 0.72178541 0.03601348
 0.4886249  0.74435198 0.11440272 0.98723692 0.59924325 0.70253433
 0.02222134 0.00315317 0.31193898 0.67010691 0.17357419 0.0502858
 0.10094113 0.40499524 0.0716103  0.03325289 0.13871814 0.56452042
 0.47275817 0.62479748 0.98943424 0.40930286 0.64042676 0.89619783
 0.27866591 0.85732095 0.2202847  0.21438732 0.39672907 0.58565009
 0.42676411 0.34356976 0.26758701 0.07890199 0.15826211 0.5303653
 0.60468324 0.01397005 0.7324723  0.37878847 0.71992867 0.28167294
 0.31912912 0.25923591 0.09872506 0.56004182 0.74310562 0.2453271
 0.4196722  0.17455161 0.38933603 0.54174416 0.54716606 0.24679496
 0.81954755 0.78967137 0.89146558 0.35896347 0.89757898 0.04877453
 0.9623073  0.77983906 0.18593326 0.91241547 0.40577942 0.15785471
 0.0088625  0.51053953 0.22451535 0.73924158 0.53124292 0.42141896
 0.47639172 0.99702906 0.58148046 0.97526558 0.0090779  0.11217647
 0.11920164 0.06161137 0.19055226 0.70177146 0.36644196 0.13758456
 0.18952485 0.30608885 0.8916729  0.37725238 0.76279893 0.06956878
 0.54083203 0.19727454 0.48378828 0.81545616 0.5298133  0.49605012
 0.60575239 0.48230925 0.42212138 0.05929233 0.5070