[-7.12641332e-04 -3.12979427e-03 -8.56568688e-04  2.90679134e-03
  3.40058086e-04 -3.34803468e-03 -9.47219310e-04  3.79076256e-03
  8.83522179e-06  2.29088100e-03 -5.17818719e-04 -3.36922344e-03
 -1.52967822e-03  2.45141140e-04 -2.29129533e-04 -3.36918529e-03
 -4.83665387e-05  1.46735054e-03  1.70493026e-03 -1.88131772e-03
  7.06076234e-04  2.18169245e-03 -3.71400991e-03  2.02850284e-03
  3.35170321e-03  2.73139743e-04  1.81866144e-03  2.23700481e-04
 -3.05430504e-03 -3.08438820e-03  4.04271761e-05 -1.75320180e-03
 -9.96619561e-04 -2.56830511e-03 -2.25778588e-03  2.36822658e-03
  3.81772393e-03  4.68284191e-03 -5.66195430e-03  1.05417061e-03
  2.93122440e-03 -1.04175949e-03 -1.00429800e-03 -2.85888336e-03
  1.16300027e-04 -5.02262855e-04 -2.45788772e-03 -2.02179219e-03
 -1.35013406e-03  2.88111711e-03  5.09905626e-05  1.87243533e-03
  7.39745822e-04  1.26194869e-04  2.69669299e-03  6.97542776e-04
  4.68001068e-04  4.17888881e-03 -2.51861144e-03  1.11634705e-03
 -3.01888575e-03  2.44178366e-03 -3.63237110e-03 -3.75846198e-03
  9.89536071e-04 -3.93487619e-03  1.81646984e-03 -2.36358131e-03
 -1.12531260e-03 -2.82008619e-03 -1.29651247e-04  4.65065940e-03
  1.32871238e-03  1.99961574e-03 -4.83056501e-03  3.14078717e-03
  1.64431039e-03  2.50694507e-03 -5.15355876e-03 -2.68088806e-03
  4.54959195e-03 -8.93131866e-04 -5.34771286e-04 -2.98827810e-03
 -2.33362211e-03 -1.96950562e-03  1.54303420e-03 -4.34427430e-03
  2.07522541e-03  3.70914248e-04  4.78990268e-03  5.72216607e-04
  2.38294638e-03 -1.30321511e-03  2.60027488e-03 -9.38875956e-04
 -2.18585650e-03 -1.07942360e-03  2.27889182e-03  3.51587565e-03
 -2.80241742e-03  1.30695607e-03 -1.79933416e-04  4.40586683e-03
 -2.36564703e-03 -3.26607283e-03 -1.88063404e-03  8.73434516e-04
  1.77142959e-03 -2.79774007e-03  4.23752828e-03 -3.41008262e-03
 -1.99871910e-03  1.18333185e-03 -1.00323126e-03 -1.77431812e-05
  1.05404857e-03 -3.83574545e-03 -1.18427868e-03 -2.41892947e-03
  3.40979861e-03  3.38989286e-03  1.96655547e-03  2.14221780e-04
 -3.14988354e-03 -3.53942885e-04  1.86468228e-03 -3.10600828e-04
 -3.90397517e-03 -2.64827450e-04 -2.40457648e-03 -1.92963622e-03
 -2.01233572e-03 -8.85035985e-04 -1.83329682e-03 -1.45227488e-03
 -1.39733990e-05  3.08995667e-03  7.89130404e-04  2.35035786e-04
  6.40717741e-04 -8.28001916e-04  2.74725664e-03 -1.68951914e-03
  5.78035324e-04 -2.58840415e-03 -2.44311864e-03 -1.59159224e-03
  2.08553110e-03  1.35388889e-04 -2.23796270e-03  1.83857548e-03
  1.27498887e-03 -2.04722074e-03  1.30081219e-03  1.70555513e-03
 -1.27720860e-03  5.54230837e-04  1.82492166e-04 -3.33779886e-03
  3.24668357e-03  3.27655048e-03 -7.76643289e-04 -6.91196267e-04
 -4.46214324e-04 -3.68859070e-03 -1.76977214e-03 -1.68744505e-03
 -2.05200070e-03 -1.14571101e-03 -4.02874514e-04  5.00600070e-04
 -1.91028597e-03 -1.07171023e-03 -4.05406150e-03 -7.70564830e-06
  1.74576309e-05 -1.04174359e-03 -5.06045121e-03 -2.62442464e-03
  1.67678868e-03 -2.83048771e-04 -2.18708304e-03  5.13417156e-04
 -1.85753621e-03  1.19014168e-03  4.47154651e-03  2.88461180e-03
 -2.56151288e-03 -1.05887894e-03 -9.05759070e-04 -8.33757772e-04
  1.23027502e-03  1.14596400e-03 -1.45020524e-03 -2.51896687e-03
 -3.76457655e-03  4.50886407e-03 -1.68628301e-03 -1.23390349e-03
 -1.28771679e-04 -1.78147857e-03  2.26295506e-03  8.38469618e-05
  1.03165111e-03  2.27096348e-03 -2.04890814e-03 -4.21622516e-04
  5.87035149e-05 -2.72178811e-03 -1.05489257e-03 -2.29066624e-03
 -3.23396368e-03 -8.58028900e-04 -5.33696001e-04 -2.57179699e-03
 -1.97742272e-03 -2.42396566e-03 -2.06913490e-03 -9.08073072e-04
 -2.30682470e-03  3.24380629e-03 -3.97803697e-03 -1.84745018e-03
  3.56388995e-03 -1.34267917e-03  2.32525339e-04 -3.96876559e-03
 -2.33060277e-03  2.14989324e-03  7.63998687e-04  1.40886591e-03
 -3.38472746e-03 -4.10182291e-03  4.14637708e-03 -2.15759368e-03
  5.38022398e-04 -4.55572467e-03  5.85061751e-04 -1.19956600e-03
  2.10113581e-03 -6.23177916e-03  1.37237220e-03 -9.34935581e-04
 -7.71289746e-05  2.08656831e-03 -9.38877625e-04  2.63147749e-03
  2.72272835e-03 -4.25985752e-04  3.61744897e-04 -1.98667890e-03
 -2.91269837e-03  9.75045848e-04 -5.97129486e-04 -4.25315489e-04
  2.82494246e-03 -1.64938038e-03  1.15011335e-03 -9.19804863e-04
 -3.73286551e-04  3.41895689e-03  4.67720470e-03  3.44548030e-03
 -2.45127964e-05 -2.64836063e-03 -1.20643917e-03 -3.31059728e-04
 -1.78133170e-04  1.23549867e-03 -1.47179528e-03 -1.42193705e-04
 -9.04570546e-04  3.22349917e-03  2.79389671e-04 -2.16385418e-03
  7.79190235e-04 -8.02874421e-04 -1.99505536e-03  2.40341988e-03
 -3.02260680e-04 -3.54914346e-03 -2.43599981e-03  9.41409307e-05
  9.81275908e-04 -8.00560579e-04  1.72304151e-03 -4.23784265e-03
  2.99013646e-03 -1.16635763e-03 -2.99161197e-03  4.84001577e-04
  1.66631848e-03  4.78481780e-03 -1.38092922e-04  1.47296788e-03
 -1.35376512e-03 -5.23888361e-03 -9.79997694e-04 -2.26469868e-03
  5.53186905e-04 -4.01258367e-03  1.74581542e-03 -4.56287203e-04
 -1.68525738e-03  8.15478567e-05  1.02307607e-03 -5.00780910e-03
  3.92535904e-04  2.16878698e-03  9.17744626e-04 -9.87950992e-04
  1.66201502e-03 -2.93705451e-03  8.77132127e-04  1.11909392e-03
  2.23713818e-03  1.93459324e-03  3.37663091e-03  1.50576834e-03
 -6.26592465e-04 -4.07714271e-03 -3.13430792e-03 -3.70976912e-03
  1.14940931e-03  6.55260661e-05  9.56079645e-04 -4.62610345e-03
  2.74962855e-03  3.46969010e-03 -4.11452316e-04 -3.74231590e-03
  2.73073466e-03  3.13669664e-04 -1.28541665e-03 -2.60070872e-03
 -1.62467315e-03  1.03257626e-03 -3.71904393e-04 -1.15544511e-03
  5.20636295e-04  3.96182343e-04  1.43958053e-03  2.62470880e-03
  1.64744412e-03  2.89088343e-03 -1.52360961e-03  4.35032328e-03
 -2.48701718e-03 -2.72412529e-03  2.62921115e-03 -3.63772210e-05
 -6.57581718e-04 -2.20065704e-03  8.45242119e-04  3.87778996e-03
 -1.10610457e-03 -3.14051134e-03 -3.54904704e-04  2.28088640e-04
 -4.43968914e-03 -2.81400004e-03 -2.10931957e-03  5.06391606e-05
  3.29550274e-03 -6.23527965e-04  3.23273287e-03 -1.55986234e-05
 -7.13754059e-04 -2.