[-2.64695340e-04 -4.54656189e-04 -1.27674393e-05  5.81563070e-04
  1.74423137e-03 -1.37083660e-03 -9.51480346e-04  3.67970388e-04
 -1.59461673e-03  3.95836049e-04 -1.82603746e-04 -1.37554215e-03
 -4.28744419e-04 -1.91447811e-03 -7.33979218e-04 -1.54748553e-03
 -4.22373992e-04  6.09694990e-04 -7.70460468e-04 -5.43320489e-05
  1.44676264e-04  6.19461309e-04 -1.75178423e-03  2.77656424e-04
  1.68280325e-04 -7.65988669e-04 -1.15522855e-03 -1.22351864e-03
  3.83314404e-05  2.00043251e-03  1.48899081e-03  2.59907726e-03
 -6.42370671e-04 -4.69117654e-04 -1.75115484e-04  1.39876165e-03
 -5.88066358e-04 -5.30344150e-04  8.53802953e-05 -1.35546780e-03
 -7.43954479e-04 -1.61465223e-04 -2.44377679e-03  4.36777585e-04
 -2.76191232e-04 -3.46454135e-04  9.19871375e-04 -1.05517335e-03
  7.78081487e-04  2.80705188e-04  9.98762267e-04  1.66800022e-03
 -1.79002605e-04 -4.25469660e-04 -5.47003701e-04  1.09895974e-05
 -4.58288305e-04  5.02912089e-04 -1.19880343e-03 -1.38013260e-03
  1.48638819e-03 -5.09295937e-04  8.75103583e-04 -2.90283161e-04
 -3.73341800e-05  1.09607447e-03  5.94360906e-04 -1.05929767e-03
 -6.95148032e-04  1.51775733e-04  5.67141010e-04 -1.92981004e-03
 -8.07077544e-04  9.15085564e-05 -1.16322944e-03 -7.84043864e-04
  8.28326520e-04  2.23532571e-03  6.21517386e-04  1.94722670e-03
 -1.10423039e-03  2.61860617e-04 -1.00944801e-03  1.76849618e-03
 -1.02498687e-03 -1.95962613e-03 -1.71038678e-04  1.40170689e-03
  1.54928593e-03 -4.50948895e-04  1.04246609e-03  5.34724500e-04
 -9.33850959e-04  1.70009770e-05 -1.14746881e-03 -1.26056454e-03
 -3.47898983e-04  2.37095457e-04 -3.05000502e-04  1.52133131e-04
 -5.98356042e-04  6.84035788e-04  8.00468176e-04  2.99999714e-04
  1.05218093e-03  3.20647901e-04  1.10649210e-03  1.80055784e-03
  5.38430020e-05  4.07564396e-04 -1.64262888e-03 -1.26426888e-03
 -1.23522760e-03 -1.47757541e-03  1.18185969e-04 -4.70842496e-04
  9.40677171e-04 -1.43955078e-03  5.24789192e-04  1.94736649e-05
 -1.26157163e-03 -1.14722815e-03  8.40396170e-04  6.12786143e-04
 -1.29122973e-03  5.82681780e-04 -2.19124169e-03  2.72606236e-04
 -5.19244129e-04 -1.42917642e-03 -1.60579910e-04 -9.71249045e-04
  7.12191464e-04 -1.96323163e-03 -1.67968033e-03  6.03227253e-04
 -2.96914610e-04  1.28253704e-03  4.06709522e-04  3.04646594e-04
 -7.47228359e-04 -1.24422108e-04 -3.03912368e-04 -3.43828158e-04
 -6.12000704e-04  9.58733246e-04 -1.68622194e-03  1.93677740e-04
 -9.53392282e-04  1.90977790e-03  3.03281559e-05  6.20485821e-04
 -5.61238122e-05 -2.77326277e-03  2.34823611e-04 -6.00806018e-04
 -1.57901524e-03 -1.48753889e-05  1.35363079e-04  8.88492769e-04
 -1.67757842e-03  5.80729053e-04 -4.27930920e-04 -4.43938786e-04
  1.03461269e-03  1.91207080e-03  1.42957430e-03  1.16687652e-03
 -1.39279366e-03 -7.30149653e-04  6.15535771e-05 -1.30143924e-03
  1.11599994e-03  9.96637025e-04  3.43124312e-04 -1.92236139e-05
  8.70756583e-04  5.32796302e-04 -7.36762963e-04 -7.84198214e-04
  1.48891737e-05 -8.30358101e-04 -5.21543269e-04  1.22878081e-03
 -3.24868704e-04  1.00534092e-03 -2.88147604e-04  1.03703983e-03
  1.95070360e-03 -1.24148481e-03 -1.77678562e-04 -1.59307439e-03
 -3.42154204e-05  6.43193447e-04 -7.58355244e-04 -5.37945202e-04
  1.01173046e-03  3.57765494e-04 -2.52706121e-03 -5.59424169e-04
  4.02920418e-04 -8.67187822e-04 -2.22961623e-03 -5.44173487e-04
  9.90143619e-05 -3.33876934e-04 -1.46228304e-03  8.64614908e-04
 -4.85173118e-04  1.52827115e-03  8.53209783e-04 -6.25694645e-04
 -2.70679669e-03  1.70423669e-03 -2.67127532e-04  1.08717523e-03
 -1.14799976e-03 -4.58562665e-04  1.45922895e-03  1.21271808e-03
  7.39223086e-04  1.06496604e-03  5.02682909e-04 -1.42957454e-03
 -3.35934663e-04 -1.02496041e-03 -1.98494261e-03  2.14944903e-04
  1.36825625e-03  6.23284190e-05  1.22382434e-03 -5.18667434e-04
 -1.49359930e-04  2.49331450e-04 -1.39522905e-03 -1.13049793e-03
 -1.86451490e-04 -8.95473479e-04  9.41544176e-05  3.93508194e-04
  2.35082625e-04  1.52983928e-04 -1.71227033e-04 -2.51550031e-05
 -3.29159771e-06 -5.39976680e-04  6.07942152e-04  8.19886648e-04
 -6.17493283e-04 -5.35530753e-05  4.83999252e-04 -2.77542746e-05
  1.16777922e-03  4.64167232e-04 -1.51086415e-03 -1.22571567e-03
  3.06364751e-04 -7.66354237e-04  3.21403769e-04 -1.77155810e-03
 -4.24021544e-04  7.86460041e-04  7.28555910e-04  1.43878213e-03
 -1.11223013e-03  3.46886373e-04  4.97531058e-04  1.78624395e-03
  7.46399302e-04 -2.63381535e-04 -9.25316259e-04 -8.48578404e-04
 -1.00970758e-03 -1.80091657e-03  4.35675234e-04  6.28491405e-04
  8.68106809e-04  4.11685438e-05  2.66378754e-03 -1.65604301e-03
  1.54168269e-04  2.34823134e-04  1.25344023e-04 -1.25011726e-03
  4.78661777e-04 -1.48203763e-03 -6.22691968e-04  3.71224782e-04
  5.49561063e-04  1.37601742e-03 -1.65493757e-04 -5.94745880e-04
  9.51109169e-05 -7.05696495e-04  1.92226602e-05  5.51424073e-04
 -3.33718533e-04  1.48608146e-04 -6.50459139e-04 -2.30057674e-03
 -1.74290999e-03  2.70620102e-04 -6.74378692e-04  2.84042827e-03
 -5.68166252e-04 -4.62659323e-04 -8.77198604e-05  8.42100359e-04
 -1.12774596e-03 -5.15226365e-04  9.21612057e-04 -1.00322871e-03
  1.43999390e-03  1.86849629e-03  5.14897023e-05 -8.15462272e-04
 -4.19349198e-04 -9.14289400e-06 -8.70738822e-04 -7.66355429e-04
  1.58572877e-03 -2.60662846e-04  2.28778715e-04 -8.49596723e-04
 -5.91097795e-04  1.00502188e-03 -7.60196123e-04 -2.93110262e-04
  7.61043361e-04 -2.62335905e-04 -4.05546062e-04 -2.98115710e-04
 -1.69389538e-04  3.71999502e-04 -8.13780482e-04  1.79002127e-04
 -1.80776757e-04 -1.11223180e-03 -6.25808126e-05 -4.42578393e-05
  1.51848916e-03  6.88940851e-04  2.96699536e-04  1.70957852e-03
  7.58352237e-04  1.32293590e-04  7.85066103e-04  1.53278169e-03
  2.20017529e-03  2.40689092e-04 -3.57883248e-04  9.07405657e-05
 -1.07642930e-03  7.75533887e-05 -2.18324462e-03  1.80998751e-03
  3.72093814e-04 -1.67895944e-04  1.74893852e-03 -1.77041379e-04
 -2.29200006e-03  2.31902952e-04 -5.44852285e-04  2.01472788e-04
 -6.95948151e-04 -2.72242581e-05  3.00681223e-04 -3.59127038e-04
  1.78958020e-03  4.