[0.         1.         1.         0.         1.         0.
 0.         1.         1.         1.         1.         0.
 0.         0.         0.         0.         1.         0.
 0.         0.         0.         1.         1.         0.
 0.         0.         0.13435794 0.         0.         0.
 1.         0.         0.         1.         1.         0.
 1.         0.         0.         0.         0.         1.
 0.         0.         1.         0.         1.         0.
 0.04818167 1.         1.         1.         0.         0.
 0.         0.         1.         0.         1.         0.16458909
 0.         0.         0.         0.         0.         1.
 0.         0.         1.         0.         1.         1.
 0.         0.58433436 1.         0.57524533 0.         0.
 0.         0.         0.         1.         1.         1.
 0.         0.         0.         1.         0.         0.
 0.         0.         1.         0.         0.         0.
 0.         0.         0.         0.52250406 1.         0.8914599
 0.         0.         0.         0.         0.         0.
 0.         0.         0.         0.         0.         0.
 0.         0.         1.         1.         1.         1.
 1.         0.         1.         0.         0.         0.
 0.         0.         0.         1.         1.         1.
 0.         1.         0.         0.         1.         1.
 1.         1.         0.         0.93230068 0.         0.
 0.         1.         0.44007456 0.         0.         0.
 0.         0.         0.         1.         0.         0.
 0.         1.         0.         0.         1.         0.
 0.         1.         0.         1.         0.         0.
 0.         0.         0.         0.         0.         0.
 0.         0.         0.         0.         0.         0.82582878
 0.         0.         0.         0.         1.         0.
 0.         0.         1.         0.         0.31494462 0.
 0.         0.         0.         0.         1.         1.
 0.         0.         0.         0.         0.         1.
 0.         1.         0.         0.55375893 0.24793001 0.
 0.         1.         0.         0.         0.         0.
 1.         0.         0.         1.         0.         0.
 0.         0.         0.         0.         1.         1.
 1.         0.         0.         0.         0.         1.
 0.         1.         0.         0.         0.         0.
 0.         1.         0.         0.         0.         0.
 0.         0.33596192 0.         0.         0.         1.
 0.         0.         0.         0.         1.         0.
 1.         0.         1.         1.         0.         0.
 0.         0.         0.         0.         0.         0.
 0.         0.         0.         1.         1.         0.
 1.         0.         1.         1.         0.         0.
 0.         0.         0.         1.         1.         1.
 0.         1.         0.         1.         1.         1.
 0.         0.         0.         0.         0.         0.
 0.4730564  0.         0.         1.         1.         0.
 0.54152237 0.         0.         0.         0.         0.
 0.         0.         0.         1.         0.         0.
 0.22637467 0.         0.         0.         1.         1.
 0.         0.         1.         0.         1.         0.
 1.         0.         1.         1.         0.         0.
 1.         0.         0.         0.         1.         0.
 0.         0.         0.         0.         0.         0.
 0.00506687 1.         0.         0.         0.         0.
 1.         0.         0.         0.         0.         1.
 0.         0.         0.         1.         1.         0.
 1.         0.         0.         0.         1.         1.
 0.         0.         1.         1.         1.         0.
 1.         1.         0.         0.         0.         1.
 0.         0.         1.         0.         0.         0.
 0.         0.         0.         0.         0.         1.
 0.         0.         0.         1.         1.         0.
 0.         0.         1.         0.         0.         0.21174747
 1.         1.         1.         1.         0.         0.99235034
 0.         0.         1.         0.08460293 0.         0.
 1.         0.         0.         0.         0.         1.
 0.         0.         1.         0.         0.         0.
 0.         0.         0.         1.         1.         1.
 0.80346009 1.         0.         0.         0.         0.
 0.         0.         0.         0.         1.         0.
 0.         0.         1.         0.         0.         0.
 1.         1.         0.         0.         0.         0.
 0.         0.         0.         0.         0.         1.
 0.         1.         0.         0.0832631  0.         0.
 0.         0.61512768 0.11014839 0.         1.         0.
 1.         1.         1.         0.         0.         0.
 0.         0.         0.61033261 0.         1.         0.
 0.         0.         0.         0.         0.         0.
 0.         1.         0.         1.         0.         1.
 0.         0.         0.         0.         1.         0.
 0.         1.         1.         1.         0.         1.
 0.         1.         0.         1.         0.         1.
 0.         0.         1.         0.         0.         0.
 1.         0.         1.         1.         0.         1.
 0.80051052 0.         0.         1.         0.         0.
 1.         0.         0.         0.         0.         1.
 0.         0.         0.         1.         0.04236454 0.
 0.         0.         1.         1.         0.         1.
 1.         0.         1.         1.         1.         0.
 1.         0.         0.         1.         1.         0.
 0.         0.         0.         0.         0.         0.
 0.         0.         0.31216908 1.         0.         0.
 0.         1.         1.         0.         0.86827063 0.
 0.         0.         0.         1.         0.         0.
 0.         1.         0.         0.         0.         0.
 1.         0.         0.         0.         0.         0.112