[ 5.60931182e-04  1.58564136e-03  1.00224100e+00  2.10638975e-03
  1.00495824e+00 -3.73597873e-03  1.02645882e-03  3.92879194e-03
  1.00448847e+00  1.46861965e-03  1.00274709e+00  2.76757718e-03
 -7.76399785e-04  1.00374765e+00  1.52999211e-03 -2.63684378e-04
  1.03562013e-01 -1.10136415e-04 -4.84286745e-03  1.00262896e+00
  2.42462092e-03  1.78411020e-03  1.00230664e+00  1.86816463e-03
 -1.14685440e-03  4.88868501e-01 -1.39139797e-03  1.00251390e+00
  2.77157465e-03 -4.18734310e-04 -3.03957981e-03  7.29021528e-04
  4.90558311e-04  3.40428817e-04  1.00389340e+00  4.82848051e-03
  1.00257330e+00  1.00147453e+00 -7.66165823e-04 -1.80912820e-03
  1.00381054e+00  5.24143811e-04  1.00136605e+00 -4.56067413e-03
  1.00376063e+00  1.00285486e+00 -3.62332212e-03 -1.35461674e-03
  1.00321925e+00  4.25973154e-04  1.58027424e-03  5.42923274e-04
 -4.38895076e-03  1.50938468e-03  9.99894131e-01  1.00166972e+00
  1.21429904e-03  6.42146706e-01  9.99810355e-01  1.00452159e+00
  1.00468746e+00  1.35110850e-04  1.06131609e-03  4.08499230e-01
  1.99272626e-03  2.62053840e-04 -1.63195062e-03 -5.81274815e-03
  1.00440137e+00 -2.48134172e-03  7.57211929e-04  1.00203385e+00
 -8.14997620e-04  2.27744886e-04  1.00523302e+00 -7.88993741e-04
  1.00397413e+00 -6.54049864e-04 -3.15836386e-03 -2.14156844e-03
  1.00164849e+00 -1.55233460e-03 -2.05780272e-04  4.38099392e-01
 -1.13688908e-03  1.00217674e+00  9.98261042e-01  2.65672630e-04
 -3.96518766e-03  1.00127168e+00 -9.10101247e-06  1.00419269e+00
 -1.78470662e-03 -7.90696607e-04 -2.50920913e-04  1.00246018e+00
  1.00418773e+00  1.00168143e+00 -3.52403617e-03  2.40145224e-03
 -3.30442105e-03  2.07513203e-03  1.30612961e-03  2.39016234e-03
 -1.06700900e-03  1.40084388e-04  1.00510013e+00  1.00438790e+00
 -1.05294083e-03  2.18324028e-03  1.00292273e+00  1.76817551e-04
  1.00434465e+00 -5.84417397e-03  1.63211957e-03  8.04775193e-04
  1.00200661e+00  1.00322613e+00  1.64664884e-03 -2.38195976e-03
  1.00000750e+00 -1.07622579e-03  3.18955393e-03 -6.50232893e-03
  1.00373915e+00  2.33205497e-04  2.01437604e-04  1.00134124e+00
  7.49276686e-01 -2.52869082e-03  1.00236903e+00  1.00466611e+00
  3.00061258e-03  2.74916820e-03 -5.92345586e-03  4.44704844e-04
  9.41411720e-04  1.00593586e+00  1.79847636e-03  1.00273758e+00
  5.69288113e-01  1.93033296e-03  1.00519809e+00  1.00153835e+00
  6.45326669e-01  1.00625388e+00 -2.01580370e-03  1.85684532e-03
 -4.52342958e-05 -2.54666193e-03 -4.15901364e-03  2.73703232e-03
 -1.50370596e-03  5.87129953e-01 -4.13714645e-05  6.86214343e-04
  1.00464824e+00  7.15139326e-04 -2.47188554e-03  8.27666032e-04
  1.00260945e+00  3.00572888e-03 -2.38658179e-04 -1.94398267e-04
  2.84422964e-01  1.00727831e+00  1.00216852e+00  1.70819742e-04
  1.36928260e-03  1.88640540e-04 -3.02837418e-03  1.00070758e+00
  6.11169932e-04 -4.02856477e-03  1.95312522e-03  1.00234795e+00
 -3.69362866e-03  5.18723931e-04  2.53836947e-03 -3.49658569e-03
 -2.84138291e-03 -9.70006230e-03  1.00236691e+00 -1.95701919e-03
  2.68440205e-01  1.00635335e+00 -2.21399258e-03  1.07876883e-03
  1.00256782e+00  7.71039340e-04 -1.96606574e-03  3.80019485e-04
 -2.82177907e-04 -2.35488595e-03  1.35262629e-03 -7.27030119e-03
  1.00251821e+00  1.00153915e+00  1.00178082e+00 -1.32668067e-03
  1.00593671e+00 -5.72349822e-04 -3.62901683e-03  1.00744759e+00
  1.33692250e-03  1.00396193e+00 -2.08110001e-04  1.15527792e-03
  1.00480867e+00  3.97020041e-01  1.00372200e+00 -1.19247212e-03
  4.41514377e-04  1.00345761e+00  1.71031579e-03  3.73779437e-03
  2.60992561e-01  6.86845900e-04  1.00254671e+00 -1.33205463e-03
  1.00204338e+00  1.95486626e-04  1.00027027e+00  1.00309826e+00
  5.44123733e-04 -5.15507672e-03  3.19560619e-03 -3.36538693e-03
  1.00139493e+00 -2.64302515e-03  1.00370981e+00  1.00294576e+00
  2.13709185e-03  1.00422700e+00 -1.81935494e-03  1.00520727e+00
 -5.67752387e-03  6.36944463e-04 -5.31752092e-04 -1.94929317e-03
 -4.60233214e-03  1.47852194e-01 -8.88574505e-04  1.00184576e+00
  1.00097745e+00 -4.57152465e-03  2.19194106e-04  1.95783948e-04
  1.00138414e+00  1.71966805e-03  2.04879702e-03  1.00054880e+00
  1.00131752e+00  4.99403076e-01 -1.75077387e-04  1.00441337e+00
 -2.94611345e-03  6.21163670e-04 -1.67480359e-03  3.73141099e-04
  2.29169411e-03  1.03833360e-03  8.65184960e-04 -9.94159395e-04
  1.00408919e+00 -1.81365877e-03  1.00287211e+00  1.71074930e-03
  2.06974239e-03  1.00173410e+00  1.13361175e-03 -2.59354845e-05
 -1.34979674e-03 -2.40077099e-03  1.00129656e+00 -7.25246977e-03
  2.30984312e-03  1.00377126e+00  1.38154500e-03  1.00192923e+00
  2.60388835e-03 -5.61440157e-04 -5.45647263e-03 -1.07294769e-03
 -2.77353719e-04  1.00348873e+00  2.74804364e-03  1.00207791e+00
 -6.61102866e-04  2.36464206e-03  4.80882353e-04  1.00261449e+00
  1.00255030e+00  1.00600009e+00  1.00292096e+00  2.10493506e-03
 -1.23253405e-03 -1.13087947e-03 -3.03079374e-03  5.18351249e-04
 -4.62830199e-03 -6.62230520e-03  1.00155133e+00  1.00047957e+00
  3.53013961e-04  4.08167236e-03  1.00542528e+00  4.96535499e-03
  9.52747651e-01 -1.13874539e-03  1.00376963e+00 -4.29911168e-03
  2.63752694e-03  3.11524991e-04 -1.08133199e-03 -8.85168327e-04
  1.00319615e+00 -1.58199895e-03  1.11939362e-03 -2.47936357e-03
 -2.84373303e-03  1.00018537e+00  1.00362062e+00 -3.11597604e-04
  1.00304743e+00  1.00404910e+00  1.00467613e+00  3.14614477e-03
 -3.21507949e-03  6.03857158e-04  1.22171734e-04 -3.20406298e-03
  1.00492012e+00 -1.43865250e-03  6.71883402e-04  1.00251240e+00
  1.00444475e+00  5.14878557e-04 -1.96847042e-04  1.74258999e-03
 -8.63786781e-04 -3.13953728e-03  1.00372197e+00 -2.02626981e-04
 -5.78025860e-03 -3.70336028e-03 -1.57217457e-03 -2.92775271e-03
  2.28565840e-03  1.00614582e+00 -3.72024445e-04  6.74020038e-04
  3.47218663e-03 -4.30185518e-04  2.98767878e-03  1.00331611e+00
 -9.70287747e-04 -1.04660364e-03 -1.96965448e-03  1.00312365e+00
 -5.10784974e-03 -1.17593219e-03  1.01151372e-03  1.00339437e+00
  1.00128751e+00 -2.09684211e-04  1.00488051e+00  1.94779846e-03
  2.92718445e-03 -1.