[-1.66394459e-03  5.78571667e-03 -1.25542150e-03  9.78080499e-04
 -1.28761787e-03 -1.18755993e-02  2.58562307e-03  1.00483594e+00
  5.57870937e-03  1.00667482e+00  8.87426493e-03  1.01119672e+00
 -6.32817322e-03  8.44159542e-03 -5.68210936e-03 -6.39918246e-03
 -6.39130027e-03  1.00784171e+00  1.00336771e+00  1.00567474e+00
 -3.26409360e-03  3.61411933e-03 -7.90608146e-03  2.35455120e-03
  2.13554569e-03 -2.28549337e-03 -1.64684244e-02  8.65656794e-03
  4.25031175e-03  1.72584052e-03  3.62899655e-03  1.00929142e+00
 -1.04490548e-02  1.01149603e+00  9.96163493e-04  1.01638229e+00
 -1.29703202e-03  1.00644517e+00  3.21462034e-03  3.08851603e-03
 -9.15947642e-04  4.32412451e-03  1.00820811e+00  1.01187766e+00
  2.52575019e-03 -6.79689396e-03 -4.28333784e-04 -1.45123839e-05
  1.51999775e-03  7.77166971e-03  1.00288481e+00  5.74915426e-03
  8.62583508e-03 -3.79326940e-03  1.00645654e+00  7.29385605e-03
  4.13134393e-03  8.83136833e-03  9.99142587e-01  3.63212762e-03
  6.67482273e-03 -5.57800229e-05  1.00676256e+00  1.00489955e+00
 -6.06236078e-03  1.00813916e+00  4.88940251e-03  4.00978072e-03
  1.00496483e+00  2.41595092e-03  4.00966445e-03 -1.37508205e-03
 -4.09837370e-04 -9.41174348e-04  5.99025455e-04  1.00797098e+00
 -6.44304295e-03  1.00463061e+00 -2.48007051e-03  6.18720874e-03
  8.04790584e-04  1.25634944e-03  1.35085400e-04  3.31628188e-03
 -2.70394246e-04  1.00852239e+00  3.37748734e-03  2.34243700e-03
  5.86410561e-03  1.15368657e-02 -1.46057549e-02  2.22760303e-01
  1.55206186e-02  8.93916818e-04  1.00766034e+00 -2.58424202e-03
  1.01398294e+00  1.00140722e+00  4.61082877e-03 -1.76628794e-03
  1.00625013e+00  1.24816541e-03 -4.77435049e-03  1.28777805e-03
 -3.63723929e-03 -4.40470041e-03  1.00370720e-02  6.72063184e-04
  2.43801391e-03  3.40813038e-03 -1.08390491e-03 -1.13742808e-03
  1.01007240e+00 -1.02994770e-02  9.83874737e-04  1.00905525e+00
  4.25135656e-04 -5.17658042e-03 -3.01053736e-04  1.00298932e+00
 -1.13263821e-03  9.20825785e-03  1.00777408e+00 -1.43781447e-02
  2.69391975e-03 -1.89738166e-03 -2.03292501e-02  3.25597594e-03
 -9.54562004e-03  1.07033920e-04  1.00865692e+00  1.00714394e+00
  1.00543085e+00 -1.16666667e-03  1.00951293e+00  1.00065642e+00
  1.00823717e+00  7.19632837e-03  1.00802127e+00  2.37773254e-03
 -5.25737506e-03 -1.02496016e-03  1.00734969e+00  2.76777825e-03
  2.86617920e-03 -7.24707880e-03  5.57243044e-03  1.00304092e+00
  1.01810997e+00 -1.18629923e-03  3.12667463e-03  9.14483389e-04
  6.37424198e-01 -7.41346012e-05  1.78923620e-03  1.01790889e+00
 -7.17495145e-03  1.00879897e+00  8.05411927e-03  1.01111295e+00
 -4.49438107e-03 -2.57751786e-03  1.01222095e+00  6.48518608e-03
  1.00433277e+00 -6.64677589e-03  7.01612227e-01  1.01395682e+00
 -5.11903986e-03 -7.95207923e-03  4.29966365e-03  2.02498627e-04
 -9.15220769e-03  1.00250256e+00 -2.45765119e-03  1.00306167e+00
 -5.29598958e-04  1.01352531e+00 -8.92074488e-03 -4.44496378e-04
  7.84291729e-03  4.34142134e-03 -6.40031570e-03  1.00680604e+00
  1.00387180e+00 -6.20944996e-04 -8.45978817e-03  2.79338316e-05
  1.00847228e+00 -1.09589998e-02  1.00692788e+00 -2.48765885e-04
  5.43719282e-03  1.00569244e+00 -7.04682939e-03  7.49825613e-03
  7.26348247e-03  8.34108531e-03  7.31983029e-03 -4.96741023e-03
  6.98160446e-03 -4.18932434e-03 -3.58374189e-03  1.82406413e-03
 -4.25138049e-03  1.01147678e+00 -1.80105650e-02  1.00330859e+00
  1.01259096e+00 -1.03459764e-02  6.72705714e-04  3.94325530e-03
  4.23695451e-03 -2.39149572e-03 -1.44632901e-02  1.01355383e+00
  6.29785557e-03  4.34328602e-03 -1.21533498e-02  8.81234968e-03
  1.40836510e-03 -8.72213047e-04  1.51736367e-03  2.18041237e-03
 -3.58124938e-03  1.00452266e+00 -6.70857207e-04  3.28737559e-04
 -3.26347400e-03 -5.45251469e-03  5.23579923e-03 -4.90689091e-03
  2.85504907e-04  3.23675602e-03  3.36906870e-03  1.00677469e+00
 -2.85951610e-03  1.00761892e+00  3.04487179e-03  1.00181512e+00
 -3.31460972e-03  1.62931663e-03  1.00119400e+00  1.00520691e+00
  2.49712290e-03  1.00538650e+00  1.00889631e+00  2.86667006e-03
  5.87908591e-03  1.00682778e+00  1.01162560e+00  5.18088538e-03
  1.00670935e+00 -1.39591942e-03  1.00666361e+00  4.24432285e-03
  1.00903888e+00  1.01657904e+00 -9.57561047e-03  1.00747336e+00
 -5.83046654e-03  1.44666392e-03 -6.72643053e-03  2.51963474e-03
 -6.39095559e-03  7.66585784e-03  2.50587553e-03  5.51928275e-03
 -6.84842602e-03  1.00673309e+00  1.01180139e+00  1.00328165e+00
 -6.63479285e-04  6.20984925e-01  1.01103082e+00  1.00308959e+00
  1.00568563e+00  2.56013051e-03  1.00553661e+00  1.41065292e-03
 -3.55340406e-04  1.00883533e+00  9.23806900e-03  1.00659317e+00
  1.00864215e+00  1.01302076e+00 -1.39516781e-02  9.99184113e-01
 -1.75515862e-03  1.00997302e+00  1.00558381e+00  1.09845426e-02
 -2.52070348e-03  4.21602723e-03  1.01402194e+00 -1.71243974e-03
  6.71025085e-03 -2.13713184e-03  1.33402488e-03 -4.96128030e-03
 -3.82472540e-03 -2.20458554e-06  1.00988067e+00  1.00878688e+00
  4.21487603e-03  1.00568876e+00 -8.54787715e-03  4.37600910e-03
 -4.79301537e-03  1.55345652e-03  1.00565596e-02  8.20833316e-03
  9.98811495e-01  1.00769896e+00 -7.66372779e-03 -4.89801898e-04
 -6.83676976e-03 -1.81162787e-03  1.00550148e+00  1.00661608e+00
  9.43982447e-03  1.15635739e-03 -1.79471924e-02 -1.05392443e-04
  7.65662812e-03 -2.88304071e-03  4.14691603e-03  1.65402480e-03
  1.52609373e-03  1.27727421e-03 -5.22530966e-03 -4.68516756e-03
 -5.30878102e-03  2.01143060e-03 -2.35870036e-04  1.01217723e+00
 -1.05771578e-02  3.54457896e-03  1.42093696e-04  3.52706017e-03
 -3.07044674e-03 -3.83813297e-03  6.74144107e-03 -3.45206531e-03
  1.01133534e+00  5.04360076e-04  1.62676581e-03  9.03264605e-03
  1.00248571e+00  1.00687800e+00  1.00586379e+00  5.42603412e-03
  1.00654293e+00 -2.76051684e-03 -1.23100321e-02 -6.05529478e-03
 -1.14805862e-02  3.46994669e-01  2.01097620e-03  5.76334365e-03
  1.75436178e-03  1.00452128e+00  9.99991603e-01  1.00560823e+00
  5.13746507e-03  8.32204408e-03  5.53660900e-03 -2.64223697e-03
  1.01705436e+00 -6.