[ 2.57002808e-03  1.01006414e+00  1.00397100e+00  4.52161471e-03
  1.00378039e+00 -6.62694158e-03 -5.50283091e-04  1.00984008e+00
  1.00454867e+00  1.00682529e+00  1.00471118e+00  5.96892867e-01
  1.28437032e-03  2.87406513e-03  2.81266213e-03  1.11461921e-01
  1.00665189e+00  4.72552680e-03 -2.71166583e-03  3.62674897e-03
  3.23350610e-03  1.00652832e+00  1.00158930e+00  1.55069077e-03
 -9.81198347e-04 -4.29829838e-03  1.31746480e-03  1.73831141e-03
  3.34750147e-03 -7.25861994e-03  1.00100375e+00  2.89890176e-03
  2.59316930e-03  1.00191778e+00  1.00616254e+00  4.31347304e-03
  1.00744455e+00  2.13362622e-03 -1.28691100e-04 -2.55974429e-04
  5.86612268e-03  1.00634060e+00  4.36319937e-03 -7.29675059e-03
  1.00672374e+00  4.25368678e-02  1.00110334e+00 -9.55177404e-03
  1.86872881e-02  1.00603065e+00  1.00680379e+00  1.00338894e+00
 -1.28562202e-03  5.55026455e-04 -4.53036257e-03  2.00031892e-03
  1.00234912e+00 -1.17954617e-03  1.00039412e+00  1.94493215e-03
  5.03948866e-03 -1.80164333e-03  5.23937188e-03  2.99663561e-03
  2.56764350e-03  1.00422373e+00 -7.14563177e-03 -9.32970396e-03
  1.01332574e+00 -3.78636719e-03  1.00362994e+00  1.00502040e+00
  1.53974133e-03  2.07222269e-01  1.00750713e+00  7.16936364e-01
  6.67569041e-03  1.97349162e-03 -3.95908216e-03 -6.57655979e-03
 -2.41534574e-03  9.95432086e-01  1.00355403e+00  1.00315703e+00
 -9.83303719e-04  3.24563261e-04 -1.75506478e-03  1.00323433e+00
 -1.19671795e-03  6.48332703e-04 -2.39554588e-03  3.76525335e-03
  9.95793529e-01 -4.32167516e-03  1.14907011e-04  1.19068174e-03
  7.00773465e-03  2.96590038e-03 -7.83091954e-03  4.26773780e-01
  1.00232211e+00  7.31086582e-01  6.14993601e-03  8.06662220e-03
 -3.22982100e-03  1.63893422e-03  1.98826169e-01  4.23252193e-03
 -2.45743201e-03  2.96150932e-03  3.35449239e-03 -1.80206186e-04
  7.87803250e-03 -6.03799399e-03  7.49637032e-04  3.35346100e-03
  1.00155477e+00  1.00671731e+00  1.00630402e+00  9.97160724e-01
  1.00418535e+00 -2.81064080e-03  1.00692592e+00 -6.86063657e-03
  2.79509834e-03  1.33449585e-03 -4.49916545e-04  2.28788813e-03
  2.20317587e-03  1.00143686e+00  1.00364114e+00  3.49452095e-01
  7.81591236e-03  1.01000859e+00 -1.26520544e-02  5.59707045e-03
  1.00247139e+00  1.00697447e+00  1.00778802e+00  1.00229119e+00
  5.06301241e-03  6.66583962e-01  3.03712821e-03 -1.48022562e-03
  4.00101834e-04  1.00879434e+00 -1.30873327e-03  3.14997508e-03
 -1.69720375e-03 -8.45301618e-04 -9.40560814e-03  1.62796491e-03
 -2.05929109e-03  1.00438926e+00  3.67497502e-03  1.29819604e-03
  4.95888430e-03  1.00033014e+00 -6.02866319e-04 -2.53597803e-03
  1.00182348e+00  1.45155791e-03 -7.04099357e-04  1.00566710e+00
  1.96754347e-03  1.00844438e+00  4.94315406e-03  3.32317837e-03
  4.97931709e-05  1.67869858e-03 -5.03713450e-03 -1.75514181e-03
  4.72560435e-03 -3.45579754e-03  2.70504280e-03 -1.17909384e-03
 -3.98684331e-03  1.66605520e-03  2.00572741e-03  9.97729247e-01
 -1.33003756e-03 -1.33160165e-02 -1.65847065e-03 -5.71626887e-04
  1.00918875e+00  6.78995682e-03  2.75522938e-04 -4.76421155e-03
  1.00151353e+00 -9.63741897e-05  2.38395606e-03  2.18166930e-03
 -3.40509459e-03 -7.63859215e-03  7.75021703e-04 -7.88118754e-03
  1.00434960e+00  1.00073240e+00  6.43434106e-04 -1.24567396e-03
  6.14897082e-03 -4.18189845e-03 -8.08753334e-03  1.00974139e+00
 -1.20278419e-03  1.01265293e+00 -5.82912365e-04  2.72512887e-03
  6.29156154e-01 -7.83475197e-04  2.48146185e-03  1.00029556e+00
 -2.68100411e-03  1.19923296e-03  1.63519236e-03  7.90226804e-03
  1.00589012e+00  1.57412227e-03 -2.46972269e-04  9.99718956e-01
  3.92341932e-03  2.04807340e-03 -1.91410935e-03  8.84889643e-04
 -4.24177902e-03 -2.84141158e-03  1.00736079e+00  1.00185627e+00
  1.00335757e+00 -1.70827650e-03 -1.02636530e-04  6.84678372e-03
  7.68957704e-03  1.00989136e+00 -9.39220781e-04  1.00861371e+00
  2.73185295e-04 -3.67232528e-03 -1.96911277e-03 -3.85350146e-03
 -9.10529216e-03  1.00077517e+00 -1.06302221e-03 -7.53886034e-04
  6.46109085e-03 -4.33346753e-03  6.14202447e-05  1.00349245e+00
  1.81352407e-03  1.73574577e-03  3.92238364e-03  9.98655165e-01
  2.71609179e-03  3.71326396e-04 -3.06730898e-03  1.28662538e-04
  1.00162070e+00 -4.27628866e-04  9.96493833e-01  2.16836794e-03
  1.00215868e+00  1.00408337e+00 -1.47761192e-04 -1.56713649e-03
  2.29449371e-03 -4.67252258e-03  6.13341351e-03  6.78125997e-03
  5.44920635e-03  1.86282264e-03 -2.67889432e-03  3.01803283e-03
 -1.76340058e-03  1.00207378e+00  1.00269265e+00 -1.26028928e-02
  1.00689492e+00  4.78006371e-03  1.00489118e+00  1.00371341e+00
  4.57529442e-03 -1.72940831e-03 -4.45999052e-03  8.03023551e-04
 -2.75371851e-03  1.00965978e+00  1.00372883e+00  1.00406062e+00
  6.80988994e-04  1.00604931e+00  4.23969187e-03  1.00349099e+00
  1.00035663e+00  1.00505249e+00 -5.61510218e-04  2.96379719e-03
 -4.01540664e-03 -1.12433682e-03 -4.15785124e-03  9.80515470e-04
  5.80431553e-01 -1.24218407e-02  2.91208365e-04  1.00369644e+00
  9.98621995e-01  3.55962395e-03  1.00476042e+00  5.30157658e-03
  3.12298869e-03 -3.19722652e-03  1.37454485e-03 -1.04878862e-02
 -2.20741214e-04  4.62953388e-04 -9.75503391e-04  9.89070286e-01
  3.60209220e-03 -1.62430143e-03  2.16581816e-03 -2.15949576e-03
 -1.79595044e-03 -3.52468422e-03  1.00938680e+00  1.00172380e+00
 -2.54369835e-03 -1.58024226e-03  1.00798221e+00  5.87542622e-03
  1.00032955e+00 -4.87179072e-03  1.00579324e+00 -5.52728597e-03
  1.00828943e+00  1.00279761e+00  1.79756718e-03 -1.48604811e-03
  1.00488326e+00  3.52651117e-03  2.81981443e-01  2.33505304e-03
  9.99555614e-01 -4.71657158e-03  6.37605028e-03 -2.51756945e-03
 -4.61475692e-03 -7.77032398e-03 -4.00389834e-03 -2.32012320e-03
  6.33104056e-03  1.01037111e+00 -5.33856555e-03 -2.94400826e-03
  6.12232934e-04  3.02526937e-04  1.00854480e+00  3.26700297e-04
 -6.09929952e-03 -4.36237671e-03  3.70629234e-03  1.00717666e+00
 -4.78768534e-03 -5.92577320e-04  4.99345960e-03  9.99088292e-01
  1.00486106e+00 -2.40099303e-03  1.00865698e+00  1.61727088e-03
  6.72978258e-03 -6.