[ 1.01442954e+00 -6.19133229e-03 -6.07762053e-04  1.01432318e+00
 -6.69534554e-03 -9.19245305e-03  1.01580298e+00  1.01563132e+00
 -6.06132493e-03  3.41276307e-03 -4.47076712e-03 -1.99337640e-02
 -1.04943477e-03  1.01569903e+00 -1.43189382e-02 -1.38789843e-02
  1.02157523e+00  1.04901179e-02  1.07906908e-02  1.02705944e+00
 -2.14073983e-03  1.09448429e-02  4.02374247e-03  1.01474339e+00
 -9.81134075e-03  6.90321071e-03 -1.15802827e-02  1.02337865e+00
  1.01305139e+00 -6.21811966e-03  1.02072228e+00  1.01688702e+00
 -1.65020866e-02 -5.76007621e-03  1.02912208e+00  1.01651505e+00
  1.10488828e-02 -8.84690756e-03  1.01950350e+00  6.16971327e-03
  1.59244641e-03  7.27355743e-04  1.01338398e+00  1.01624785e+00
 -6.93924852e-03  1.03046689e+00  1.02146447e+00  6.61710438e-03
 -1.71188248e-03  1.18018942e-02  1.17453463e-02  1.02250329e+00
 -1.69288853e-02  1.01896593e+00  8.67299065e-03  1.01347224e+00
  4.29985406e-03  6.10326552e-03  1.30906848e-03  8.27983390e-03
  8.02674587e-03 -1.32801108e-02  2.04797251e-03  1.01332585e+00
  1.09237942e-02  5.16892040e-03 -2.65836837e-03  6.76684310e-03
  1.01269793e+00  6.29420924e-03  1.01458553e+00  1.87299738e-03
  1.24277630e-02  9.56901480e-04  1.01857076e+00  1.15579091e-02
  8.59338527e-03  1.41694546e-03  1.01296713e+00 -5.32105939e-03
  8.63689314e-03  1.01751838e+00  1.01388847e+00  6.11470685e-03
  1.01550343e+00  1.01322232e+00  2.05822299e-03 -5.96417695e-03
  8.66340964e-03  1.20676893e-02 -1.14105820e-02  1.01388677e+00
  1.02169901e+00 -1.46406252e-03  1.08104802e-02 -5.24629488e-03
  6.39487232e-03 -4.31450475e-03  1.01699530e+00  7.86408502e-03
  3.58013095e-03 -2.53307658e-03  2.60909545e-03  1.20982771e-02
  2.66553177e-03  1.76519320e-03  9.95696819e-03  1.02019826e+00
  1.00806163e-02 -4.06118353e-03  1.01595998e+00  9.21333456e-03
  5.81981948e-03  6.07307551e-03  1.01415058e+00  9.94124165e-03
  4.10124962e-03 -3.71395692e-05  1.01364655e+00  7.43598287e-03
  1.01274016e+00  1.06447590e-02  1.02527081e+00 -4.08308690e-04
 -3.89661026e-03  1.01598301e+00 -2.23241014e-02  4.13423728e-03
  3.06001719e-03 -1.38513180e-03  4.38213397e-03 -3.26935466e-04
  4.20714400e-03 -6.67830903e-04 -8.13754800e-03  1.10857732e-02
  8.62565373e-03  1.02127995e+00  1.01417361e+00  8.70360881e-03
  1.01362902e+00 -2.67187533e-04  6.68740271e-03  1.01449451e+00
 -2.21319588e-03  2.56818957e-03  9.36010714e-03 -2.14801279e-03
  1.25135767e-02  1.02155537e+00  1.01344442e+00  6.48896623e-03
  3.95451824e-04  4.71751780e-04 -1.13468463e-03  8.58889628e-03
 -2.13044333e-02  1.02019616e+00  1.01478660e+00  4.10295533e-03
  2.53912322e-03  1.19183938e-02 -6.65584083e-05  8.04441919e-03
  1.02648316e+00  1.02051033e+00 -2.72120714e-03 -6.06252674e-03
  2.52392703e-03  1.01513979e+00  1.97341780e-05  1.01326447e+00
 -8.13706992e-03  1.01468927e+00  1.22190370e-02  1.03917994e+00
  4.30811287e-03  1.85369915e-03 -1.78115509e-02  1.01263398e+00
  1.01288701e+00  1.01479666e+00 -2.33162229e-03  1.01740070e+00
  1.09835565e-03  1.01695451e+00 -1.39594379e-02  1.01521591e+00
  8.38390682e-03  1.01378006e+00  7.07847580e-03 -5.41184053e-03
  3.68267506e-03  3.35001457e-03 -1.13794446e-02  6.56415264e-03
 -4.40638730e-03  9.34990463e-03  1.01068276e-02  5.54632184e-03
  1.03159634e+00  7.88458362e-03  9.56972369e-03  1.01360846e+00
 -7.06188046e-03  5.30961221e-03 -7.30696362e-03  9.00530399e-03
  1.02375202e+00 -4.78699265e-03 -8.48276326e-03  6.77803816e-04
  1.02568105e+00  1.00459951e-02  5.75153203e-03 -7.15239148e-04
 -1.09722575e-02  5.95392555e-03 -7.07730877e-04  7.59135196e-03
  1.07221836e-02 -6.62899361e-03  1.11476289e-02  4.83094546e-03
  8.22892430e-04  4.04127843e-03  1.19557851e-02  2.88758615e-04
 -2.64266328e-03  1.01821720e+00  4.60401789e-03  6.18878154e-03
  1.13966895e-02 -4.37126096e-03  1.01421338e+00 -1.43190841e-02
  7.98347790e-03  5.88259195e-03  1.02902108e+00  6.96901739e-03
  5.19840371e-03 -3.03458805e-03  1.01345229e+00  6.13875753e-03
  3.27435069e-03  1.19803193e-02  2.83137692e-03 -6.18646478e-04
  5.96603913e-03  1.01708758e+00 -5.31732263e-03  6.18918122e-03
  1.01688236e+00  1.02477386e+00 -5.58701222e-03 -2.21678935e-03
  1.01893632e+00  5.90130164e-03  1.02052785e+00  1.01792035e+00
  1.01575300e+00  1.01499118e+00  1.03686487e+00  1.02035852e+00
  8.78309091e-03  7.15892992e-03  1.13465315e-02  5.83634149e-03
  1.01485750e+00  1.23492714e-02  1.01633609e+00  9.07365393e-05
  1.08463501e-02 -2.20205689e-02  7.61906854e-03  1.01590027e+00
  4.69082393e-03  1.25264016e-02  1.01360204e+00  8.22386364e-03
  3.20674816e-03  3.20237588e-03 -6.92485073e-03  1.02700936e+00
  1.02087008e+00  6.83651307e-03 -2.95147128e-03  1.01740898e+00
  1.02092586e+00  1.02347212e+00  9.16695076e-03  1.01500331e+00
  1.01536420e+00  8.36400597e-03  1.01407877e+00 -1.46320573e-02
  8.88186554e-03  4.81249283e-03 -1.63203155e-02  1.01270759e+00
 -5.56027491e-03  1.02208670e+00  9.95679587e-03  1.01846155e+00
  1.02367200e+00  5.33951238e-03 -1.31310303e-02  9.40387417e-03
 -5.90148392e-03 -2.22190060e-02  1.02088387e+00  6.72380020e-03
 -2.00540344e-04  1.01401053e+00  1.01649734e+00  8.16711798e-03
 -8.99554922e-03  5.38807486e-03  1.84913124e-03 -1.05187820e-02
  1.24789446e-02  1.09495022e-02  7.32105505e-05  6.65334949e-04
  7.03765004e-04  1.01676839e+00  3.05204471e-03  2.74098453e-03
  1.02184962e+00  5.66748231e-03  7.68663239e-03 -3.20611288e-03
  1.01834473e+00  1.02162224e+00  8.14638430e-03  1.20652827e-02
  1.01969488e+00  3.69106801e-03  2.64428999e-03 -1.58373100e-02
  1.02313135e+00  1.02359223e+00  1.13901512e-02  1.01867049e+00
  2.58314035e-03 -2.91414493e-03  6.53818852e-03  1.02687988e+00
  2.67721198e-03  1.02260319e-02  9.48905306e-03  1.13688119e-02
  1.10742166e-02  4.21930417e-03 -6.10316867e-03 -3.35305166e-02
 -7.25293247e-03  1.43108209e-03  7.93935338e-03  2.74263779e-03
  1.01270657e+00  1.13880988e-02 -1.36919453e-02 -9.59475740e-03
  1.14524161e-02  1.13158190e-02  1.02609481e+00  1.01554099e+00
  1.18083549e-02  6.