[-4.99544749e-03 -2.98624075e-03  1.76612539e-03  6.27736872e-04
  7.30843514e-03  3.20304932e-03  6.01100957e-03 -7.28516667e-03
 -3.23577482e-03 -5.18003386e-03 -1.53912971e-02  8.08120346e-03
 -2.06910995e-03  1.87935363e-03  1.23140131e-02  8.76845765e-03
  5.82343210e-04 -8.92056914e-04 -6.77954517e-03 -1.14588519e-02
  1.88764279e-03 -1.00238095e-02  7.87323538e-03  8.38042717e-03
  2.38427871e-03  5.79629563e-03  1.85772197e-03  1.18713774e-02
  1.10229139e-02  2.31046096e-03  9.41219393e-03  1.82477187e-03
 -4.26666667e-03 -1.38158782e-02 -2.12211972e-03  2.32879581e-03
 -5.59326491e-03  1.01825146e+00  9.00466612e-03  3.60421053e-03
 -4.05062669e-03  2.24896782e-03  4.52125044e-03  3.41682833e-03
  1.54598236e-03  1.34107143e-02 -2.18720539e-03  5.07560131e-03
  4.34721775e-03  1.93694007e-02 -4.34985454e-03  1.01852600e+00
  7.24857952e-03  8.87200101e-03  4.86993154e-03 -9.45324790e-03
  1.06137315e-02  2.10289083e-03  1.50877128e-02 -3.72210526e-03
 -5.07174648e-03  4.44479299e-03  8.34432618e-03 -5.04327947e-03
  4.51601284e-03  1.03380402e-03  2.83734078e-03 -7.49904907e-04
 -3.21632587e-03 -7.52529479e-03  6.45677512e-03 -2.70165091e-03
  8.28165871e-03  6.78118597e-03  1.01387107e+00  1.01695546e+00
 -9.48553288e-03  5.81902630e-03 -7.43925887e-04  1.36038043e-02
  7.41595313e-03  2.28389095e-03  1.04160464e-02  1.01581113e+00
 -8.69530656e-03 -9.70150027e-03  5.02532195e-03  9.54053954e-04
 -3.58435876e-03 -4.23665744e-03  1.88920216e-02 -1.21201271e-02
  9.30589149e-03  4.52704577e-03 -6.84673260e-03  1.81494949e-02
  7.08012032e-03  1.30635504e-02 -1.10614160e-02  1.01277133e+00
  6.29680307e-03  6.17385623e-03 -2.56015717e-03 -5.18384447e-04
 -1.75642428e-03 -4.07425214e-03  1.16023571e-02  1.14147368e-02
  3.08699397e-03 -4.68731089e-03  1.55277152e-02 -1.70513475e-03
  2.72369264e-03  2.09395051e-03 -5.06173115e-04  4.62377717e-03
 -2.03196863e-03 -6.23432228e-03  7.14848236e-03 -8.68592641e-03
 -7.36808952e-03 -3.00053324e-03 -2.57081155e-03 -7.37821092e-03
 -9.44549156e-03 -7.43542065e-03  1.94568421e-02  9.11733204e-03
  5.05472098e-03 -6.61240495e-03  6.28021804e-03  9.49820137e-03
 -3.85570311e-04 -7.22627314e-03 -5.31987656e-03  5.12797946e-03
 -7.20545278e-05 -4.37780112e-03  7.99553656e-03  5.86768611e-04
 -2.29354302e-03  4.13497899e-03  2.80368990e-04 -5.05408174e-04
  3.41164021e-03 -1.13528184e-02 -5.37538024e-03  1.81850049e-02
 -1.18316227e-03 -1.10513599e-02  4.21681116e-03  2.47604704e-03
 -1.34835279e-03  8.61604389e-03 -1.81740196e-03  5.35381035e-03
 -7.57405652e-04 -1.19892179e-03 -8.33876050e-03 -1.33223192e-03
  9.56198298e-03 -2.06402797e-03  8.58685418e-03  1.19162709e-02
  5.12340929e-03 -8.44817927e-03  3.10781345e-03  8.61224405e-03
  2.44631579e-03  8.03166861e-03  2.73922816e-04  5.67771841e-03
  1.87410703e-03 -6.23432228e-03  3.38864645e-03  5.12688522e-03
 -3.86546576e-03 -1.51879299e-02  1.29777679e-02  1.01997270e+00
  3.76833783e-03  9.61360309e-03  1.01385255e+00  1.16831647e-02
  6.26722767e-03 -5.29165969e-03  1.04174057e-02  1.05170399e-02
  8.27230195e-03  2.80959920e-03  2.31732137e-03  8.21731373e-03
  5.51218682e-03 -6.49324258e-03  2.97666942e-03 -1.20018978e-02
 -5.11969301e-03 -1.17010859e-02  7.52830756e-03 -5.11577771e-03
 -3.02115138e-03 -1.93118288e-03 -3.18045144e-03  2.79906064e-03
  1.09209980e-02  6.84381821e-03  1.23249964e-02  1.01368073e+00
  2.10436394e-03 -6.40501604e-03  7.22526316e-03  1.01599597e+00
  3.83456535e-03  7.85545923e-03 -4.21069187e-03  8.14362220e-03
 -1.09004845e-02  6.19075388e-03  5.96210526e-03  1.83643426e-03
  1.41280002e-03  1.57216865e-02 -8.06458942e-03  1.24238883e-02
  2.98947368e-04  1.32756202e-03 -3.87062631e-03 -4.56107197e-03
  1.39740635e-03 -1.26279762e-02  1.24552987e-02 -1.41939527e-02
  7.98133723e-03  5.54226327e-04  1.01987020e+00  1.38340374e-02
  9.90202924e-03  6.12124151e-03 -1.81970331e-03  3.67011093e-03
  1.02407948e+00 -2.23249939e-03  1.95185896e-03  1.15656371e-02
  2.50560311e-03  1.45582140e-02 -2.41946719e-03  9.02699203e-03
  1.42166111e-02 -1.07858397e-02  1.01731971e+00 -4.81606901e-03
 -1.90493697e-03  1.13676495e-02  2.95097006e-03 -6.42000962e-03
  1.08482576e-02 -9.06949463e-04  5.76079569e-03  1.05778125e-02
  4.13499835e-03  7.79422572e-03  8.76673574e-03  1.12327679e-02
 -1.50401627e-04 -1.16378947e-02 -2.75886525e-04 -3.24254854e-03
  1.08482576e-02  5.72354910e-03  4.75853751e-03 -2.34261204e-03
 -3.04171648e-03  6.80995281e-03 -4.77621507e-03 -7.89636150e-03
 -2.52193392e-03 -4.52128868e-03  5.23585791e-03  4.90517743e-04
  4.92470380e-03  1.09387849e-02 -3.25222758e-03  7.61422289e-03
 -5.41166146e-03  9.76481738e-03 -9.61127296e-03 -8.01834630e-04
 -8.35524099e-03 -1.26012447e-02  4.30820238e-03 -8.26716924e-03
 -1.53471276e-02  9.68948825e-03  1.31870493e-03  1.02213390e+00
  5.63989560e-03  7.85521709e-03  1.48142507e-02 -4.15278553e-03
  1.95628835e-02  4.54818870e-03 -4.14981495e-03 -6.92400432e-03
  4.32491881e-03  3.69730392e-03  1.39162677e-02  5.20926079e-03
  5.26058129e-03  6.32150905e-03  6.60323732e-03 -5.74534799e-03
 -1.11308192e-03  4.86463796e-04 -1.17407503e-03 -8.05152298e-03
  5.40782321e-04 -3.55742887e-03  2.06130696e-03 -1.12332513e-03
  9.43825666e-03  4.89461012e-03  1.01591291e+00  9.58883072e-03
 -7.80263445e-03  1.01674105e+00  1.24049967e-02 -6.90718905e-03
  5.05609488e-03  3.87734214e-03  4.08534962e-03 -1.26717437e-02
  8.04531013e-05  1.07914080e-02  1.85930209e-04  2.24812516e-04
 -4.76329842e-03 -3.19146667e-03 -1.57391682e-03  8.65270059e-03
  2.97319327e-03 -4.69246758e-03  3.86970597e-03 -9.63048688e-03
 -1.15273446e-02 -1.79345759e-04 -1.59780313e-02  7.69537873e-03
  3.53149401e-03  9.67589452e-03  7.37724716e-03  1.01662953e+00
 -6.97486493e-03  4.15468697e-03  1.43943705e-02  7.66161072e-03
 -4.37514308e-03 -1.06644638e-02  1.47647518e-02  2.50805378e-03
 -2.54882349e-03  5.93684211e-04  1.05609063e-02  5.70281318e-03
 -3.78560991e-03  4.87902661e-03  4.86901554e-04  1.11473365e-02
  1.41669857e-02  2.