[-8.72319698e-03  3.16750346e-03  1.01545465e+00  1.28407376e-03
  7.58755837e-03 -2.34578908e-04  9.77249987e-03  1.01918702e+00
  2.98246097e-03 -6.27229302e-03 -6.17934188e-03 -4.20909291e-03
  3.51077738e-03  1.01722162e+00  4.90307651e-03  1.01714206e+00
  3.12920168e-03  6.55450844e-03  1.70291054e-03 -4.40070550e-03
 -1.11658829e-02 -8.05308903e-03  1.01597591e+00 -2.06983352e-03
  8.98415997e-03 -9.91137597e-03  2.08517281e-03  6.30091187e-03
 -4.50447434e-03  6.92379112e-03  4.04232059e-03  2.77739104e-03
 -7.54753441e-03 -7.78648133e-03 -3.55055032e-03 -1.20142066e-02
  1.01148629e-02 -1.65250779e-03  8.75399767e-03 -5.33775395e-03
  1.31674414e-03 -4.40256528e-03  1.16563416e-02 -1.90020317e-03
 -3.92434600e-03 -8.11874639e-03  1.68814704e-04  3.32722614e-03
 -1.53325416e-02  1.02496688e+00  1.48252632e-02 -8.78899463e-04
  9.82626263e-03  1.01887203e+00  1.46473430e-02 -3.37686039e-03
  6.20475630e-03 -1.47711239e-02  1.31651922e-02  1.20442755e-03
  9.77263158e-03  1.01697454e+00 -1.54008439e-04 -1.14636336e-02
  1.41651029e-02  9.22363257e-03  5.89292240e-03 -1.19454927e-02
  1.01064607e+00 -7.86655729e-03  6.49627256e-03  1.00673684e-02
  1.01533798e+00 -5.58263102e-03  5.44694019e-03 -2.11271344e-03
  1.02004617e+00 -2.20650843e-03 -1.25585359e-02  9.03832140e-04
  1.01611506e+00  1.72119259e-03  7.66524796e-03  3.53866862e-03
 -6.39292689e-03 -2.79729244e-03  4.34330590e-03 -1.41332328e-02
  1.01652029e+00 -5.08586667e-03  1.35674739e-02  3.13517457e-03
  2.77341375e-03 -4.21791563e-03  1.15183080e-02  2.21564304e-02
 -3.24909201e-04 -6.30827064e-04  3.54105263e-03  2.77033829e-03
  1.51332209e-02  2.05329485e-03  7.87085438e-03  1.15974297e-02
  4.22520313e-03 -2.91892079e-03  1.59157007e-02  1.17887927e-02
 -1.29724813e-02 -4.82311487e-03  4.50684671e-03 -3.63847596e-03
  1.03070728e-02 -1.28048749e-02  1.19373217e-02 -3.23786359e-03
 -3.66318631e-03  2.64343401e-03  4.81425070e-03 -7.32059448e-03
 -5.77980681e-03  5.74644602e-03 -4.81090760e-03 -1.21908551e-02
  8.98965950e-05 -4.32324907e-04  1.77475530e-02 -6.40651542e-03
 -4.87028622e-03 -1.07287761e-02  2.90432999e-03 -1.10890607e-02
 -3.12227032e-03  5.85448212e-04  9.61026464e-03  3.32033513e-03
  9.85583872e-03 -1.04793898e-02 -6.88649971e-03  2.65252948e-03
  1.01301486e+00  2.52332375e-03 -1.52388994e-02  7.96360437e-03
  2.26313636e-04  5.79488733e-03  7.87821522e-03  2.13286385e-02
 -7.78414903e-03 -2.70966331e-04  2.85049650e-03  7.72226563e-03
 -9.55537888e-03  6.02286719e-04  1.72631579e-04 -4.54184617e-03
 -7.94397759e-03  2.55293744e-03 -1.07482509e-03 -3.30702527e-03
  1.34161647e-02 -1.56291022e-02  3.95564247e-03  4.21441983e-03
 -1.34367997e-02 -1.53065621e-02 -9.13902625e-03  6.92436793e-03
  7.17881940e-03  7.26249726e-03  1.28375372e-02  1.20361231e-03
  4.83322645e-03 -1.31007422e-03  6.54726496e-03 -1.96555769e-03
  6.58964785e-03 -2.24952323e-02  1.01952893e+00  3.05004391e-03
  4.26256741e-03 -8.26602379e-04  4.24527311e-03 -7.58197483e-04
  5.29796393e-03  6.78457726e-03  1.85217709e-02  6.41466885e-03
  1.47522546e-02  3.81300454e-03  1.01793098e+00  4.93829208e-03
 -1.81256947e-03  3.15663426e-03  9.49173295e-04 -3.86627718e-03
 -8.94178754e-03 -9.89061757e-03 -4.68389843e-03 -1.72159586e-03
  8.55425275e-03 -5.28864822e-03  5.21916843e-03 -1.58484211e-02
  1.24230769e-02  4.02467089e-03 -3.78513470e-03  6.37826541e-03
 -3.19754538e-03 -2.28518183e-03  9.68330599e-03 -5.24248931e-04
  6.36635386e-03  1.01482965e+00  6.01920250e-03 -2.18384677e-03
  7.41961443e-03 -1.37588829e-02 -2.51859394e-03 -2.32046042e-02
  4.03648147e-03  1.50126248e-02 -2.31558617e-03  3.02983349e-03
  1.53028177e-02  1.35991250e-02  6.08368263e-03 -9.20701754e-03
  1.26312057e-03 -2.33704586e-03  7.18315789e-03  2.55228044e-03
  7.26142009e-03 -1.87747368e-02  9.05178995e-03  5.03108194e-03
  1.93319005e-02 -4.56055018e-03  7.10462771e-03  4.68694536e-03
  1.02581260e+00 -4.32295515e-03  5.82695716e-03 -5.66562834e-03
  1.00956229e-02 -4.09908711e-03 -4.25943476e-04  3.45890353e-04
  1.34776338e-02  4.81601405e-03  8.32538137e-03  1.53037813e-02
 -7.11044978e-03  2.49211658e-03  1.10236375e-03  1.13167377e-02
  5.96536323e-03 -1.44034836e-03 -4.46637272e-03 -1.89372547e-02
  1.01326443e-02  1.53508811e-02  4.95131451e-04  1.55871306e-02
  1.01475720e+00 -3.56722689e-03  3.04473316e-03  1.36866079e-03
  3.66338147e-03 -1.61342644e-03 -1.85028270e-03 -1.03467472e-02
  1.30111985e-02  9.54297694e-03 -1.34751773e-05  3.39103838e-03
  6.79382994e-03 -7.59345951e-03  1.95709476e-03  2.74683544e-03
  1.28729932e-03 -4.75136199e-03  5.11180919e-03  7.35837177e-03
  7.19105560e-03  1.10934786e-02  1.97322906e-04 -2.05894737e-03
 -9.55799156e-03 -6.82212065e-03  1.92329554e-03  9.11875000e-03
  2.14557921e-03  1.35991250e-02 -5.52910014e-03  6.11369880e-03
  3.17463680e-03 -7.21133819e-03  1.11763015e-02 -1.25778567e-04
 -1.50378691e-02  1.91490391e-03  6.05208880e-03  2.63027072e-03
 -2.03921569e-03  9.81431598e-03  1.02211803e+00  5.21182960e-03
 -9.22168127e-03  2.16975691e-03  1.01334643e-02  7.82955574e-03
  1.04611833e-02  5.09996754e-03 -1.09853001e-02 -4.69878697e-03
 -2.01515054e-03  8.82877745e-03 -5.44959249e-03  1.00822917e-02
  7.12000000e-03 -3.29580485e-03  8.06179929e-03  1.34141414e-03
 -2.02979271e-03  3.77099348e-03  7.54439804e-03 -3.17560280e-03
  6.37650874e-03 -1.10110529e-03  4.21504237e-03 -1.89852632e-02
  4.46433738e-03  5.69216930e-03  5.84185835e-03  2.67053491e-03
  1.31377262e-03  1.47861556e-03 -1.99424538e-02  1.48715928e-02
  1.01681793e+00  4.75613276e-04  1.69127993e-02 -3.36031854e-03
  1.53243496e-03  9.28333230e-03  1.06357895e-02  1.05408623e-02
  3.22314146e-03  1.79041504e-03  5.24793314e-04  1.52604503e-02
 -1.61605960e-02 -1.19506659e-03  1.85190603e-02  3.04734609e-03
  2.92219419e-03  3.40324831e-03 -6.96997728e-03  1.63367785e-02
 -1.05295372e-02  4.87133626e-03  1.01614563e+00  7.64987134e-03
 -8.20096321e-03 -5.78491215e-03  1.19326499e-02  1.75505952e-02
  2.72744050e-03 -6.