[-6.22035148e-03 -3.13229919e-03  5.40360952e-03  3.13165860e-03
  1.01546576e-02 -6.08472401e-04  8.55936533e-03 -1.37694371e-02
  1.03564109e-02 -8.88013232e-04 -1.05019597e-02  1.01359367e+00
  4.50096076e-03 -3.52134845e-04  1.42945515e-02  6.07619048e-03
  2.80836237e-03  9.24426026e-03  2.01674264e-03 -7.30315789e-03
  3.08062827e-03 -1.19663370e-02 -2.90399857e-03  4.67578947e-03
  1.84857394e-03 -3.00653168e-03  3.87730013e-03  1.43164667e-02
 -3.68410161e-03 -7.76382220e-03  1.01400529e+00  1.06417254e-02
 -8.71143230e-03 -9.89699348e-04  1.15348900e-03  1.20531803e-02
  1.03765690e-03  1.21942394e-02  6.29442416e-05  3.32075640e-04
  8.60610526e-03 -9.80161829e-03  3.19215410e-03 -4.21265154e-03
 -5.82182676e-03  8.09834236e-03 -6.59453026e-03  1.61181379e-02
  9.34053679e-03  1.46328692e-02  8.51873055e-03  5.98564907e-03
 -5.68841285e-03  1.75495013e-03 -5.66278239e-03 -2.94082633e-03
  3.53385318e-03  2.04782006e-03  9.95009423e-03  5.49054745e-03
  9.41418285e-03  9.62000605e-03  1.12504406e-02  4.29684211e-03
  1.09342467e-02  1.01350833e+00  9.72845218e-03  4.38684868e-03
 -1.14704436e-02 -7.23790284e-03  8.25390071e-03  5.69023569e-04
  1.54273289e-02 -1.03738326e-02  4.01682780e-03  8.42826877e-03
  5.60099127e-03  1.15315350e-02 -5.66235055e-03  1.17229334e-02
  4.90888795e-03  8.31476998e-03 -8.06105263e-03  4.08502328e-03
  6.83306667e-03  6.64815519e-03  5.24400236e-03 -3.16876417e-03
  1.21474949e-03  1.30448792e-02  2.09596805e-02 -9.92174370e-03
 -2.58005711e-03 -4.36326172e-03  2.86182107e-03  1.33927351e-02
 -1.57873684e-02  5.19803150e-03 -2.77071947e-03  1.01658799e+00
  1.14763429e-03 -6.02066961e-03 -6.28698041e-04  1.02493898e+00
 -5.93565322e-03 -6.66109770e-03  1.70351756e-03  4.38220812e-03
  8.89813333e-03  2.53668763e-04  2.34417397e-02 -1.55452701e-02
  3.96158328e-03 -1.73352304e-02 -2.22498057e-03 -1.38037716e-02
 -1.14391491e-03  1.05500873e-02  3.35119550e-03 -5.69344017e-03
 -6.08115497e-03  5.80080122e-04  8.71592388e-03 -2.30541953e-04
  8.79872002e-04  7.40552491e-04  6.69560271e-03 -4.90886479e-03
 -1.38037716e-02  3.48130550e-03  1.36695792e-03  1.70526316e-04
  2.90736842e-03  7.45731876e-03  7.43490568e-03 -5.59509319e-03
 -5.70586169e-03 -4.16707684e-03 -3.67823413e-03  4.12713643e-03
  8.14452179e-03 -1.86857143e-02 -1.75775585e-02  4.91890634e-03
 -1.18809846e-02  1.06553918e-02  8.80984743e-04  1.20263068e-02
  2.17312391e-03  9.01424230e-03  1.29946446e-02 -3.59920135e-03
  3.58354720e-03 -1.01496384e-02  3.09787764e-03  1.85211456e-03
  1.16513139e-02 -5.13483656e-03  1.29685428e-02  1.01813874e+00
  7.08365875e-03 -1.47157895e-03  8.03450818e-04 -7.85101810e-03
  2.05362906e-03 -2.54796723e-03 -8.18066378e-03  3.89769815e-04
 -5.96330863e-03  1.40109059e-02  8.37261970e-03  6.77758795e-03
 -1.43909445e-02  4.49896432e-03 -6.57352941e-03  8.19849902e-03
  9.64226135e-03 -2.13667225e-02 -3.62045226e-03  5.44449546e-03
  1.50522757e-02  8.26955267e-03  1.21752766e-02  3.91755767e-03
  1.02597450e+00 -5.72421053e-03  1.01589324e+00  1.36070550e-02
  8.61263158e-03  5.34566119e-03  1.14276093e-02  1.02796543e+00
 -9.59383754e-05  3.98313511e-03  9.54846596e-03 -3.97894737e-04
 -7.49612403e-03 -5.15108543e-03  2.14005217e-03 -1.05279461e-02
 -1.18132214e-02 -1.00840776e-02 -1.08240958e-02  2.52510015e-03
  1.39532187e-02  4.18673675e-03 -5.16325791e-03  3.34607399e-03
  9.01685606e-03 -8.15486282e-03 -9.43126503e-03  6.14993813e-03
 -5.37620343e-03 -7.05758383e-04  2.22818653e-03  1.02382008e+00
 -1.62291667e-03  1.84857394e-03  1.25588369e-02 -9.04480811e-03
  9.87093333e-03  1.43493987e-02 -5.38335826e-03  8.13809133e-03
 -5.07826348e-03  8.79784814e-03  4.35967551e-04  8.49261967e-03
  1.59518709e-02  4.72881392e-03  5.70271163e-03  6.13937651e-03
  7.77608962e-03  5.74473358e-03 -1.15229845e-02  9.40702590e-03
  6.03497835e-03 -1.99227316e-03  3.36169468e-03  5.45302113e-03
  2.06826816e-02 -7.49918523e-03 -9.52394352e-05  3.72379051e-03
  9.75175070e-03  1.30689359e-02  1.19755539e-02  1.81330202e-03
  1.44863158e-02  9.80870723e-03  1.53048764e-03  1.04650488e-03
 -1.89901105e-03  1.02479568e+00 -5.29263001e-03 -8.16169446e-03
  6.49402782e-03  1.19536828e-02 -2.98640044e-03 -7.38526773e-03
  2.10255047e-02  7.96787979e-03  3.82208570e-03  1.03872019e-02
  1.98120158e-04  7.27676935e-04 -4.30584708e-04 -4.61312769e-03
  1.61815576e-02 -6.13006316e-03  6.94791667e-04  9.07368421e-04
  1.04067662e-02  3.86290924e-03  1.34994532e-02  5.40005805e-03
  1.17046472e-02 -2.51530345e-03 -2.64794727e-03  1.01707531e+00
 -2.41300776e-04  8.62475754e-05  3.66717915e-04  8.86526316e-03
 -8.31138848e-03  5.25030266e-03  4.54909387e-03 -4.89178403e-04
 -5.18543206e-03  5.38753651e-03  4.14950980e-03  5.45201202e-03
 -9.44530472e-05  1.35470928e-02  5.61698662e-03  1.02980973e-02
 -3.69986179e-03  1.31740953e-02  1.38944203e-02  1.20408091e-02
  5.00474934e-03 -1.83507585e-03  8.29585351e-03 -1.33051296e-03
  5.89346247e-03  6.50057695e-03  1.19389778e-02 -5.34856078e-04
  5.67153522e-03  2.45391905e-02  5.39157895e-03  9.59747490e-03
 -1.47895618e-04 -1.28432351e-02  9.14073466e-03 -1.17758589e-02
  1.06496819e-02  7.54071434e-03  5.34754946e-03  8.36631031e-03
  9.31510982e-03  3.68100287e-04 -1.59638113e-02  4.58326497e-03
  3.60746667e-03 -6.77562508e-03  1.07375266e-02 -2.65450433e-03
  1.44597775e-02 -2.52383894e-03  8.79955754e-03 -8.98775874e-03
 -7.71349755e-03 -1.34626748e-03  7.57736239e-03  1.10066537e-02
 -8.91954763e-03  3.41263158e-03  3.88620640e-03 -5.97446228e-03
  7.56698299e-03 -5.82983119e-03  1.01282971e+00 -2.29264983e-03
 -1.70604320e-03 -3.24510375e-03 -4.94526316e-03 -1.36381617e-03
  3.33659104e-03 -6.28698041e-04 -3.11084267e-03  1.67600000e-02
  1.02284623e+00 -1.13230327e-02  1.42539012e-02 -1.73721989e-03
  2.82659623e-03  1.77317404e-02  1.10223945e-02 -1.02077269e-02
  1.25740285e-02 -8.87447797e-03  8.98789406e-03  6.94199134e-03
  8.46060924e-03 -1.34871024e-02  6.54051099e-03  1.67206679e-02
  7.11083929e-03  1.