[-4.76918589e-03 -1.27988038e-02 -6.23976972e-03 -4.27671818e-03
  4.85195476e-04 -1.31372900e-02  3.48737581e-04  2.40297002e-03
 -2.24043698e-03  1.05995226e-02 -2.51820035e-03  1.55023243e-02
 -3.41770589e-04  6.09960090e-03  1.31780148e-02 -5.77292303e-03
  1.01652693e+00  6.17096929e-03  6.91103983e-03 -9.30105263e-03
 -5.74423923e-03 -1.23232698e-02  2.74116172e-03  1.61425834e-03
  2.90759003e-03  3.05323940e-03 -3.50309738e-03  1.09943388e-02
 -1.26484211e-02  2.92626168e-03 -2.59471282e-03  1.19866315e-02
 -6.73126664e-03 -8.24820278e-03  2.86021967e-03  7.30328133e-04
  4.16325273e-04  3.81698096e-03  7.57968192e-03 -1.35247538e-03
  8.17407106e-03 -1.15982547e-02  9.86752334e-03  4.20256942e-03
  8.36066087e-03  5.33300568e-03 -5.80165694e-03  8.48000992e-03
  7.50396500e-03  4.79466947e-03  7.50554469e-03  5.61712944e-03
  7.21196669e-03 -5.41201823e-03 -1.95416667e-03 -2.18401937e-03
  6.58001371e-03  1.50465407e-02  8.87072501e-03  4.66672192e-03
 -1.18662579e-03  7.11694549e-03 -1.22756934e-03  8.63478767e-03
 -1.43939631e-03  6.30230695e-03  4.45215134e-03 -1.53230440e-02
  8.12739370e-03  6.47201511e-03  5.80097425e-03  1.99154511e-04
  3.58396651e-03 -1.15922401e-02 -3.93717277e-04  4.56336060e-03
  6.23177389e-03  8.11030877e-03  9.25471635e-03  4.31749605e-03
  3.18315789e-03  1.01614853e+00  9.53850838e-03  7.83998702e-04
 -6.99003025e-05  1.43876494e-02  1.62816147e-03 -9.45722167e-03
  8.93921859e-03  7.25271446e-03  7.24974597e-03  1.14736108e-02
  2.54040949e-03 -1.34212690e-02  8.52401255e-03  2.19002101e-02
  7.05050706e-03  7.69509044e-03  1.02440981e-02  5.93114407e-03
 -3.86191264e-04  6.02347863e-03  8.16479810e-03  1.49015705e-02
 -1.71317080e-02  1.10515598e-03  1.57942106e-02  8.88037998e-03
  3.85184524e-03 -2.85391827e-03  7.55374371e-03 -6.63155862e-03
  8.61677171e-03  1.33025149e-03 -2.38798322e-03 -5.71570659e-04
 -3.70491360e-03  3.51583880e-03  1.23567616e-04 -3.55300917e-03
 -9.68000000e-03 -8.74070965e-03  1.01929616e+00  4.59428757e-04
  6.61035486e-03  3.67701863e-03  1.12090620e-02  3.92325145e-03
  7.37682571e-03  2.81093659e-04  1.04288933e-02 -5.40949450e-03
  5.72417257e-04  1.13778142e-02  6.77894737e-04 -7.61738596e-03
  8.67383035e-03 -2.40400009e-03  6.46182758e-03  5.72173656e-03
  1.01684792e+00  3.00927360e-03 -1.07957895e-02  1.12559153e-02
 -3.98713539e-03  1.02171030e-02 -1.44152584e-03  1.60216695e-02
  1.23062317e-02 -6.23872806e-03  1.13325219e-02 -9.39226017e-03
  7.40145642e-03  1.07410526e-02  4.08915336e-03  3.39615824e-03
  1.69544818e-02  8.45546505e-03 -5.59014835e-03 -1.24774536e-03
  1.48948540e-02 -4.71882567e-03  8.16897401e-03  2.14736842e-04
  9.41473684e-03 -2.64658188e-03  4.87620390e-03  1.02339716e+00
  6.47080327e-03  7.46745638e-03 -3.40300494e-03 -5.92678794e-03
 -5.10792077e-03  8.59123433e-03  9.87094144e-03  5.33048197e-03
 -2.54751283e-03 -1.24737609e-02  7.99553497e-03  1.01975158e+00
  1.84160109e-02  3.28007573e-03 -4.07200802e-03  1.01982904e+00
 -9.80802979e-03  1.12984235e-02  8.11233721e-03  9.98782919e-04
  8.73357797e-03  1.45507139e-03  5.41110002e-03  1.02553291e+00
 -1.52146359e-02 -8.09651608e-03 -2.87643071e-03 -1.56287843e-02
 -1.38419344e-02 -2.93393327e-03 -4.81028228e-03  5.86358057e-04
  1.72502237e-03 -8.64876929e-03 -8.97052079e-03  1.35187393e-03
  1.05515789e-02  5.92043936e-03  6.38098588e-03  2.85362347e-03
  3.88816586e-03  7.82895658e-03  4.59804627e-03  1.01247756e+00
 -2.50765172e-03  1.01640909e+00 -2.00737847e-03  1.46115157e-02
 -2.33133581e-02 -9.84599356e-03 -8.39203613e-03 -5.84112172e-03
  6.97009347e-04  4.64414772e-03  1.01014863e+00  1.01348280e+00
 -6.84958108e-03  2.53497866e-03 -1.58892848e-03  1.01785395e+00
  1.05593165e-02 -1.05426459e-02  5.52959607e-03 -1.52856216e-03
 -4.85723296e-03 -7.05715067e-03 -4.90382738e-03  5.42361838e-03
  1.37075044e-02  1.08316288e-03  9.63911890e-03  8.91678060e-03
  2.04258047e-02  1.78931253e-03 -1.87737844e-03  9.13690476e-04
  9.12000000e-03  4.51803305e-03 -3.31697128e-03  2.55831135e-03
  2.36994837e-03 -5.36875712e-03  1.20420184e-02  2.61889081e-03
  3.52397840e-03  9.89663659e-03 -7.61772379e-03  8.77649735e-03
 -2.95082429e-03  1.41701681e-03 -5.20951025e-03  6.44066860e-04
  3.95512304e-03  5.27283754e-03  7.87272409e-03  1.01938358e+00
  2.17345562e-03 -2.73094598e-03  4.43005004e-03  3.90044978e-03
  6.10139225e-03  2.05573565e-03 -4.14006950e-03  3.64573329e-03
 -9.38443185e-03  8.83125158e-03 -4.13997718e-03  1.07507886e-02
  1.52000529e-03  9.33944092e-03  5.81664262e-03  1.07410526e-02
 -4.34344085e-05  8.32877528e-04  8.44200226e-03 -8.30529378e-03
 -9.77596722e-03  1.53496908e-02 -6.43849346e-03 -1.42787115e-03
 -6.76225252e-03 -4.07991300e-03 -2.48795812e-03 -6.69285427e-04
 -4.78472696e-03  7.11992357e-03 -1.66139340e-03  4.49237970e-03
  1.07507886e-02 -4.88942581e-03  3.09655956e-03 -5.03001580e-03
  9.29117111e-03  4.79559450e-03  5.57140539e-03 -7.12551272e-03
  1.01587304e+00  5.45354651e-03  1.16491752e-02 -2.71215141e-04
  1.05267245e-02  2.03298662e-02  4.56265271e-03 -8.82259674e-03
  1.03766853e-02  9.18364598e-03  2.45960730e-03 -1.74144135e-02
 -4.93654658e-03  1.01440558e+00  6.75364229e-03  3.60794156e-03
 -4.00687638e-03 -1.40761984e-02  4.03502304e-03  1.74433356e-03
  5.25015133e-03  7.84753628e-03 -1.24627158e-02  2.77198961e-03
  1.08076110e-02  1.40877101e-02  9.83578947e-03 -5.16782389e-03
  5.08482308e-03  5.79361208e-03  5.51462478e-03  2.08107470e-03
 -1.45783177e-02  9.20267555e-04  9.03042982e-03  7.86016240e-03
  1.63120878e-03 -1.10985334e-02 -5.08646108e-03 -2.68677304e-03
 -6.89909534e-03  4.37389102e-03 -9.08425656e-03 -1.34284120e-02
  1.03200000e-02 -4.73541618e-03 -4.34595844e-03  1.25777021e-03
  1.64102564e-03  7.54326241e-03 -5.89614185e-03  1.24725620e-02
  9.54789658e-03 -6.52426018e-03  5.91327038e-03  3.01473878e-03
 -3.01105776e-03 -6.81315156e-03  8.91406407e-03  8.37994198e-03
  1.18954535e-03  2.52033005e-03 -1.03340381e-02  1.02804895e+00
 -7.81710484e-03  9.