[-3.91030900e-03 -1.40064952e-03  3.99208101e-03  1.31578947e-02
  1.51841980e-02 -8.37662930e-03  5.86209191e-03  1.19953461e-02
  7.65195066e-03 -1.30449064e-03  9.91612042e-03  1.45783109e-02
  8.27653359e-04  7.55285660e-03  1.01241404e-02 -7.00216260e-03
  1.11383640e-02 -3.20183740e-03  9.62029316e-03  6.52147546e-03
  2.29374330e-03 -1.31428335e-02  6.90615228e-03  7.91578947e-03
  1.30230085e-02  3.44246443e-03  5.63690242e-03  1.50348716e-02
 -4.57890830e-03 -1.35860915e-02  2.93462851e-03  3.60346777e-03
 -1.09582928e-02 -8.95814505e-03 -1.26882214e-03  5.31222515e-03
  1.50849581e-02  1.55059272e-02  4.92039040e-03 -2.01685316e-03
 -6.73426150e-04  1.31471786e-03  1.41600447e-02  1.12307423e-02
  2.40481361e-03  3.65903889e-03  3.68421053e-03  1.70687972e-02
 -3.71801414e-04  1.36413653e-02  2.77511107e-03  1.01356098e+00
  7.99221667e-03  2.36832803e-03  5.32306779e-03  6.10570084e-03
  1.03445097e-02  6.28660300e-03  1.06663747e-02 -1.96190399e-02
  5.75980392e-03  6.45936608e-04 -3.15567094e-03 -1.73487171e-03
 -2.28789739e-02  1.02138365e+00 -3.41086241e-03 -7.50132066e-03
 -1.42228923e-03 -1.47473866e-02  2.06315789e-03 -2.69510878e-03
  1.39165105e-03  9.91811786e-04  9.23231562e-03  1.22684687e-02
  1.01126848e+00  1.46853147e-02 -5.64214748e-03  6.09624325e-03
  8.13857090e-03 -8.95947101e-03  4.02871429e-03  1.78207394e-03
  6.95429793e-03  1.16943237e-03  1.15764980e-02 -9.93368956e-03
  1.27992029e-02 -7.72631579e-03  1.02205330e+00  5.97487050e-03
 -1.09241608e-02  1.94267326e-03 -2.58316930e-03  8.97170338e-03
  5.47993019e-03  8.08033410e-03 -8.21740126e-03 -6.46781720e-03
 -5.43832623e-03  7.82321489e-03  8.65513750e-03  1.84435457e-02
  5.18906199e-03  6.43530152e-03  1.79865380e-02  1.34250243e-02
  5.40988608e-03 -1.29665693e-02  2.00199000e-02 -9.10878645e-03
  1.18114407e-02 -1.00176375e-02 -2.22966158e-03  1.29966114e-02
  1.32399205e-03 -6.14901076e-03 -6.21434005e-03 -8.92449601e-03
 -5.36241949e-03  6.98537690e-03  1.01206733e+00 -2.90001037e-03
 -3.56831156e-03  9.63116453e-03  7.65819490e-03  8.72600349e-04
  7.78359511e-03  1.68263892e-03  1.01372058e+00  1.01752176e+00
 -1.91748852e-02  2.07404627e-03  9.01610644e-04 -3.17648395e-03
  2.88298699e-03  6.19900649e-03  4.09583458e-03  7.78426411e-03
 -2.18674220e-03 -2.33718487e-03  1.31852500e-03 -6.64907652e-03
  2.45535714e-03 -1.62609357e-03 -1.36316090e-02  1.16398896e-02
 -3.58305660e-03 -4.02658888e-03  6.33433135e-03  5.82953447e-03
  1.25141349e-03  8.92647212e-03  3.69689354e-04  3.70526316e-03
  7.17641532e-03 -6.07505241e-03 -8.42105263e-04  1.26015000e-02
  1.02611886e+00 -1.18524658e-02  2.65263158e-03  1.87318690e-03
  3.24354193e-03 -9.07994910e-03  1.03598916e-03  1.13342293e-02
  9.91413068e-04  8.75319597e-03  7.76837284e-04 -7.37963014e-03
 -2.23415418e-02 -1.63817330e-03 -3.19534754e-03  1.36684518e-02
  4.41722911e-03 -4.45945192e-03  8.44210526e-03  7.97006303e-03
  2.18536523e-02  4.25806242e-04  1.34725849e-02  1.02012632e+00
 -3.10326378e-03 -3.57550399e-03  1.11470863e-03  7.70447907e-03
  1.00954354e-02  1.02336546e+00  3.40342806e-03  1.45743146e-02
 -1.02282682e-02  3.71146015e-03  2.27953181e-03 -7.20770188e-03
 -1.10645724e-02  1.22317334e-03  9.42902043e-04  4.80729383e-04
 -1.03628833e-02 -4.01612661e-03  5.54220196e-03  1.35516574e-02
  1.79735118e-02  3.17937007e-03  6.33796120e-03 -6.32775303e-04
  2.68075584e-03  3.64614052e-03 -2.05050163e-03  3.40798442e-04
 -8.10670118e-03  1.02010028e+00  1.40119275e-03  1.27476171e-02
 -1.35818365e-02 -4.54936967e-03 -1.53857603e-03 -4.92130608e-03
 -2.85281495e-03  3.52830990e-03  2.41158964e-03  3.62783407e-03
  1.23535610e-02 -2.26876091e-03  1.55952834e-03 -8.80232076e-03
  1.02204333e-02  5.34736842e-03  1.32764845e-02 -1.18192455e-03
 -7.03103405e-03  6.60872289e-03 -2.00306182e-05  7.28291317e-03
  1.25478503e-02  9.08593693e-03  8.83036865e-03  5.07098882e-03
  2.06181946e-02 -1.73198708e-03 -6.60480777e-03  7.57894737e-03
  1.03145982e-02  8.67579909e-03  1.17344998e-02  1.05021372e-02
  7.04092362e-03 -9.56631849e-03  1.06421729e-02 -6.40509101e-05
 -3.82736907e-03  6.38241525e-03  5.23094672e-03 -1.63433129e-03
  5.73224575e-03 -1.06043473e-03  2.27931683e-03  5.99238842e-03
  1.44585389e-02  1.73212248e-02  9.71478829e-03  1.82845684e-02
  5.36491706e-03 -9.82247813e-04  7.78258778e-03  6.57549385e-04
  1.65050421e-02 -7.22689826e-03  7.59940276e-03 -4.07955524e-03
  6.61954747e-03  5.04659929e-03  5.75152675e-03  8.82105263e-03
 -1.18556107e-03 -3.74569641e-03  1.16953239e-03  1.02110544e+00
  7.13848039e-03  4.34718078e-03 -1.30637107e-02  7.34263098e-03
  1.07899516e-02  4.13819211e-03 -1.33779264e-04 -1.35274573e-04
 -7.96130952e-03  4.90332088e-03 -1.06529975e-02  7.85634911e-03
 -1.23277685e-02  1.99981564e-03  1.01603670e+00  1.09564875e-03
  5.13183636e-03 -1.26022126e-03  1.43132782e-02  6.00702833e-03
  1.01920936e+00 -1.03782894e-02  1.02079394e+00 -4.96176919e-03
  6.49278095e-03  4.09363843e-03  7.55789474e-03 -5.18029742e-03
  8.96666489e-03  8.90052356e-03 -2.31578947e-03  6.57569418e-03
 -8.17399515e-03  1.19847452e-02  4.28235944e-03 -1.47769816e-02
  7.72518704e-04  2.30713234e-03 -2.95929097e-03  1.44257703e-02
  5.41087284e-03  9.07194825e-03  5.01441587e-03  9.08854167e-03
  1.06486299e-02  1.53095221e-03  3.32029490e-03  4.23458636e-03
 -1.60654161e-03  1.79593906e-02  9.06338278e-03 -9.07250150e-03
  1.03504505e-02 -1.25807734e-02 -6.12794613e-03  4.26992437e-03
  1.29837618e-02  8.55187956e-03 -2.45063856e-04  1.02650925e+00
  1.01849101e+00 -7.91696237e-03  3.71805065e-03  5.56020515e-03
 -5.29502382e-03  9.64739618e-04 -1.06685907e-02 -3.25357136e-03
  8.50091452e-03  5.51262830e-03  9.74167703e-03  7.22930320e-03
  7.04656863e-04  1.14213506e-04  1.52879075e-02  1.59218765e-02
  1.08677143e-02  3.15915618e-03  1.02231800e+00 -2.68278113e-03
 -9.61038961e-03  7.71523821e-03  1.02086345e+00  7.93946833e-03
 -1.06510170e-02 -6.17416131e-03  4.83313038e-03  1.00980108e-02
  5.80086580e-03  8.