[ 7.00741299e-04 -1.65283248e-03  1.16414182e-02  8.98690619e-03
  1.11779710e-02 -1.02240281e-04 -1.44947368e-03  3.74567153e-03
 -2.77073032e-03 -1.06144383e-02  5.33958279e-03  1.51225362e-02
  1.44069344e-02  1.01216561e+00  1.15850517e-02  4.14858156e-03
  5.46183473e-03  2.07056144e-03  3.54000000e-03  5.03005068e-03
  7.87827048e-03 -5.16759728e-03 -1.56107466e-02  8.68182837e-03
 -6.68437500e-03  3.84310921e-03  7.42645509e-03  1.01960887e+00
 -8.15746058e-03  3.47693557e-03  5.31856430e-04  1.56841778e-02
 -3.47932359e-03 -3.27617777e-03 -1.34491500e-03 -1.45310629e-02
 -6.95851238e-03  9.16021550e-03  1.34724987e-02 -1.25219896e-02
  5.95295405e-04 -1.03120873e-02  6.16549503e-04  1.04777284e-02
  4.78191231e-03  2.18935276e-03  3.28096134e-03  1.22334089e-02
 -1.05049244e-02  1.51476856e-02  1.01297708e+00  1.17529017e-02
 -4.22938485e-03  1.01424043e+00  5.86071367e-03 -1.14562571e-02
  1.01509232e+00  2.38854165e-03  5.40101176e-03  8.47647908e-03
  6.34736842e-04  3.14223169e-03 -1.99447262e-03  1.45881371e-02
 -3.72941889e-03  4.16598388e-03  1.23773001e-02  1.54720814e-03
  8.01435471e-04 -2.91750724e-04  7.94000000e-03  9.16026242e-03
  8.53184608e-03  5.16154021e-03  1.01678211e+00  6.10714286e-03
 -2.29157895e-03  1.01593597e+00 -2.93617413e-03 -3.40047503e-03
  2.96879784e-03  2.78690530e-03  5.29352597e-03  7.36795291e-03
  4.16962642e-03  3.76000918e-03  1.02208737e+00 -3.12417175e-03
  1.02037737e-03  1.99900539e-03  1.01919281e+00 -7.70210728e-03
 -1.10155567e-03 -4.36335200e-03 -3.15003246e-03  1.44376014e-02
 -8.33368569e-03  1.45060533e-02 -1.35984517e-03 -7.64966870e-04
 -2.77115389e-03  1.10390612e-02 -2.96194513e-03  8.54432808e-03
  1.75684028e-03 -1.31440657e-03  8.12003745e-03  1.52631894e-02
  6.57667563e-04 -1.29678585e-03  7.65884183e-03 -7.02615063e-03
  6.11844824e-03  6.02988735e-03 -4.89459591e-03 -4.32431270e-03
 -1.19440633e-02 -4.58280812e-03  7.01999206e-03 -7.79272087e-03
 -9.95766111e-03  4.30954570e-03 -2.70289990e-03  1.16121149e-02
  2.18072918e-03 -4.33352561e-03  9.13944282e-03  4.74451900e-03
 -2.91601090e-03  8.72184948e-03  1.09232155e-02  1.01417748e+00
  2.02647015e-03  5.40838619e-03  1.30289428e-02 -1.36426821e-02
  4.69460396e-03 -1.68644068e-03 -4.99916058e-03  2.38210526e-03
  2.45805560e-03  2.64675325e-03  3.51894737e-03  4.95559148e-03
  3.11839792e-03 -4.55863359e-03  7.99010786e-03  1.28729586e-02
 -2.29677095e-05  1.79263158e-03  1.02517593e+00  5.16450591e-03
 -2.52905701e-03  1.71140272e-04 -6.83210282e-04 -3.94167550e-03
  6.02166045e-03 -1.56368894e-03  5.07325380e-03  1.33367983e-03
  2.01999092e-02 -2.09331967e-02 -3.86259767e-05 -8.35690236e-04
 -4.31440125e-03 -3.73671498e-03  2.13795277e-03  1.02103043e+00
  4.63473684e-03  3.86260633e-04  1.01593880e+00 -7.72834181e-03
  7.79368335e-03  6.21627505e-03  1.10657349e-02  6.22468051e-04
  3.54643263e-03 -7.03980024e-03  8.04630261e-03 -6.17660537e-04
  1.07148678e-02  6.21470794e-03  6.37067319e-03  8.97285204e-03
  9.72367017e-03  7.00741299e-04  1.27645355e-02  1.02289874e+00
  1.56316005e-02  1.24313856e-02 -7.66862184e-03  1.60470247e-02
  7.16325942e-03  3.91421683e-03 -3.68171881e-03  9.39449200e-03
 -5.18806905e-03  7.89093137e-03 -5.60383270e-03 -9.94719555e-03
  1.00712725e-03 -5.15632944e-03  1.09280287e-03 -1.49727603e-03
  8.14702474e-04  4.52243668e-04  9.89006202e-03  5.57849017e-04
 -4.12398543e-03  8.14350048e-03  7.53055301e-03  6.29139368e-03
 -9.28221289e-04  1.01538122e+00  3.81447318e-03 -2.01687183e-03
 -7.70726646e-03  2.55789474e-04  6.60535243e-04 -4.82352941e-03
  7.04049033e-03  1.19672330e-02  4.94706502e-03  1.16787569e-02
  1.20143129e-02 -2.66322062e-03 -7.31408402e-03  9.70187932e-03
  3.01642972e-03 -9.92835330e-04 -2.33841541e-03 -7.97516179e-03
  5.03933984e-03 -4.93294818e-03  4.09539007e-03  1.98136207e-02
  1.01986833e+00 -3.55032729e-03 -7.18135223e-04  8.99331939e-03
  4.11740595e-03  7.58604993e-03 -6.14225368e-03  2.05893823e-03
  1.01777815e+00 -2.50015660e-03  4.21196473e-04  6.99256183e-03
  7.87970711e-03  2.78942094e-03 -2.62872063e-03 -4.41521593e-03
  7.22891708e-03  1.24878771e-02 -4.48689247e-03  6.22045537e-03
  8.17328698e-03 -2.69591261e-03 -2.22926287e-03 -9.42725371e-03
  5.77745826e-03  3.45481276e-03 -2.55594924e-03  1.61764790e-02
  5.70202020e-03 -1.34948474e-02  1.81084940e-02 -2.00052521e-03
  1.15570432e-02 -5.91368974e-03 -4.95436846e-04 -4.82947757e-03
 -8.19338706e-04  1.09287057e-02  6.17920844e-03 -2.33614419e-04
 -6.42204724e-03  4.33724024e-03  1.01420926e+00  4.62532020e-03
 -7.65181040e-03  6.99256183e-03  5.73908289e-03  6.73772974e-03
  2.69307737e-03  6.80990871e-03 -1.63120995e-03  1.20813964e-03
  1.79280520e-03 -4.74631645e-03  4.95850840e-03  1.04053927e-02
  8.21927378e-03  9.41467204e-03  8.99270833e-03  4.82186204e-03
  3.80115440e-03  3.34020568e-03  1.02500281e+00 -4.12324360e-03
  1.53710181e-02 -2.19348458e-03  1.19541352e-03 -3.79278497e-03
  1.70111231e-03  3.08734093e-03  1.01417963e+00 -7.89447353e-03
  2.28651412e-03  1.25521709e-02  1.16753800e-02 -4.04357331e-03
 -2.64204046e-04  8.10976891e-03  5.09335544e-03 -1.24265360e-02
  1.06779418e-02 -3.98023450e-03  2.17841278e-03  1.44998249e-02
  5.46185665e-03 -2.49166667e-03 -9.81500978e-04  9.27830134e-03
  1.01370497e-02  1.24695702e-03  3.59119350e-03 -6.03942794e-03
  7.81233275e-03  4.13293172e-03  6.39520303e-03 -1.77776856e-02
  1.01433928e+00  4.84069376e-03  1.01430292e+00  4.43543295e-03
 -1.03820028e-02  8.81291449e-03  8.32255892e-03  1.65065767e-02
  3.07847543e-03  1.83211169e-03 -2.99654648e-04  2.56984557e-03
 -6.69717301e-03  2.72801418e-03 -1.97641412e-02  1.19143104e-02
  5.88275010e-03  8.09799202e-03  5.97745545e-03  1.34383116e-02
  1.00883902e+00 -2.84913630e-03  1.51480609e-02  6.82807847e-03
  8.43957961e-04 -1.01241093e-03  5.70989709e-03 -3.37952422e-03
 -1.61788703e-02 -7.49125541e-03 -3.59317264e-03  2.77613480e-03
 -9.60554957e-03 -5.73810046e-03 -1.54956501e-02  8.96573091e-03
  4.21196473e-04  3.