[-1.06863293e-02  4.93162688e-03  4.09411193e-03  1.94790645e-03
  8.90731406e-03 -7.82968192e-03 -6.79065852e-03  1.73471339e-03
  1.74993164e-03 -5.47399651e-03 -4.06313881e-03  4.89663545e-03
  1.70833333e-04 -2.99762230e-03  8.14631579e-03 -6.21885857e-04
  1.16895558e-02 -3.15574623e-03  4.02878159e-03 -6.47824340e-03
  7.00438059e-03 -1.27130702e-02 -3.73915938e-03  6.18394415e-03
  1.43025308e-02 -7.22132174e-03  2.64797001e-03  1.15125284e-02
 -3.25278047e-03  1.00412241e-02  7.97587360e-03 -6.03764101e-03
  3.58185798e-03  6.47255657e-03  3.41961116e-03 -4.79918557e-03
  9.67992890e-03  7.98185702e-03  1.11162164e-02  4.99720768e-03
 -5.68872723e-03  3.31035158e-03  1.01074930e-02  8.34791667e-03
 -4.15320564e-03  1.00998563e+00  2.91337528e-03  3.88027923e-03
  6.84105263e-03  1.52381225e-02  1.73954214e-03  5.67899930e-03
  4.30718615e-03  1.38606640e-02  3.99683544e-03  3.66266265e-03
  7.48752119e-03 -1.11143875e-02  1.91727516e-03  3.44046632e-03
  2.47006303e-03  6.63495414e-03 -2.67617244e-03 -1.08453224e-02
  6.72006538e-03  8.11562576e-03  6.64730712e-03 -1.42584211e-02
  2.71473684e-03 -7.95493709e-03 -2.24869129e-03  2.68311138e-04
  1.05165189e-02 -5.44089365e-04  8.13366065e-03  1.31323938e-03
  1.04817213e-02  9.24105263e-03  2.53572017e-04  1.13342525e-02
  4.54689982e-03 -4.15577711e-03  3.81400281e-03  7.19475205e-03
  1.04618268e-02  1.78570269e-03 -1.48135287e-03 -8.46783351e-03
  2.91022295e-03  1.52793651e-02  1.82914666e-02  7.12743308e-04
  1.01312938e+00 -1.07102942e-02  1.13778765e-02  7.20184896e-03
 -2.09173333e-03  5.15311587e-03 -1.10753814e-02  2.35833333e-03
  1.18941316e-02  2.79831933e-03 -1.45945166e-03  2.08220661e-02
  2.31750242e-03 -1.23756521e-02  3.34504603e-03  9.75837558e-03
 -5.12430009e-03 -8.92097339e-03  1.37339338e-02 -6.02616281e-03
  1.10968030e-02 -1.27474808e-02 -2.29579053e-04  1.14609225e-03
 -5.11684211e-03  8.66982206e-04 -1.38615404e-03  3.45898277e-03
 -1.26119729e-02 -7.43839749e-03  1.01464539e+00  5.82201397e-04
  1.56664717e-03 -6.61169468e-03 -1.04413515e-02  5.81827731e-03
 -1.66304204e-03  8.84293064e-03  2.63007586e-03  7.56070550e-03
 -1.69273684e-02  6.07206936e-03 -3.04276164e-03 -1.09484211e-02
  1.44845018e-02 -1.04527780e-02 -6.10226876e-03  3.08828516e-03
 -5.88252521e-03  1.21114247e-03 -1.53291832e-02 -3.41959322e-03
 -6.52431401e-03  7.88989332e-03 -8.90694425e-03  1.75247220e-02
 -5.56534040e-04 -6.00939921e-03 -3.00920017e-03  1.77155774e-03
  1.01621303e+00 -1.59116924e-03 -2.26998864e-03 -7.09394447e-03
 -1.77562194e-03  1.40129331e-03  5.63172636e-03  6.89682076e-03
  1.02661919e-02  9.53224155e-03 -1.20819889e-02  2.36292042e-03
 -4.69419378e-06 -1.60431579e-02  5.15355763e-03  1.61993237e-02
 -1.72790552e-03  1.01749322e+00  4.22878787e-03 -5.94890768e-03
  2.80480677e-03  1.49126024e-05 -6.42379118e-03  1.00886197e-03
 -5.21350504e-03 -5.87439109e-03  9.13600700e-03  1.44212914e-02
  1.22981055e-02 -4.89702267e-03  1.68351563e-02  8.80608117e-03
 -1.51926909e-02  2.87878329e-03  1.31194515e-02  9.53017482e-03
  1.04423438e-03  9.60084034e-04  3.10946186e-03  1.12672446e-03
  1.01525915e+00 -4.62100775e-03 -3.96725139e-03  1.13957830e-03
 -8.69440326e-03 -6.09537566e-03 -1.20252822e-03 -3.80596071e-03
 -8.12884513e-03 -6.22711782e-03  6.65657239e-04 -4.18931782e-03
  1.02110411e+00  1.54546375e-02  8.80303596e-03  4.55389451e-03
 -3.44464104e-03 -7.00975273e-03 -1.97810828e-03  2.71931263e-03
 -4.06704472e-03  8.70807515e-03  5.22703096e-03  1.02341505e+00
 -2.24759007e-02 -8.19951072e-03 -1.28750000e-03  1.31631169e-03
  5.86758475e-03  1.01786515e+00  1.01346998e+00 -1.65519949e-04
 -1.06315789e-04  7.68841000e-03  2.25326913e-03  2.13450440e-03
 -9.24643799e-03  4.32654492e-03  2.18915636e-03  1.03096380e-03
  3.49803327e-03 -8.47826087e-04 -2.19097356e-03  8.46356716e-03
  1.29022233e-02  1.69767592e-04  4.07736539e-05  3.11805997e-03
  1.72020833e-02  2.56113546e-03  9.79227590e-03  3.36761090e-03
 -2.22735398e-03  1.59471289e-03 -9.02933945e-03  9.97931775e-03
  1.53673684e-02  7.63670370e-04  4.02350703e-04  3.07250590e-04
  8.42221058e-03  5.72128747e-03 -2.58190431e-03  9.25072717e-04
 -4.45715677e-04 -1.40234972e-02 -2.98417685e-03 -1.84066228e-03
 -3.60943047e-04  1.35101897e-02 -2.04315789e-03  2.51383053e-03
 -9.00207162e-03 -1.17546921e-02  3.53215447e-04  3.52978206e-03
  2.17344362e-02  1.13296880e-02 -2.75788310e-03  1.21221564e-03
  1.23780187e-02  4.56900363e-03 -2.90382730e-03 -1.57050766e-03
  7.21628014e-03  3.51773842e-03 -3.28570269e-03  9.94214013e-03
 -3.31711646e-03  2.96858095e-03  5.74638646e-03 -6.69651805e-03
 -1.19661431e-02  6.25743659e-03  3.14412935e-03  1.01519450e+00
 -4.58877262e-03 -1.26310264e-03 -3.47686895e-03 -3.00218714e-03
  1.60373736e-03  1.02560791e-02  5.06747073e-03 -3.25181471e-03
 -2.77437317e-03  1.36254671e-03  1.23684079e-02 -2.01306066e-03
  7.08844257e-03 -2.47874016e-03  4.36471394e-03 -4.26559121e-04
  4.85974397e-03 -9.60954506e-03  1.00486600e-02 -3.58025996e-03
  1.38471942e-02  3.82912426e-04 -8.01052632e-04 -4.68296938e-03
  3.74361407e-03  2.18769494e-03  1.01821706e+00 -9.53789474e-03
  5.26767272e-04 -9.23595529e-03 -7.21499855e-03 -2.95789474e-04
  5.92134641e-03 -1.96177013e-03 -1.45420958e-03 -3.97584890e-03
 -3.14453045e-03 -1.82932959e-03  7.74895833e-03  7.55687615e-03
  2.44274412e-03  6.11227541e-03  7.20215499e-03 -3.37425468e-03
  4.32363760e-03  1.02965050e-02  6.26147935e-03  4.56736842e-03
  1.80054479e-03  6.32356021e-03 -2.49754902e-03  2.82650146e-03
  9.75050321e-03 -1.95474152e-03  7.08217118e-03  4.16432606e-03
  4.54343434e-03 -9.87161608e-03  1.52947545e-03 -1.62953565e-02
  1.66260175e-03  1.80166739e-02  9.83133559e-03 -7.27467395e-03
  6.93825057e-03 -3.59320676e-04  1.02549589e+00  5.44148209e-03
 -4.26388416e-03  1.60919714e-03  1.24576279e-02  1.35097328e-02
  1.01366211e+00  4.39980396e-03  6.71830945e-03 -3.70115546e-03
 -5.33096247e-03 -4.77150578e-03  1.14121212e-02  3.96317264e-03
  8.15650351e-04 -6.