[-1.19326208e-02  4.75985563e-03  1.01848863e+00  1.56549372e-03
  1.01374573e+00 -1.06816224e-03  3.13103683e-03  2.64610960e-03
  1.18480958e-02  3.13396624e-03  4.71375857e-03  7.55949976e-03
  1.79978490e-04  4.71197691e-03  1.09480754e-03  3.68870879e-03
  2.01711641e-03  7.19411255e-03  2.94366464e-03 -3.29580845e-03
  6.82864207e-04 -1.07430851e-02  4.02370895e-03  3.28210673e-03
  2.49814650e-03 -1.15171128e-02  5.46421053e-03  1.23063158e-02
 -4.42384093e-03 -1.46199271e-04  5.14224278e-03 -1.31007473e-02
  1.30957574e-03 -4.45915350e-03  8.10449577e-03 -8.52344597e-03
  1.01302424e-02 -4.96178598e-03 -6.55988456e-04 -1.38621053e-02
 -7.26760174e-04 -7.93482135e-03  1.51581709e-03  8.52941820e-03
 -1.11239092e-03 -4.52629885e-03 -1.16194112e-02  8.12390643e-03
  1.52006303e-02  1.78642105e-02  8.68528233e-03  9.85505709e-03
  2.67077754e-03  4.83935168e-03  1.08962337e-02 -1.09325805e-02
 -5.48742291e-03 -2.49075455e-03  1.22460654e-02  4.29096639e-04
  8.13789474e-03  1.01915472e+00  9.85217333e-03 -3.26925770e-03
 -1.59050807e-03  7.25312436e-03  1.24856378e-02  1.01907491e+00
  8.86274434e-04 -5.94631579e-03  1.87999072e-03  1.01409815e+00
  7.65073529e-03 -4.55815868e-03  1.75553344e-03  1.01551237e+00
 -5.16073915e-03  1.53633484e-02  8.95593963e-03  7.89315895e-03
  1.01758344e+00  2.84915190e-03  1.08676471e-02  9.90476190e-03
 -7.09084056e-04  1.08028760e-02  5.39530368e-03 -1.12454080e-02
  1.01059533e+00  7.95015501e-03 -7.49290112e-04  1.01447500e+00
  6.58000000e-03 -4.59482352e-03  1.06549875e-02  7.71976037e-03
  4.70715351e-03  6.68526316e-03  2.49218222e-03 -1.83539414e-03
  1.01481585e+00  1.54245508e-03  1.26082745e-02  1.88863515e-02
 -3.74473612e-03 -3.28227164e-03  4.18312217e-03  7.31809415e-03
 -1.62862079e-02 -6.08902150e-04  1.62578716e-02 -5.59928325e-03
  8.78160706e-03 -2.35252047e-03 -9.09033613e-03 -7.91080259e-04
  2.87548458e-03  9.02547874e-04  2.52836879e-04  6.35005925e-03
 -1.19544836e-02  4.17570611e-05  1.01334726e+00  3.96957017e-03
 -7.66501374e-03  1.03881843e-02  3.64110678e-03 -8.84910218e-03
  3.65753425e-03  3.84943993e-03  2.82246101e-03 -1.52361065e-03
  6.15146667e-03  8.41389300e-03 -1.11774892e-03  4.60545835e-03
  3.75090169e-03  1.91480650e-03  1.32351556e-02  1.35484211e-02
  4.21725002e-03  1.00832868e-02 -6.02417804e-03 -3.76025573e-03
 -5.78302499e-04  7.40418848e-03  8.96095198e-04  3.08769615e-03
  2.65604793e-03 -1.46652390e-02  2.30689322e-03  1.01480888e+00
 -8.74212048e-03 -4.45127974e-04  3.76479457e-04 -9.78717149e-03
  4.58345075e-03  1.00685576e-02  9.38427359e-03  6.80944842e-03
  1.01863244e+00 -4.91619889e-03 -1.55715067e-03  9.20615848e-03
 -1.17858525e-02 -1.66829245e-02 -1.22405032e-02  4.62328983e-03
  4.18327987e-03 -4.73297945e-03  2.81222536e-03  7.40418848e-03
 -1.42560590e-02  3.47885334e-03  7.29397302e-03 -6.78617021e-03
 -1.32863203e-02 -8.93684211e-04  6.94622174e-03  9.79583120e-03
  1.24877711e-02  8.76543584e-03  8.43036013e-03  1.84676220e-04
  8.40092061e-03  1.04737395e-02  7.19223307e-03  3.14140652e-03
  1.33986069e-02  1.47952565e-02 -1.21165976e-03  1.11738956e-02
 -7.23198637e-03 -1.71935670e-02  3.00325238e-03  1.01261036e+00
 -8.56944139e-05  3.23590635e-04  2.59422572e-03 -1.16190829e-02
 -1.21147368e-02  2.80815202e-03  2.93610498e-03 -1.01657018e-02
  1.02197642e+00  1.72200582e-03 -5.53381078e-03  9.73569929e-03
  6.50233839e-03  3.05733526e-03  1.19137495e-02 -1.96863989e-03
  9.33531738e-03  9.74116864e-03 -7.64807641e-03  7.19200286e-03
 -1.07861635e-03  6.10584244e-03 -2.24172347e-03 -2.52291344e-03
  8.77192341e-03  1.01804240e+00  1.54131086e-03  9.20654057e-03
  2.72719148e-03  5.37020326e-03  1.01719684e+00  7.41526199e-03
  9.36193531e-03  5.54839089e-03 -5.34313673e-03  2.16708794e-03
  3.78323615e-04 -6.11419842e-03  7.36892178e-03 -1.50966012e-03
  1.43119611e-02 -2.71208239e-03 -1.12069645e-03  5.36566470e-03
  1.02062118e+00 -3.77248220e-04  8.18661859e-03  3.83242206e-03
  8.25539713e-03 -3.34582840e-03 -3.58718487e-04  1.02328889e+00
  9.91018780e-03 -5.55079067e-03  3.94214677e-04  9.74434321e-03
 -1.81038961e-03  1.01510157e+00 -7.44600630e-04  1.79853571e-03
  1.01538051e+00 -1.89686790e-03 -1.92407442e-03 -2.94385593e-03
  3.32794695e-03  1.89046610e-02  1.02206652e-02  9.32364368e-03
  4.22978713e-03 -5.51739190e-03  5.26518330e-03  2.74877451e-03
  1.55907234e-02  9.00662633e-03  5.93990291e-03  3.34571073e-03
  2.49341389e-03  1.44169629e-02 -1.88493031e-03  3.47234577e-03
 -4.51346801e-03 -1.28762255e-02  7.93683712e-03 -3.04780345e-03
 -7.92656444e-03  2.35216033e-03  7.85594111e-03 -8.03991597e-03
 -8.32526316e-03  6.51409137e-03 -1.92314871e-03  8.14435157e-03
 -7.45041130e-03  1.19784972e-02  1.12389033e-02  8.21246200e-03
  3.07043070e-03  1.01472737e+00  5.38213343e-03  1.02029568e-02
  1.79836890e-03  1.16947368e-03  7.99102331e-03 -3.43113998e-03
  7.74085819e-03  1.05382181e-02 -1.25157895e-03  2.86215471e-03
  8.80572649e-03 -5.15150019e-03  9.33946982e-03 -7.95984892e-03
  1.84353823e-02  1.02425130e+00 -5.60401451e-03  1.19955253e-02
  5.74606538e-04  4.71127503e-03  1.31316278e-02 -1.21678100e-02
  8.45712875e-04 -9.26941489e-04  3.60828288e-03  1.29116358e-02
  8.39243331e-03 -6.09533704e-03  4.11931369e-03 -6.44598029e-03
 -8.71781974e-03  8.60586466e-03 -4.68400951e-03 -7.34237797e-03
  3.16524507e-03  1.66592071e-03  5.15143670e-03 -1.06026693e-02
 -4.93096827e-03  4.28717543e-03  3.26356789e-03  3.35172760e-03
 -7.29320335e-03  1.22615620e-02 -2.23937220e-03  4.77623058e-03
  3.58016177e-03  6.56490388e-03  1.02511597e-02 -6.39446855e-03
  2.10308511e-03 -4.16666667e-06 -8.99624575e-03  7.23178652e-03
  8.76234830e-03  4.55114917e-03  1.78369142e-03  9.78180885e-03
 -1.00084149e-02  8.70600307e-03  6.78934540e-03  1.18204057e-02
  3.10631579e-03  1.03962188e-02  1.05612745e-02  3.56400352e-03
 -1.05778564e-02  2.86077560e-03 -9.83064018e-03  4.11564267e-03
  6.82594937e-03  1.10070441e-02  7.78600623e-03  1.44526986e-02
  7.95108392e-03 -1.