[-7.83855038e-03  1.79355780e-03  3.24917952e-03  1.10445271e-03
 -2.04592665e-03 -1.32825569e-02  1.14338875e-02  3.88226392e-03
  1.29429533e-02  3.65581232e-03  1.12713585e-02  1.09495181e-02
  4.63737559e-03  1.74869333e-02  7.75181327e-03  7.71436226e-03
 -7.88476148e-03  1.86969469e-02  6.92499957e-03  5.98404926e-03
  1.01383203e+00 -5.77529697e-03  2.11545312e-03 -7.26105263e-03
  1.02278267e+00 -3.01161764e-03 -6.72877448e-04  8.32153175e-03
  7.56366302e-03  6.58823529e-03  8.52842105e-03  4.23996223e-03
 -9.05838722e-03 -6.24010402e-03 -5.98511980e-03  8.08124638e-03
  6.34213457e-03  1.79375000e-03 -3.25529891e-03  2.11621569e-03
 -9.31102816e-03 -6.95286335e-03  5.48519218e-03  6.94368639e-03
  7.21963693e-04  9.29321040e-03 -9.16919771e-04 -4.10048426e-03
  1.25531151e-03  1.70670400e-02  1.19413812e-02  3.32230715e-03
 -3.90512284e-03 -1.02957447e-02  6.79539952e-03 -7.24922981e-03
  1.39297621e-03 -4.75656859e-03  1.74688413e-02  6.17052632e-03
  3.24088902e-03  1.02163069e+00  1.01862103e+00  3.01466001e-03
 -4.16981132e-03  5.42463844e-03  6.21847681e-03  8.65205064e-03
  3.19134092e-03 -2.05058423e-02  1.01634648e+00  9.94151034e-03
  1.56739386e-02  1.01323434e+00  1.01959175e+00  1.01677480e-03
  3.80732736e-03  6.99778740e-03  9.32372076e-03  8.46819468e-03
  2.37288199e-03  1.39157895e-03  7.56567314e-03 -8.80372765e-04
  9.70313436e-03 -1.00842105e-03 -3.00498004e-03 -1.38604371e-02
  4.38461538e-03 -1.68301918e-02  1.02806100e+00 -1.41223489e-03
 -6.75997673e-03  6.03892079e-03 -7.47315342e-04  1.81858268e-02
  1.93005518e-03  6.64869128e-03  1.01373774e+00  1.01868099e+00
  9.49877451e-03  1.01877313e+00  5.81871643e-03  1.72074462e-02
  4.11989016e-03 -1.57769608e-02  1.64122126e-02 -5.46225804e-04
  3.62670246e-03 -6.14310470e-03  1.02201282e+00 -2.10426855e-03
  3.40480984e-03  1.27444291e-02  1.01474090e+00  3.83690360e-03
 -5.15595147e-03  2.47468921e-03  2.90425434e-03 -6.59836600e-04
 -1.14584550e-02 -1.32453722e-03  1.01844390e+00 -9.10733527e-04
  2.85510674e-03 -1.14592902e-02  1.01686814e+00 -3.25714286e-03
  6.95514370e-03 -5.63213249e-03  2.03261401e-03 -1.37011770e-03
 -1.09899578e-03 -3.65284613e-04 -9.88919685e-04 -2.55555804e-03
  4.97588286e-03  4.46691723e-03 -8.27086614e-03  1.01290681e+00
  1.59371728e-03  2.59988385e-03  2.12492175e-03 -5.55983958e-03
 -2.58183847e-03  1.33131247e-02 -7.04468476e-03  1.04535943e-02
 -1.84550178e-03  7.63031483e-03  1.04535218e-02  1.24833817e-02
  8.56831647e-03  3.43974198e-03  1.67525901e-03  1.36707242e-02
  9.56149733e-03 -6.97252544e-03  5.19246446e-03  8.80210526e-03
  1.24717866e-02  4.67406351e-04 -9.62409201e-03  7.01505602e-04
  1.09684211e-03 -6.19788533e-03 -1.98672741e-03  1.95379747e-02
  1.16446085e-02 -2.97049293e-03  1.16650779e-02  3.95072349e-03
 -4.43221524e-04 -5.53505355e-03  2.17135511e-03  2.73520871e-03
  6.48027923e-03 -2.18983684e-02  5.36989967e-03  6.30510823e-03
  4.00053720e-03  1.64860966e-02  5.52710748e-03  1.20654348e-02
  9.41113170e-03 -2.94657990e-03  1.01417431e+00  1.46693706e-02
  7.91789474e-03  9.60819328e-03  1.09381053e-02  1.57137605e-02
  2.99775108e-04  7.76456057e-03 -4.33315909e-03  4.27512014e-04
 -1.16567330e-02  7.79683208e-03  5.83205982e-03 -7.94104222e-03
  5.97806638e-03 -7.94242675e-04 -2.36607386e-03 -6.44219083e-04
 -5.79196022e-04 -6.32317927e-03  1.45320378e-02 -1.02781344e-03
  4.99157895e-03 -9.78915407e-03  1.01689235e+00 -1.25083277e-02
 -5.74621671e-03  6.41153419e-03  1.01484908e+00  6.96088932e-03
 -1.23084054e-02 -5.62133333e-03  1.32741781e-02 -4.57116520e-03
  3.40033074e-03  4.24988064e-03 -7.50312500e-03  6.90772536e-03
  1.02002951e+00 -8.84968685e-03  5.89161867e-03  9.17051821e-03
  9.36587367e-03  4.54039786e-03  5.05425100e-03  5.47743966e-04
  5.91815275e-04  7.73229124e-03  1.22510762e-02  5.08537797e-03
  1.01552142e+00 -1.25907147e-02  2.37015769e-03  8.13855462e-03
  1.79459034e-02  6.68654311e-03  1.32900032e-02 -3.04672814e-03
  1.29403238e-02  4.50264099e-03 -3.97483419e-03  2.65055176e-03
  8.27201862e-03  2.41573239e-03  4.17152013e-04 -6.32108608e-03
 -1.71822998e-02  3.06604998e-03 -5.36381617e-03  6.20277472e-03
  1.02028385e+00  5.32548950e-03  6.35854342e-04 -6.65457951e-06
  8.84537667e-03  1.10590725e-02  4.99271717e-03 -1.84112880e-03
  2.86031188e-03  1.11181723e-02  1.20844034e-02 -3.73230949e-03
  1.45133172e-02  6.44739817e-03 -1.01225730e-02  5.40651261e-03
  5.41463673e-03  5.11790436e-03 -6.33714313e-03  1.01984079e+00
 -4.99969609e-03 -4.20685042e-03 -6.79031739e-03  2.11949686e-03
 -4.83933788e-04  6.18032326e-03  5.21404521e-05  1.08797686e-02
 -5.93473684e-03  3.32418406e-04  1.01569561e+00 -3.74414317e-03
  1.77720819e-03 -8.47255501e-03 -4.94777948e-03 -1.09659623e-02
 -4.94443080e-03  5.93172269e-03  1.21418983e-02  8.11313552e-03
 -7.43671025e-03 -9.36890963e-04 -3.63048017e-03  1.21194287e-02
  1.09390129e-02  8.31855730e-03 -5.82576332e-04 -9.97684211e-03
  1.64906205e-03  5.59942973e-03  1.36288353e-02  5.83597250e-03
  2.97121054e-03  1.64333999e-03 -1.22609502e-03  6.70330924e-03
 -3.20654950e-03 -6.55287115e-04 -1.30948987e-03 -1.72459617e-02
 -8.85286207e-03 -9.55578947e-03 -4.22185243e-03  2.01826792e-02
 -7.05739716e-03  1.18105263e-03  1.40482484e-03 -8.50137905e-03
 -1.30788505e-03 -6.37829631e-03  7.87937675e-03  2.80854676e-03
 -2.38294737e-02  3.09392162e-04  1.29435780e-02 -1.59919341e-03
  8.76669847e-03 -4.30146731e-03  6.65490148e-03 -6.46105263e-03
 -7.07988687e-03  2.36043652e-03 -9.43318903e-03  1.66057283e-02
 -1.45697601e-04 -7.26530514e-03  3.03099079e-03 -1.69535138e-02
 -1.03755691e-02 -4.61556119e-03 -2.32325581e-02 -2.90222638e-03
 -7.74109985e-03  1.47966685e-03 -4.82287609e-03  3.37472578e-03
 -7.52692683e-03 -9.23734137e-05  2.56675542e-03  1.02195063e+00
  4.17558317e-03 -4.62901567e-03  5.86262626e-03  1.41681248e-02
 -1.57928383e-02 -6.81497422e-03  6.38479766e-03  1.49128530e-02
 -3.94193784e-03  7.43745574e-03 -1.04038758e-05  1.31671385e-02
  6.20151304e-03  1.