[ 4.50493781e-03  8.97254488e-03  1.09305387e-02  2.24947368e-03
  1.34842593e-02  6.49632353e-03 -6.18403063e-04  6.33796848e-03
 -1.45611361e-02 -1.56208322e-03 -4.95006053e-04  2.96901221e-03
 -4.05969551e-03 -8.64516688e-04  1.77092600e-03  9.13458208e-03
  1.54639504e-03  1.10817785e-02  7.92309758e-04  9.12384677e-04
 -6.10896533e-03 -1.69612930e-02 -1.15255223e-03  1.23102077e-02
  1.20295022e-02 -7.65736395e-04  1.64980422e-03  8.60595552e-03
 -3.09222068e-03 -8.45725093e-03  1.03082255e-02 -2.03903375e-03
 -5.78349974e-03 -1.21026235e-02  6.26900521e-04 -9.65509700e-03
  8.08060893e-03  3.52765753e-04  1.49746196e-03  2.44065939e-03
 -1.12412473e-03 -6.84095364e-03  7.63427871e-03 -2.52142086e-03
  6.03939355e-03  1.15393541e-02 -1.54253847e-02  2.79664649e-03
  7.34978992e-03  1.09713297e-02 -7.47044084e-04  1.20276937e-02
  7.87923304e-03  1.01719761e+00  1.70082765e-03  8.41433717e-03
  1.25705912e-02 -3.83420741e-03  1.15067274e-02  6.16806723e-03
  1.01290266e-02  3.67827380e-03  8.14291543e-03 -1.44985298e-02
  6.22140780e-03  4.94310261e-03  3.77447223e-04  5.12708333e-03
 -7.97409916e-03  4.27105701e-03 -1.74528854e-03 -7.14778284e-03
  1.31216326e-02 -5.25037813e-03  9.53015491e-03  9.64995716e-03
  7.41487199e-03  9.15997673e-04 -1.46153496e-03  4.58241542e-03
  1.01662850e+00 -1.12809504e-02  3.26557583e-03  3.19108768e-03
  5.43942577e-04  6.13355649e-03 -3.62674466e-03 -1.09568730e-02
  3.60432900e-03  7.52386848e-03  1.14659536e-02 -3.15508793e-03
 -9.77804245e-03 -3.61397059e-03 -3.51447811e-03  1.49686287e-02
 -6.71257109e-03  9.81816972e-03  6.92315789e-03  5.45064235e-03
  6.15710432e-03 -1.12163710e-02  9.80567471e-03  1.03165862e+00
 -4.12514721e-03 -1.30526445e-02  5.02766959e-03 -2.70285509e-03
 -8.78595479e-04 -1.97268908e-03  1.15007762e-02  4.11580689e-03
  1.13003429e-02 -4.67684211e-03 -9.59280099e-03  7.79658671e-03
 -8.36077192e-03 -2.40305324e-03  6.09211112e-03 -2.33197006e-02
 -1.62113762e-02  6.46815872e-04  5.23455030e-03  3.91574458e-03
  1.83730885e-03 -6.10842105e-03  1.48440431e-03  3.10994764e-04
  1.44944685e-03  6.22021277e-03  6.35018883e-03  9.62454652e-03
 -1.04222898e-02 -1.47904255e-02  6.85321573e-03  1.01084809e-02
  4.37267837e-03 -1.84232038e-02 -5.22980048e-03  3.50705748e-03
  6.65076110e-03 -9.63924874e-04 -1.69010873e-02 -1.60443398e-03
  1.16390056e-02 -5.61143284e-04  1.01883350e+00  1.99042749e-02
 -3.99540214e-03 -1.42545546e-03  1.72564124e-02  3.77491974e-03
 -9.24220149e-03  1.20804121e-03 -6.46145833e-03  5.16330985e-03
  1.10436612e-02  6.37093742e-03  2.87199478e-03  1.55635042e-03
 -1.14693670e-02 -3.45250162e-03 -8.36133029e-03  6.75875798e-04
 -7.08147534e-03  7.88959680e-03  9.82693742e-03  1.02348646e+00
  1.24734436e-02  7.71733976e-03 -2.18295833e-03  3.33937191e-03
 -2.40075735e-02  4.30477902e-03  4.89832747e-04 -4.03101338e-03
  1.70210526e-03 -2.51375900e-02  1.01865263e+00  7.72315789e-03
  1.28677413e-02  6.04035207e-03  4.70724694e-03  1.19479167e-03
  8.66193109e-03  1.09231579e-02  9.98828686e-03  1.13543438e-02
  1.92636039e-02  8.39577264e-03  1.20679199e-02  1.01807877e+00
 -6.91160457e-04  1.81645368e-03  4.03311319e-03  1.94690726e-03
 -2.18541598e-02 -1.63652266e-02 -4.29022786e-03  2.20368204e-03
 -3.29503706e-03  6.55466667e-03 -7.02509599e-03  1.01526438e+00
  1.73436628e-03 -1.33264480e-02  4.13899709e-03  9.86278052e-03
 -5.30590717e-04  1.01759018e+00 -6.38728113e-04 -5.96716600e-03
  1.01314350e+00  7.17701630e-03 -1.04916318e-03  9.93276777e-03
 -1.62282126e-02  5.86950904e-03  7.12631579e-04 -1.13335492e-02
  3.22311868e-03  7.20017117e-03  3.76280141e-03 -3.40318352e-03
  9.01077441e-03 -6.29491305e-03 -4.49705572e-03  1.06670724e-02
 -3.61131270e-03  2.06770532e-03  9.92123328e-03  1.04679099e-02
 -5.49789474e-03 -1.96384678e-03 -3.58848044e-03  5.67090511e-03
  7.15218150e-03 -1.03949682e-02  9.88356962e-03  8.84343224e-03
  1.54026478e-02 -3.14707585e-03  1.01863158e-02 -2.46096772e-03
 -1.57961114e-03  8.62305006e-03 -1.22564871e-03  7.80934874e-03
  8.05022720e-03  4.76627717e-03 -7.04033241e-03 -6.31524018e-03
 -4.70735931e-03  1.01661898e-02 -4.01064946e-03  1.25015951e-03
  5.00901967e-03 -4.44874477e-03  5.43717152e-04 -3.53441061e-05
  1.12739115e-02  1.05780932e-02 -4.07621784e-03 -1.06808121e-03
 -1.14518981e-02  1.05787748e-02  1.02544437e-02  7.06530112e-03
  1.01047745e-02 -5.52349072e-03  1.80083536e-03 -7.74496145e-03
  4.24300428e-05  3.35973597e-03 -9.17244398e-03  3.47636555e-03
 -1.16411609e-03 -5.97342995e-03 -3.06305992e-03 -7.71100427e-04
 -4.52193485e-03 -2.15241681e-03  5.49463742e-03 -4.92100557e-03
 -5.26701571e-04  1.00312382e-03  7.44770155e-04  4.17894737e-04
 -6.31530389e-05 -1.40836905e-03 -6.34449237e-03  1.79406037e-04
  1.01504896e+00  7.04789080e-03 -5.84541702e-04 -4.29633508e-03
 -9.84666511e-03 -4.33895119e-03  2.88317346e-03 -1.77157895e-03
  1.51934337e-02 -1.73065946e-03  2.31263158e-03  2.43249826e-03
  4.75118859e-03 -2.43089733e-03  1.17420279e-02 -1.39305261e-02
  1.48025527e-02  9.13931370e-03  1.19669449e-02 -8.68264857e-03
  1.14118433e-02 -7.12107688e-03  9.87099685e-05 -2.86479059e-03
 -9.56635154e-03  4.94479167e-03  6.84068857e-03  6.81117842e-03
  9.04925445e-03  5.81047220e-03 -3.23229167e-03 -1.18808677e-03
  1.00423097e-03 -3.02754189e-04  7.16492353e-03 -1.77573529e-03
  1.03478641e-02  1.17596327e-02  1.56621184e-02 -1.16829247e-02
  7.63948727e-03 -1.67911267e-04  9.09688413e-04  1.89154416e-03
 -8.28058801e-03  2.26183831e-03 -6.99886063e-03  8.43447990e-03
  2.52023037e-04 -2.87158296e-03  6.40236297e-03  1.01361896e+00
 -6.75635593e-03  3.57533450e-04 -1.11821053e-02 -9.62375695e-04
  3.46319521e-04  1.50309874e-02 -7.50062642e-03 -6.37802663e-03
  4.94588799e-03  9.92690868e-03 -7.41301285e-03  1.01619866e+00
 -9.34861503e-05 -3.45666529e-03 -1.15800525e-03  3.93032650e-03
  9.70632683e-03  1.27114599e-02  9.70735424e-03  8.49908056e-03
 -4.29344708e-03  1.01557568e+00  1.10700280e-02  1.55468509e-02
  1.01521255e+00 -1.