[0.61320086 0.69737382 0.23762129 0.59317864 0.17043484 0.23372671
 0.50932013 0.70215805 0.03269756 0.15617358 0.73367771 0.99645072
 0.88557    0.55534733 0.30922878 0.35510309 0.56611712 0.3482252
 0.04199868 0.42621627 0.36599634 0.65206718 0.50258667 0.42464207
 0.31870121 0.72239319 0.85580346 0.19707961 0.25127057 0.48043646
 0.79417103 0.25874928 0.55160914 0.13456144 0.47278885 0.60451071
 0.14519591 0.23264013 0.83605458 0.39844066 0.33785417 0.69028023
 0.7434121  0.67575087 0.56288876 0.74101394 0.2128047  0.74216607
 0.22680251 0.79308914 0.50359053 0.81846141 0.45532207 0.61594718
 0.93808271 0.74209494 0.91183014 0.18880947 0.63265193 0.04196328
 0.06662379 0.60045286 0.20653816 0.94804136 0.37946133 0.68569655
 0.1210273  0.15752047 0.71043997 0.98639778 0.49968023 0.31582874
 0.27100295 0.80293979 0.03548443 0.4412399  0.24984812 0.04906223
 0.23810468 0.60633993 0.4477547  0.54647095 0.64046555 0.84678513
 0.14338809 0.17143659 0.78474118 0.89652941 0.4387628  0.58486208
 0.10863075 0.78301457 0.97888933 0.43646168 0.22325916 0.81903731
 0.36667784 0.29957189 0.55945899 0.40079807 0.93630043 0.66665076
 0.5930526  0.66620031 0.1361417  0.37726939 0.41303785 0.13144299
 0.50078895 0.84638465 0.16867939 0.18214489 0.50780854 0.2383374
 0.89913515 0.57780076 0.95293134 0.65859017 0.03339856 0.2199462
 0.44502244 0.3897352  0.88643683 0.89155725 0.46612723 0.3708548
 0.54038529 0.51446072 0.15018314 0.21543602 0.90775295 0.88163605
 0.83284448 0.22298952 0.38828334 0.11567727 0.25011128 0.61039933
 0.68719713 0.59954099 0.40182844 0.45312908 0.366468   0.39455228
 0.13784334 0.90757357 0.71255775 0.69546345 0.1622284  0.0618584
 0.63180762 0.49694093 0.24351659 0.86440813 0.37338017 0.89440621
 0.39672603 0.79639618 0.81682413 0.34742971 0.07222384 0.20548196
 0.82166287 0.82388509 0.9422605  0.16538121 0.64366727 0.42685019
 0.64269702 0.17046288 0.0827517  0.85500516 0.32294734 0.54302374
 0.17289278 0.68391666 0.81041496 0.0626396  0.59242436 0.33077702
 0.13956592 0.69871919 0.1426641  0.9415662  0.43555154 0.01940561
 0.46437752 0.40793692 0.30145617 0.86175803 0.71707284 0.34088718
 0.86281303 0.62512663 0.72021802 0.94940453 0.38470044 0.23684915
 0.49517407 0.65291987 0.75733113 0.39568504 0.18434803 0.3685193
 0.12887215 0.52878784 0.29246015 0.66932033 0.9668169  0.03029806
 0.49248927 0.58515688 0.04913467 0.99804679 0.99401252 0.42425365
 0.16576175 0.91802701 0.89315379 0.73013824 0.02802468 0.01131701
 0.38272124 0.82340945 0.14930259 0.55835295 0.38373277 0.11224727
 0.17485557 0.72567225 0.99057196 0.96440482 0.37763288 0.02761629
 0.33385703 0.7573498  0.67413927 0.39144774 0.97994049 0.21407418
 0.62209926 0.1762091  0.80485731 0.51983067 0.38849599 0.19665485
 0.17625659 0.65350828 0.42200247 0.91750838 0.18990938 0.64373325
 0.81152498 0.589701   0.9409717  0.99570341 0.72226597 0.55712613
 0.30549087 0.78379819 0.52584862 0.65246436 0.29502409 0.84711297
 0.85310463 0.49118018 0.32431745 0.99465712 0.33441616 0.40818435
 0.96096175 0.48411744 0.52965861 0.51956572 0.87747616 0.70109646
 0.62077158 0.28778926 0.32051898 0.19515746 0.63537303 0.10630783
 0.56614973 0.76963447 0.7632297  0.89364122 0.31573502 0.20360754
 0.08048001 0.95366717 0.24474145 0.34417109 0.34917838 0.11360854
 0.60090155 0.08515194 0.88322354 0.52959491 0.43327931 0.40781785
 0.08657686 0.62797233 0.32487337 0.56544512 0.96965651 0.95738374
 0.69127443 0.73313016 0.27382941 0.17661014 0.85878763 0.42949552
 0.22288832 0.53569041 0.04606081 0.84124316 0.9186282  0.59989424
 0.4466918  0.75358612 0.54899135 0.25727653 0.39630956 0.52870029
 0.93391476 0.53808849 0.97385812 0.56439551 0.62134195 0.65519793
 0.87409568 0.62011909 0.06034367 0.266992   0.09853754 0.49602029
 0.64921884 0.59402373 0.59951252 0.36449146 0.34018232 0.1420916
 0.01850852 0.05614599 0.63294226 0.70833047 0.38919421 0.56918434
 0.21151047 0.33094279 0.96778594 0.86087837 0.80033949 0.23870284
 0.17114765 0.68935291 0.57631117 0.64908596 0.01879379 0.83982765
 0.87937313 0.7899685  0.32172642 0.44394081 0.8006828  0.02997309
 0.13594216 0.1691707  0.36984375 0.2780423  0.56153339 0.20292561
 0.38774888 0.39137875 0.92528688 0.47837985 0.6833812  0.81378647
 0.97984981 0.9955571  0.71511423 0.01153358 0.05402803 0.96293935
 0.93224599 0.08946915 0.43057317 0.20243436 0.13275489 0.67932271
 0.79417715 0.7066886  0.82672584 0.71323354 0.42553003 0.63465979
 0.69999082 0.66608215 0.21451266 0.35567238 0.51569037 0.25351453
 0.72914546 0.38021528 0.42377292 0.25258617 0.11106375 0.3899448
 0.8679801  0.48433076 0.35673127 0.79984484 0.42643573 0.766402
 0.04742246 0.35266437 0.71979891 0.81387684 0.08066203 0.06931365
 0.26083022 0.68187335 0.89612247 0.13294314 0.23067202 0.16531512
 0.30464869 0.29667465 0.96458407 0.26790513 0.97880596 0.84205402
 0.50948538 0.00836959 0.05695135 0.31454595 0.26729638 0.65897168
 0.80496886 0.40142029 0.46567094 0.64672151 0.87581262 0.19669847
 0.81898875 0.41043432 0.77846226 0.02572119 0.76320184 0.47763869
 0.19133017 0.9313123  0.01360221 0.50388731 0.91313531 0.4928141
 0.34760352 0.79453425 0.33238753 0.6523372  0.94515193 0.60540298
 0.63990965 0.25081164 0.90895459 0.92125113 0.66586547 0.7257348
 0.56908482 0.07749143 0.94449972 0.77766778 0.51212485 0.16321805
 0.51798455 0.50005477 0.63874382 0.84813061 0.08007186 0.88819935
 0.08216078 0.33946901 0.30589311 0.42661425 0.8485643  0.33612673
 0.39222856 0.39531492 0.33954226 0.15100147 0.47221139 0.59503554
 0.37708623 0.14211624 0.19240041 0.02855469 0.56217365 0.06460149
 0.7875818  0.88896775 0.69029971 0.21644326 0.01804903 0.73354044
 0.90400651 0.73252676 0.34126122 0.978462   0.80565308 0.67279247
 0.89973285 0.46786727 0.24375324 0.84756452 0.65372375 0.09422055
 0.89994502 0.78439559 0.28719996 0.11684821 0.12561641 0.24513594
 0.88008169 0.35246845 0.23863864 0.8301552  0.06070625 0.87134705
 0.72464496 0.61156542 0.71889048 0.22958089 0.15195079 0.05033413
 0.50318618 0.71236433 0.47949768 0.45225436 0.34