[-1.06537611e-02  1.85694730e-03 -1.13688307e-03  5.61738262e-03
  3.08007713e-03  1.01695304e-03  6.81305842e-03  1.00217217e+00
 -5.85838410e-04 -8.96778982e-03  5.16072045e-03  1.00708792e+00
 -8.49462437e-03  2.16242841e-03 -1.21208542e-02  3.55842812e-03
 -1.00304433e-02 -1.12389876e-02  1.01033824e+00  5.39729298e-03
 -1.69702213e-03 -6.66376276e-03 -2.48894301e-03 -6.54217455e-04
  1.00500539e+00  1.10859107e-03 -5.98977505e-03  1.00202497e+00
  1.44752349e-03  1.00331843e+00 -2.34633572e-03  1.00064446e+00
  6.82805246e-01  2.24789504e-03  2.74316722e-03  3.27819549e-04
  2.44676912e-01 -2.71729668e-03 -1.64054983e-03  1.00338344e+00
 -5.38487855e-04  5.24741736e-03  1.00619059e+00  1.00886152e+00
  4.25003761e-03 -6.94121715e-03  7.60842766e-01  9.26206897e-04
  1.00391305e+00  1.00078192e+00 -8.91733267e-04  9.93090847e-01
  1.00312045e+00  1.01347576e+00 -1.17647819e-04  3.07208998e-03
 -2.56904098e-03  1.00036848e+00 -7.41192006e-04 -7.88348339e-03
  1.00661291e+00 -4.81470224e-04  5.27199827e-03  3.49774182e-03
  1.00197382e+00  4.43981740e-03  4.25936563e-03  3.57912805e-03
  1.01012315e+00 -1.03690633e-02  1.00651484e+00 -2.40569482e-03
  1.12305114e-03  5.87155647e-03 -2.44687633e-04 -3.52898912e-03
  1.00654086e+00  1.00840248e+00  7.84283558e-03  5.91101785e-03
  5.62726961e-03 -5.63241379e-03 -3.68912248e-03  2.22965517e-03
  5.53953194e-03 -1.00880370e-03  8.44496852e-03  8.32114809e-03
  4.68941106e-03  3.31312772e-03 -6.45201218e-03  1.00587103e+00
 -1.40699313e-03  6.80883794e-03 -4.92986257e-04  1.00451334e+00
 -7.46963403e-03  2.15807536e-03 -5.40599174e-03 -6.46249861e-03
 -2.52026452e-03 -1.74970347e-03  1.00842001e+00 -3.21968657e-02
  3.62938059e-03  5.28373403e-03 -1.71418803e-03  1.00319764e+00
  2.34727140e-03 -1.91151372e-03 -3.39006849e-03  1.19429869e-03
 -2.51422442e-02 -1.40237006e-03  6.67625870e-03  5.46263774e-03
  3.43424686e-03  4.93801961e-01  1.00675548e+00  4.79581497e-03
  2.69534763e-03  1.82430070e-03  1.00740963e+00  1.00498030e+00
  4.53243158e-03  5.57318645e-01  1.00949363e+00  4.43046964e-03
 -1.42074811e-03 -4.30827586e-03  1.00605704e+00 -3.83117298e-03
 -2.98579630e-03  5.42013363e-01  1.49881950e-03  1.00952242e+00
  1.00206831e+00  1.00750519e+00  1.28577672e-03 -2.20160367e-04
 -2.33541654e-03  8.13877410e-04 -3.23829676e-03 -1.56128811e-02
  4.40927414e-01  2.68629477e-03  1.00579149e+00  4.66632231e-03
 -6.95655172e-03  1.00699417e+00  1.07717221e-03  3.69799461e-03
 -7.28824969e-03  1.00078547e+00  3.39304446e-03 -3.27734585e-03
 -9.20068729e-03 -3.39423479e-04 -8.21575342e-04  1.00282966e+00
  1.01134032e+00  1.00750291e+00 -2.36682068e-03  1.00531712e+00
  1.00021126e+00  1.61409614e-03  2.95076950e-03 -3.80224510e-03
  1.00306424e+00 -2.96823358e-03 -7.48247423e-03 -2.93151982e-03
 -6.11977462e-04 -2.95830873e-03 -2.63102153e-03  1.00047769e+00
 -3.55081929e-03 -7.53412171e-04  7.60921969e-02 -9.55445205e-03
 -7.15753239e-04  2.14160839e-05 -2.39500827e-03 -4.10783555e-03
 -1.10664034e-03  1.00399928e+00  1.00289852e+00  1.17161851e-03
  1.15040172e-03  1.45846154e-03 -1.99972209e-03  1.00679588e+00
  1.00789757e+00  1.00191414e+00  1.00824312e+00  3.18687392e-03
 -1.10210345e-02  2.89553265e-03  2.44072114e-04  1.56879962e-03
  1.00442245e+00 -1.29602628e-03  7.27789256e-04 -4.86660171e-03
  1.00347541e+00  8.48197727e-04  1.00251307e+00  1.00583349e+00
  1.75901218e-03 -4.91775096e-03  9.11977158e-04 -1.79511583e-03
  1.00171370e+00 -7.59235438e-04  1.00524742e+00 -4.97064927e-04
 -1.03465702e-03 -3.01512027e-03  3.38294824e-03  2.61280264e-03
 -9.95051954e-04 -1.80482759e-03  3.85533825e-03 -1.65597688e-02
  1.00059687e+00  1.00870646e+00 -2.18239261e-02 -8.41353444e-03
  6.60230015e-03  1.00596859e+00 -5.16861397e-03 -8.44229169e-03
 -3.43023712e-03 -8.94170096e-03  1.00493448e+00  1.00634981e+00
 -1.69550695e-03  3.18687392e-03  8.16831080e-04  5.95172414e-04
  4.40775596e-03  1.00783025e+00 -1.50780514e-03  1.00227777e+00
  1.00058513e+00  5.48062174e-03  3.69799461e-03  1.00565265e+00
  1.00344806e+00  9.98156656e-01 -1.12113813e-03 -4.07501333e-03
  1.22095694e-03  3.10171821e-03 -4.52044569e-03 -4.09159890e-03
  2.02275862e-03  1.00882471e+00 -5.14534637e-03  5.01535591e-04
  1.00236936e+00  1.21161973e-03 -2.80763376e-03  2.26540586e-03
  2.73425807e-03  1.00922825e+00  6.18394753e-01  1.00448533e+00
  5.96253215e-03  1.00361482e+00  1.54789521e-03  2.15120275e-04
  8.13877410e-04  5.25521191e-03  3.56810404e-03  6.00533013e-04
  1.00948071e+00  1.00645881e+00  5.93528202e-03 -2.60364386e-03
  4.69185696e-03 -6.52119867e-03  2.92840355e-03  7.37067161e-04
  2.65728529e-03  2.90961714e-03  1.00886854e+00  2.14652767e-03
 -1.53395969e-03  1.00213926e+00  2.13619941e-03 -4.46221843e-03
 -2.52588968e-02 -1.72054795e-03  2.01657256e-03  1.07743198e-04
 -2.38502817e-04 -3.79628418e-03  1.00329373e+00 -1.92896552e-03
  1.00901306e+00 -8.39844923e-03  1.63287988e-03  4.24932369e-03
  4.53765570e-03  1.00705348e+00 -2.11114766e-03  5.66023432e-03
  1.74270402e-03  6.02584528e-03  4.29616447e-03  1.61054443e-03
  9.95369489e-01  1.00856770e+00 -3.31517241e-03  1.00733998e+00
  7.01377099e-04  1.01611829e+00  4.68744051e-04 -1.56102886e-03
  5.98191563e-03  9.99848568e-01  1.00251147e+00  2.28452246e-03
 -8.76387060e-04 -1.91808330e-03  3.23917526e-03 -2.09498763e-03
  7.82034062e-04 -4.00037463e-04  1.13150057e-03  1.78975079e-03
 -1.77597009e-03  9.96889856e-04 -4.14275862e-03  1.01236691e+00
  1.00506951e+00  1.00481876e+00  9.98837134e-01  3.77234644e-01
  1.40595251e-03 -8.97725967e-04  6.46594693e-04  1.01066620e+00
  7.10630345e-03  1.00453559e+00  9.08109966e-03  1.00677593e+00
  1.00085646e+00  5.70142010e-03 -3.18763830e-03  1.00972016e+00
  2.15120275e-04  9.96548491e-01  1.00504345e+00 -4.03219178e-03
  2.40952654e-03  1.00868968e+00  1.00476447e+00  1.00256110e+00
 -9.68849656e-03  5.64273446e-03 -3.98285924e-04  1.00198817e+00
 -2.85068493e-03 -5.60908134e-03  2.50757837e-03  5.27779285e-03
 -5.41637990e-04 -1.