[ 5.35963565e-01  1.00344898e+00  9.97954398e-04  7.14778355e-01
  6.09321592e-03  9.19394289e-01  5.09843418e-01  1.17819781e-02
 -5.34122827e-03  4.77343419e-03  1.00282780e+00 -6.36658047e-03
  1.81978340e-02 -1.72513327e-02  8.43657025e-03  5.73913633e-03
  4.19407581e-02  9.95561946e-01  2.96895238e-01  7.77119742e-01
  1.45885300e-02  1.00706351e+00 -9.80693199e-03  4.52479671e-03
 -4.82061153e-03  2.52752354e-03 -1.22994920e-02  7.63657104e-01
  4.11619582e-04  5.53815353e-03  1.00883928e+00  6.13815423e-03
  7.67612159e-01 -3.68301100e-03  1.00403742e+00  8.79908382e-03
  8.50757788e-01 -2.78822887e-03  9.95522903e-01  7.55765425e-01
  2.25146807e-03  1.26554007e-03 -8.33333468e-03  1.83255185e-03
  3.15941902e-03  5.66624193e-03  8.62086111e-02 -8.47994918e-03
  3.66349661e-03  6.99101334e-03  4.53857875e-03 -2.46062307e-03
  1.65507209e-03  9.93238675e-01  3.77943517e-03  2.73582777e-03
  4.77897129e-03 -1.94790091e-03  6.30466703e-03 -4.32115628e-03
 -1.40625821e-03  1.00095716e+00  1.00293060e+00 -6.88092215e-03
  7.17595272e-03  7.22366187e-03  4.12128160e-03 -5.07204608e-03
  2.44260819e-01  1.43242227e-02 -1.73565110e-03  5.35164332e-01
  1.02105259e+00  1.57971074e-02  9.96172616e-01  5.74602160e-03
  6.74148178e-04  1.30961626e-02  9.66891469e-02  4.04607438e-03
  9.85669754e-01  1.42662543e-02  5.55208903e-01 -6.78490898e-03
  9.93564063e-01  9.58741751e-03 -9.70959824e-04 -1.85964010e-03
 -2.34597107e-03  5.34623068e-03 -1.34419165e-02  9.94959236e-01
  1.19493151e-01  7.20178498e-01  1.59166713e-03  6.64318509e-01
  5.90680164e-03 -1.30680399e-02  4.70069256e-03  1.10798113e-02
  1.65407411e-03  1.01270200e+00  5.14942849e-03  5.38606422e-04
  8.92266667e-03  1.00695982e+00  7.11230682e-03 -2.89362763e-03
  7.32455595e-03  5.97859530e-03  1.01667992e+00  5.97672479e-01
  9.86199760e-03 -2.69167535e-03  3.15523901e-03  4.58713173e-03
  9.49217306e-03  1.00202147e+00  8.63130535e-03  5.38317241e-01
  7.95275312e-03  4.90158638e-01  4.29273728e-01 -8.90028013e-03
 -6.05049115e-03  1.04933117e-02 -3.86867698e-03  1.93189744e-03
  9.98703026e-01  7.99431114e-01  1.56093464e-03  1.00660828e+00
 -1.92841716e-02  7.40485852e-01  6.01805128e-03 -3.30005910e-03
 -1.48242480e-03 -2.81816527e-03 -6.82435524e-04  1.00456893e+00
  1.01596446e+00  4.99209075e-03  2.70214033e-04  1.01769267e+00
  3.83392615e-03  1.01270063e+00  9.94673716e-01  9.97079573e-01
 -1.95653065e-03 -4.90661561e-03  6.88424162e-01 -2.30439654e-03
  1.13510326e-02  1.20667098e-02  4.01127784e-03 -1.21590207e-03
 -8.86829112e-03  1.00348546e+00  4.17917318e-03  1.50917844e-01
  8.53803835e-03 -5.20524651e-03  8.70738141e-03  9.97856757e-01
  4.80628627e-03  7.19793248e-02  4.78955336e-01  2.40718531e-01
  3.99673086e-03  2.82235769e-01 -7.43503821e-04  1.00003278e+00
  4.60171670e-01 -5.08356493e-03  1.00032517e+00 -4.33659929e-03
 -4.39050125e-05  9.98771451e-01  9.96037801e-01  1.00496667e+00
  1.00464339e+00 -7.29869756e-03  1.93635739e-03  1.00410747e+00
  9.97494812e-01  1.00223828e+00 -9.70338284e-03  1.56359648e-01
  7.60452675e-03  9.93840137e-01  5.17417334e-01  1.63277259e-01
  9.99864077e-01  7.48153028e-04  2.42261431e-03  1.51940689e-03
 -3.82524696e-03  9.72595447e-01 -1.69367516e-03  2.15852134e-04
  3.64677875e-02  3.79563206e-03 -4.31307301e-03  1.22673258e-02
  9.96706031e-01 -1.97747095e-03 -4.38053368e-04  9.54720617e-04
  1.00492151e+00 -4.73413355e-03  4.11902661e-03 -3.10134023e-03
  6.41666852e-03  9.16698702e-01  1.00324281e+00 -4.02119639e-04
  5.47319476e-03 -2.61829596e-03  1.00969937e+00  6.39797794e-03
  1.08609055e-03  1.00088975e+00  9.24223782e-01 -9.56506077e-04
  5.93616901e-03  1.64668828e-02  9.24833054e-01  3.88364206e-03
  8.61832470e-03  9.72654076e-01  5.84989157e-04  2.42439290e-01
  1.00712493e+00  1.08649534e-02 -1.97268896e-04  8.33918812e-03
  1.01898452e+00 -1.69977220e-03  4.25225700e-01  3.30680979e-03
  1.14441706e-02  3.95170144e-03 -1.16506317e-03 -6.02102713e-03
  9.39881147e-03 -5.99780340e-03  7.07576740e-03  4.43279545e-02
  8.64332296e-03  1.01090714e+00  9.28235324e-03  8.65800687e-03
  2.66249556e-03  1.01401682e+00 -9.23547155e-03  3.86826274e-03
  1.38912239e-04  7.51462438e-04  2.60605291e-03  8.77616475e-03
  9.93730447e-01  4.47305942e-03  6.18620929e-03  4.07351737e-01
  8.55975030e-03  1.50579729e-03 -2.24097820e-03  6.33498282e-03
  9.25751432e-03  7.58707006e-02  8.09443299e-03 -1.07261817e-02
  8.63096738e-03  8.32579160e-01  1.00175181e+00  1.11589187e-02
  1.00513895e+00 -1.43633500e-02  2.65625542e-03  1.09721745e-02
  1.00917396e+00  9.43907499e-03 -2.23461267e-02  5.43843782e-03
  1.01073475e+00 -2.87259162e-03  1.00714172e+00  4.47920521e-03
  1.01164507e+00 -8.57910653e-03  1.00916657e+00 -1.99807719e-03
  1.01036537e+00 -3.23385174e-03  9.14210587e-03  1.56366135e-02
  2.87527097e-01 -8.11618493e-03  1.51967818e-03 -1.01766620e-03
  8.13434564e-03  6.46279117e-03  1.40399141e-02 -1.09663224e-02
 -1.12563198e-03  1.01257731e+00  2.08990655e-03  6.25576867e-03
  7.74256443e-03  3.13019986e-03 -4.29813862e-03  2.40323941e-02
  5.99303545e-03 -1.91319846e-03  1.00990590e+00  6.22775577e-03
  3.79874482e-01  1.09741980e-02  7.54465141e-03  1.36953524e-02
  1.00855393e+00  1.01120296e+00  1.22682607e-03  1.01269530e+00
  1.27891241e-02  6.57028219e-01 -1.01537213e-03  1.00055623e+00
 -1.02721125e-02  2.93105684e-03  3.84372696e-03  1.00725307e+00
  8.46382656e-04 -1.97031827e-04  1.00130143e+00  9.08994973e-01
  6.75241731e-03  9.95101360e-01  1.00506762e+00  7.08651951e-01
  8.60506966e-03  7.94216957e-03  8.59186039e-03  8.41096813e-01
  2.42957757e-03 -4.23035878e-03  1.17427721e-02  1.23012942e-02
  4.77500614e-03  2.85003236e-03  2.03673257e-01  2.89273057e-03
 -8.77875952e-03 -1.80843933e-04  1.48510998e-02  2.16486620e-03
  6.32189838e-03  1.00099957e+00  9.86662422e-01 -8.31733027e-03
  1.23662289e-02 -9.19046006e-03 -1.64795082e-03  1.90132755e-02
 -1.16313271e-02  7.83378357e-01  3.68071987e-01  6.82620710e-01
 -1.32844214e-03  1.