[5.71043880e-01 3.93014419e-01 6.23662202e-01 9.85940991e-01
 4.99265075e-01 2.16880465e-02 7.29530212e-01 6.41640900e-01
 6.21054967e-01 6.82591473e-01 2.23837760e-01 8.54401187e-01
 2.50252540e-01 1.07368759e-01 6.27895218e-01 8.29906918e-02
 5.39644281e-01 4.07967527e-01 9.18710528e-01 9.61842422e-01
 9.19185612e-02 7.97722022e-01 4.09796905e-01 5.43288747e-01
 1.19234546e-01 7.99149721e-01 2.37756258e-02 6.90142229e-01
 2.51364036e-02 2.58664785e-01 8.43224995e-02 8.49868240e-01
 9.73888538e-01 2.52950378e-01 1.64360565e-01 8.27097218e-01
 8.39475017e-01 7.03025769e-01 1.42910977e-01 3.82172175e-01
 7.59804736e-01 9.96098076e-01 2.37978710e-01 6.85939211e-01
 7.58219312e-01 9.26052255e-02 4.97955460e-01 4.51653534e-01
 5.19476932e-01 5.11360666e-01 1.44214041e-01 7.80905484e-01
 8.71529904e-02 3.83350741e-01 3.36333924e-01 1.10591991e-01
 4.42124276e-01 7.10477633e-02 4.87482642e-01 8.26843843e-01
 9.03153929e-01 4.94582161e-02 2.22524287e-01 2.96508866e-01
 8.97753983e-01 8.46775650e-01 7.13354322e-01 1.63607753e-01
 1.47769634e-01 3.98641641e-01 1.00655033e-01 1.81131813e-01
 1.35703925e-02 5.72487667e-01 8.19110873e-02 6.79618027e-01
 3.33259301e-01 5.85477907e-01 2.30476303e-01 6.78579943e-01
 2.61129653e-01 2.88642604e-02 5.26412103e-01 1.98301774e-01
 3.63917898e-01 7.54925084e-01 4.14738486e-01 7.96815315e-02
 4.41583580e-01 5.89701956e-01 7.74180142e-02 4.33041737e-01
 1.97667082e-03 8.60221126e-01 2.16987938e-01 5.82846560e-01
 5.08536415e-01 3.35387187e-01 7.14550918e-01 4.01516697e-01
 8.43365698e-01 6.68550866e-01 6.96017603e-01 6.33216302e-02
 7.55248082e-01 1.08418414e-01 5.36009384e-01 2.64724916e-01
 3.46781963e-01 3.21956136e-01 3.93109378e-01 3.23348453e-01
 6.83295085e-01 1.46592842e-01 8.83009351e-03 4.29259328e-01
 9.46761768e-01 1.85943855e-01 1.75515162e-01 7.56984098e-01
 4.92253982e-01 2.02280883e-01 1.13556524e-01 2.40928428e-01
 1.68986208e-01 2.72935215e-01 1.93622556e-01 4.48405404e-01
 3.22407857e-01 5.34736840e-01 1.99685320e-01 5.38901732e-01
 7.50124734e-02 8.74020526e-01 7.87127350e-01 4.26389510e-01
 7.49237417e-01 3.77685186e-02 3.44029697e-01 5.23807202e-02
 3.00438412e-01 7.56047671e-01 7.27526825e-01 3.92341601e-01
 3.28771930e-01 6.79053081e-01 9.35136606e-02 5.02001354e-01
 9.32868078e-01 7.17954229e-01 3.12738938e-01 6.09081507e-01
 4.42327339e-02 2.36050539e-01 5.55690579e-01 4.07818429e-01
 4.03859138e-01 7.30970594e-01 5.10734122e-01 3.20677517e-01
 2.74654427e-01 9.43777269e-01 2.69477836e-02 9.43064376e-01
 1.25357345e-01 8.20159120e-01 4.96848873e-01 8.46129116e-01
 8.70799289e-01 2.69563977e-01 5.82276586e-01 9.85626600e-01
 5.01411668e-02 7.01018987e-01 5.08702702e-01 2.55795177e-01
 3.49842384e-01 1.46976787e-01 6.32852817e-01 3.01358259e-01
 7.82684938e-01 4.77428979e-01 4.01913002e-01 5.50412390e-01
 1.59337845e-01 6.51111853e-01 1.93642907e-01 8.25944213e-01
 8.86752636e-02 5.05857041e-01 6.80489581e-01 8.82752900e-01
 6.08364407e-01 6.26531065e-01 2.62690281e-01 3.94807190e-01
 8.30052143e-01 2.79454935e-01 1.62304401e-01 1.04803609e-01
 4.09261207e-02 8.55562513e-01 7.54975658e-01 1.28520008e-01
 8.23355878e-02 8.87865066e-02 6.41760518e-01 1.05327613e-01
 9.06399071e-01 9.03493778e-01 8.74597584e-01 8.28320937e-01
 1.84910255e-01 7.15633746e-01 7.01042807e-01 1.30978675e-01
 8.40712128e-01 5.57348140e-01 3.82352131e-01 6.11208872e-01
 6.88533825e-01 5.99370638e-01 7.54021331e-01 7.46881245e-01
 2.04957129e-03 6.66069941e-01 9.06806647e-01 5.83909075e-01
 4.67641164e-01 9.65316626e-02 4.02938582e-01 4.89190259e-02
 8.76109806e-01 6.77951790e-01 9.78185705e-01 9.53594848e-01
 1.07015560e-01 7.22986171e-02 1.78361737e-01 8.14643476e-01
 3.16282288e-01 5.00995840e-01 7.45541094e-01 5.86726972e-01
 2.10606749e-01 5.41645003e-01 9.89161532e-01 6.65758025e-01
 1.92533964e-01 7.91176965e-01 6.24887656e-01 7.10170977e-01
 1.42639570e-01 5.24976625e-01 8.69479250e-01 9.70071322e-01
 1.53333144e-01 9.89112481e-01 6.50342450e-01 4.66253293e-01
 4.32199792e-01 1.84344816e-01 7.56491042e-02 8.21580985e-01
 4.20881564e-01 2.18015435e-01 4.63054227e-01 2.18741165e-01
 6.24998370e-01 3.06866746e-02 2.20386084e-01 6.15151608e-01
 2.97247188e-01 5.96367777e-01 4.56894651e-01 9.66430062e-01
 7.94751652e-01 7.13682433e-01 5.80712995e-01 5.22184463e-01
 5.18109059e-01 2.77640781e-02 8.43095736e-01 7.92059131e-02
 8.17569418e-01 3.44251844e-01 1.68626845e-02 5.85838483e-01
 1.67761933e-02 1.36448569e-01 9.15145261e-01 9.01058558e-01
 1.55648954e-01 9.44675025e-01 7.32948247e-01 2.89645097e-01
 5.40817710e-01 5.43647522e-01 9.90911822e-02 8.25521256e-01
 7.52272068e-01 9.90665964e-01 1.09560979e-01 8.92242582e-01
 9.81107349e-01 5.46700054e-01 6.19534285e-01 2.43049591e-01
 4.69644206e-01 4.97800510e-01 9.94088475e-01 8.70016326e-01
 7.51937893e-02 4.49057484e-01 5.48838241e-01 8.44257085e-01
 1.15210265e-01 6.78120495e-01 5.46459295e-01 1.21354280e-01
 1.61148182e-01 6.64205250e-01 8.74064926e-01 3.55642374e-02
 4.00156267e-01 6.46048627e-01 4.51037539e-01 9.79615083e-01
 7.99660168e-01 7.52196742e-01 2.88748846e-01 8.65951685e-01
 1.34341714e-02 1.79698685e-01 2.16936942e-01 2.22545060e-01
 7.90556985e-01 5.57877545e-01 9.55505448e-01 9.90298547e-01
 8.30805852e-01 4.50651502e-01 8.71958691e-01 7.37282219e-01
 9.71407972e-01 8.42707123e-01 1.41160408e-01 4.22030606e-01
 8.87765445e-01 3.12140828e-01 4.91659313e-01 8.73992833e-01
 4.11815838e-02 9.69287815e-01 5.37764112e-01 1.78842798e-02
 7.96307260e-01 5.83287353e-01 8.32605719e-01 7.71131059e-01
 8.52770292e-01 9.07907065e-02 7.08807504e-03 9.95164643e-01
 4.39382162e-01 3.36468724e-01 1.16149415e-01 9.91874399e-01
 9.65328307e-01 6.30211468e-01 3.92337084e-01 5.02832629e-02
 8.38547166e-01 3.90822477e-01 6.52699024e-01 6.64564200e-01
 2.20147659e-01 5.48538760e-01 1.50757867e-01 5.80328825e-01
 8.75362679e-01 1.03731099e-01 5.79136518e-01 1.16635899e-02
 2.59401827e-02 1.42515991e-01 3.51926082e-01 6.56301600e-01
 5.81280351e-01 5.25242472e-01 8.75886488e-01 8.49682681e-01
 1.78169276e-01 8.3956