[-0.01155751  1.00112451  1.00379655  1.00968347  1.00342926  1.00203244
  1.0054975   1.00684215  1.0041296   0.99964177  1.00389712  1.00253519
  0.99298329  1.00232071  0.99606045  1.00526868 -0.00813578 -0.01221544
  1.00443923  1.00566298  0.99623227  0.99602519  1.00410992  1.00278286
  1.00794351  1.00685138  0.99387006  1.0051826   1.00310953  1.00313006
  1.00162303  0.996336    1.00375287  0.9990656   1.00152597  1.00030802
  1.00332062  1.0029933   1.00174678  1.00334171  0.99885753  1.00328271
  1.0063893   1.00743774  1.00802778  0.99759117  0.99767255  1.00128381
  1.0060415   0.99627737  0.99797541 -0.00960439  1.00595424  1.00616111
  1.00402078  1.00267548  0.99508301  0.99991552  1.00045561  0.99510838
  1.00158824  1.00693999  1.00145698  1.00166522  0.99636275  1.00751675
  1.00094269  1.00812336  1.00409397 -0.01006584  1.0021113   0.99599858
  0.99873936  0.99469947  0.99937927  1.00368796  1.0032969   1.00225917
  1.00177781  1.00930464  1.0027377   0.99777749  1.00108828  1.00074169
  1.00015504  1.00522455  1.00810571  1.00489864  1.00326039  1.00000942
  1.00006152  1.0060778   1.00432567  1.0005869   1.0023235   1.00200418
  0.99466278  1.00554286  0.9952692  -0.00975217  0.99511877  0.99853767
  1.00587245 -0.02189079  1.00639884  0.99618152  1.00637676  1.00645303
  1.00239847  1.00338544  0.9957019   1.00263518 -0.019629    1.00401123
  1.0051772   1.00536352  1.00152774  0.9964544   1.00567316  1.00359933
  1.00038676  0.99871395  1.00717211  1.00375594  0.998877    1.00368681
  1.00409359  1.00571043  1.00172204  0.99328041  1.00286862  0.99699316
  0.99276587  1.00172825  1.00111809  1.00125622  1.00311428  1.00777595
  0.99844617  1.00404022  0.99815658  1.00106051  0.99519287 -0.01047869
  1.00533102  1.00442717  1.00114477  1.00244468  0.99465536  1.00229337
  1.00753237  1.00358685  0.99272653  1.00536505  0.99973309  1.00178184
  0.99375247  1.00387845  1.00163919  1.003805    1.00180342  1.00594336
  0.99521197  0.9978505   0.99992637  0.99919858  1.00405288  1.00264834
  1.00156751  1.00141188  1.00130376  1.00102246  0.99898656  1.00179855
  0.99755383  1.00032884  0.99239109  1.00303843  0.99349418 -0.00845736
  1.00272383  1.00336669  0.99922552  1.00168945  1.00253498  1.00022411
  1.00144436  1.00002734  1.00052438  1.00024672  0.99984003  1.00513997
  0.99601028  1.00397687  1.00291911  0.99992629  0.99919773  1.00197312
  1.00264083  1.00539645  0.99895975  0.99966518  1.00246785  0.99821578
  1.00415161  1.00292937  1.00229298  1.00169124  1.0051534   1.00136316
  1.00342186  0.99837156  1.00076423  1.00423136  1.00090401  0.99790266
  0.99797168  1.00335132  1.00156858  1.00102466  1.00253299  1.00177035
  1.00250225 -0.00837566  0.99969965  1.00590902 -0.01493716  0.99890225
  1.00586387  0.99842469  0.99730706  1.00506921  1.00234906 -0.00845305
  1.00258157  1.00461536  0.99850257  1.00281742  1.00346311  1.00449932
  1.001825    1.00202983  0.99814962  1.00459856  0.99633426  1.00230872
  1.00334678  1.00263425  0.99924138  0.99890857  1.00097337  0.99925541
  1.00107606  1.00323331 -0.00941275  1.00546341  1.00391467  1.00102942
  1.00358272  1.00160931  1.00605372  1.0061582   1.00322856  1.00248911
  1.00530714  1.00530725  1.00807811  1.00110688  1.00746299  1.00802677
  1.00700637  0.99797001  0.9987841   1.0008253   1.00340443  1.0005467
  1.00640566  1.00772414  1.00609165  0.99675275  1.00181239 -0.0083363
  1.0040169   1.00074301  1.00736878  1.00234744  0.99847607  1.00019698
  1.00421712  1.00267035  1.00389155  1.00130938 -0.01776872  1.00004417
  1.00154721  1.0010501   0.99833881  0.99720911  0.99946722  1.00155923
  1.00285033  1.00161189  1.00278681  0.99929627  1.00000665  1.00498264
  1.00387112  1.00326187  1.00102667  0.99555042  1.00306224  0.99666653
  0.99313193  0.99968402  0.99338937  1.00610764  1.00353604  1.00513093
  0.99868232  1.00143419  1.00377718  1.00043735  0.99917255  1.0013491
  0.99826762  1.00002971  1.00297488  0.99828484  1.00158434  1.00196268
  1.0042476   1.00251303  1.00354576  0.99218071  0.99786676  1.00457298
  1.00089386  1.00222208  0.99786676  0.9971632   1.0048126   1.00528445
  1.0035201   1.00714967  1.00538328  1.00205353  1.00314357  1.00057676
  1.0036892   1.00567848  1.00093691  1.00425786  1.0010587   1.0057927
  1.00158098  0.99836186  1.00507743  1.0078386   1.00354761  1.00424186
  1.00169613  0.99842942 -0.00903156  1.00168877  1.0017423   0.99885719
  1.00325778  1.00371007  1.00196326  0.99874451  0.99617379  1.00702637
  1.00515022  1.00122873  1.00215159  1.00393291  1.00239813  1.00112972
  0.99744175  1.00261638  0.99810375  1.00128039  1.00140238  1.00446948
  1.00697344  0.99906673 -0.01614427  0.9934403   1.00295509  0.99762564
  0.99539352  1.00614467  1.00389971  0.99463638  1.00284755  0.99909151
  1.00682935  1.00099726  1.00362495  1.00406108  0.99622021  1.00040518
  1.00280954  1.00561348  1.00568928  1.00448521  1.00429327  1.00154027
  1.00125206  1.01121599  1.00416633  1.00895684  1.00245639  1.00285425
 -0.01685556  1.00173523  1.00839131  1.005508    0.9984398   1.00114945
  0.99929545  1.00008269  0.99798948  1.007045    0.9993355   1.00334216
  1.00635586  1.00118175  0.99562561  1.00481693  1.00506908  1.00474812
  1.00570746  1.0045083   0.99838542  1.00702599  0.99328835  0.9948739
  1.00478136  1.00007965  0.99242696  1.00141423  1.00360046 -0.00912289
  1.00755351  1.00533612  1.00002825  0.99254305  1.00025362  1.00077476
  1.00023671  1.001114    1.00322318  0.996275    1.00409784  1.00012383
  0.99888185  1.00355736  1.00627415  0.99563555  0.99883752  1.00258727
  1.00569235  1.00536587  1.00637506  1.00102136  1.00405813 -0.01245464
  1.00038929  1.00109056  0.99697359 -0.00860916  1.00485721  1.00478672
  1.00229564  1.00239012  1.00432978  1.00281242  1.0063134   1.00633868
  1.00772015  0.99610182  0.99526407  0.99823876  0.99979445  1.00255454
  1.00812138  1.00391489  1.00395164  1.0033303   0.99926669  1.00118941
 -0.01151942  1.000